pccLatency2 rtt_400ms_bdw_400Kbps
pccLatency2 pccLoss tensor(3.8763, device='cuda:0') 0.000334 0.001816 0.008340 0.144155 0.000342 0.049460 0.006612 0.027356 0.000639 0.003532 0.002790 0.004918 0.026644 0.000251 0.722810
pccLatency2 pccLoss tensor(3.3862, device='cuda:0') 0.000181 0.001647 0.004713 0.075202 0.000230 0.025145 0.003918 0.014277 0.000436 0.002505 0.002051 0.003299 0.036192 0.000289 0.829913
pccLatency2 pccLoss tensor(2.2140, device='cuda:0') 0.000218 0.002339 0.011744 0.042428 0.000213 0.017601 0.009519 0.021764 0.000335 0.001315 0.001884 0.003733 0.033022 0.001039 0.852845
pccLatency2 pccLoss tensor(2.6894, device='cuda:0') 0.000598 0.002850 0.034721 0.027393 0.000365 0.093413 0.031491 0.106933 0.000528 0.001827 0.002640 0.004556 0.034710 0.002944 0.655030
pccLatency2 pccLoss tensor(2.5109, device='cuda:0') 0.000121 0.001550 0.004144 0.004839 0.000105 0.008658 0.004976 0.009636 0.000176 0.000702 0.001008 0.001004 0.101992 0.003692 0.857395
pccLatency2 pccLoss tensor(2.4041, device='cuda:0') 0.000460 0.002778 0.027602 0.021809 0.000304 0.067320 0.025848 0.076602 0.000454 0.001595 0.002281 0.003846 0.041287 0.003138 0.724674
pccLatency2 pccLoss tensor(2.3764, device='cuda:0') 0.000131 0.001662 0.004877 0.005342 0.000101 0.009658 0.005426 0.010923 0.000182 0.000722 0.001125 0.001110 0.089966 0.003438 0.865336
pccLatency2 pccLoss tensor(3.6484, device='cuda:0') 0.000090 0.001147 0.002099 0.002935 0.000133 0.005747 0.003615 0.005948 0.000156 0.000629 0.000620 0.000642 0.180812 0.005569 0.789860
pccLatency2 pccLoss tensor(2.6608, device='cuda:0') 0.000116 0.001484 0.003769 0.004504 0.000110 0.008214 0.004786 0.009061 0.000174 0.000693 0.000939 0.000943 0.111700 0.003965 0.849542
pccLatency2 pccLoss tensor(2.2074, device='cuda:0') 0.000236 0.002374 0.012630 0.044274 0.000224 0.019562 0.010193 0.024221 0.000350 0.001369 0.001974 0.003894 0.032456 0.001061 0.845182