pccLatency3 rtt_400ms_bdw_400Kbps
pccLatency3 pccLoss tensor(2.7945, device='cuda:0') 0.000652 0.002861 0.037149 0.030071 0.000386 0.101873 0.033154 0.118005 0.000552 0.001902 0.002784 0.004835 0.032288 0.002825 0.630665
pccLatency3 pccLoss tensor(3.8551, device='cuda:0') 0.000320 0.001804 0.007964 0.141009 0.000333 0.046325 0.006312 0.025773 0.000624 0.003456 0.002745 0.004811 0.027055 0.000249 0.731220
pccLatency3 pccLoss tensor(3.8053, device='cuda:0') 0.000087 0.001103 0.001926 0.002742 0.000137 0.005467 0.003480 0.005612 0.000154 0.000620 0.000582 0.000606 0.194271 0.005897 0.777317
pccLatency3 pccLoss tensor(3.2238, device='cuda:0') 0.000800 0.002841 0.044399 0.028033 0.000424 0.134920 0.039943 0.157051 0.000591 0.001974 0.002948 0.004957 0.029361 0.003170 0.548588
pccLatency3 pccLoss tensor(2.0992, device='cuda:0') 0.000246 0.002383 0.012838 0.034761 0.000210 0.018750 0.010587 0.024962 0.000331 0.001254 0.001981 0.003533 0.036012 0.001380 0.850771
pccLatency3 pccLoss tensor(2.6425, device='cuda:0') 0.000579 0.002849 0.033829 0.027470 0.000359 0.089361 0.030665 0.102352 0.000521 0.001809 0.002606 0.004526 0.035060 0.002900 0.665115
pccLatency3 pccLoss tensor(3.3309, device='cuda:0') 0.000182 0.001644 0.004730 0.071520 0.000228 0.025450 0.003960 0.014472 0.000432 0.002478 0.002044 0.003230 0.037094 0.000303 0.832235
pccLatency3 pccLoss tensor(2.1056, device='cuda:0') 0.000165 0.001893 0.007158 0.008112 0.000121 0.013635 0.007311 0.015815 0.000218 0.000847 0.001350 0.001523 0.071115 0.002986 0.867753
pccLatency3 pccLoss tensor(2.4041, device='cuda:0') 0.000450 0.002761 0.027027 0.020654 0.000298 0.066666 0.025549 0.075102 0.000448 0.001574 0.002236 0.003731 0.042480 0.003227 0.727798
pccLatency3 pccLoss tensor(2.1445, device='cuda:0') 0.000254 0.002386 0.013482 0.040659 0.000228 0.022275 0.011054 0.027324 0.000357 0.001389 0.002020 0.003830 0.033863 0.001195 0.839684

