_ws.col.Time,frame.len,ip.src,tcp.srcport,ip.dst,tcp.dstport,tcp.len,tcp.seq_raw,tcp.ack_raw,tcp.options.timestamp.tsval,tcp.options.timestamp.tsecr
"18:27:35.629230","60","47.76.60.27","80","100.64.0.2","33348","0","2469004340","2303372900","948752864","3515645962"
"18:27:35.790743","52","47.76.60.27","80","100.64.0.2","33348","0","2469004341","2303373046","948753025","3515646117"
"18:27:35.790824","1500","47.76.60.27","80","100.64.0.2","33348","1448","2469004341","2303373046","948753025","3515646117"
"18:27:35.790834","1500","47.76.60.27","80","100.64.0.2","33348","1448","2469005789","2303373046","948753025","3515646117"
"18:27:35.790842","1500","47.76.60.27","80","100.64.0.2","33348","1448","2469007237","2303373046","948753025","3515646117"
"18:27:35.790848","1500","47.76.60.27","80","100.64.0.2","33348","1448","2469008685","2303373046","948753025","3515646117"
"18:27:35.790856","1500","47.76.60.27","80","100.64.0.2","33348","1448","2469010133","2303373046","948753025","3515646117"
"18:27:35.790863","1500","47.76.60.27","80","100.64.0.2","33348","1448","2469011581","2303373046","948753025","3515646117"
"18:27:35.790870","1500","47.76.60.27","80","100.64.0.2","33348","1448","2469013029","2303373046","948753025","3515646117"
"18:27:35.790877","1500","47.76.60.27","80","100.64.0.2","33348","1448","2469014477","2303373046","948753025","3515646117"
"18:27:35.790885","1500","47.76.60.27","80","100.64.0.2","33348","1448","2469015925","2303373046","948753025","3515646117"
"18:27:35.790892","1500","47.76.60.27","80","100.64.0.2","33348","1448","2469017373","2303373046","948753025","3515646117"
"18:27:35.796430","1500","47.76.60.27","80","100.64.0.2","33348","1448","2469018821","2303373046","948753031","3515646117"
"18:27:35.796466","1500","47.76.60.27","80","100.64.0.2","33348","1448","2469020269","2303373046","948753031","3515646117"
"18:27:35.802091","1500","47.76.60.27","80","100.64.0.2","33348","1448","2469021717","2303373046","948753037","3515646117"
"18:27:35.802102","1500","47.76.60.27","80","100.64.0.2","33348","1448","2469023165","2303373046","948753037","3515646117"
"18:27:35.807945","1500","47.76.60.27","80","100.64.0.2","33348","1448","2469024613","2303373046","948753042","3515646117"
"18:27:35.807956","1500","47.76.60.27","80","100.64.0.2","33348","1448","2469026061","2303373046","948753042","3515646117"
"18:27:35.814109","1500","47.76.60.27","80","100.64.0.2","33348","1448","2469027509","2303373046","948753048","3515646117"
"18:27:35.814199","1500","47.76.60.27","80","100.64.0.2","33348","1448","2469028957","2303373046","948753048","3515646117"
"18:27:35.819593","1500","47.76.60.27","80","100.64.0.2","33348","1448","2469030405","2303373046","948753054","3515646117"
"18:27:35.819624","1500","47.76.60.27","80","100.64.0.2","33348","1448","2469031853","2303373046","948753054","3515646117"
"18:27:35.825458","1500","47.76.60.27","80","100.64.0.2","33348","1448","2469033301","2303373046","948753060","3515646117"
"18:27:35.825473","1500","47.76.60.27","80","100.64.0.2","33348","1448","2469034749","2303373046","948753060","3515646117"
"18:27:35.831176","1500","47.76.60.27","80","100.64.0.2","33348","1448","2469036197","2303373046","948753066","3515646117"
"18:27:35.831187","1500","47.76.60.27","80","100.64.0.2","33348","1448","2469037645","2303373046","948753066","3515646117"
"18:27:35.849354","1500","47.76.60.27","80","100.64.0.2","33348","1448","2469039093","2303373046","948753072","3515646117"
"18:27:35.849365","1500","47.76.60.27","80","100.64.0.2","33348","1448","2469040541","2303373046","948753072","3515646117"
"18:27:35.849369","1500","47.76.60.27","80","100.64.0.2","33348","1448","2469041989","2303373046","948753077","3515646117"
"18:27:35.849374","1500","47.76.60.27","80","100.64.0.2","33348","1448","2469043437","2303373046","948753077","3515646117"
"18:27:35.849383","1500","47.76.60.27","80","100.64.0.2","33348","1448","2469044885","2303373046","948753083","3515646117"
"18:27:35.849388","1500","47.76.60.27","80","100.64.0.2","33348","1448","2469046333","2303373046","948753083","3515646117"
"18:27:35.854440","1500","47.76.60.27","80","100.64.0.2","33348","1448","2469047781","2303373046","948753089","3515646117"
"18:27:35.854449","1500","47.76.60.27","80","100.64.0.2","33348","1448","2469049229","2303373046","948753089","3515646117"
"18:27:35.860267","1500","47.76.60.27","80","100.64.0.2","33348","1448","2469050677","2303373046","948753095","3515646117"
"18:27:35.860353","1500","47.76.60.27","80","100.64.0.2","33348","1448","2469052125","2303373046","948753095","3515646117"
"18:27:35.866110","1500","47.76.60.27","80","100.64.0.2","33348","1448","2469053573","2303373046","948753101","3515646117"
"18:27:35.866129","1500","47.76.60.27","80","100.64.0.2","33348","1448","2469055021","2303373046","948753101","3515646117"
"18:27:35.871869","1500","47.76.60.27","80","100.64.0.2","33348","1448","2469056469","2303373046","948753106","3515646117"
"18:27:35.871880","1500","47.76.60.27","80","100.64.0.2","33348","1448","2469057917","2303373046","948753106","3515646117"
"18:27:35.877712","1500","47.76.60.27","80","100.64.0.2","33348","1448","2469059365","2303373046","948753112","3515646117"
"18:27:35.877721","1500","47.76.60.27","80","100.64.0.2","33348","1448","2469060813","2303373046","948753112","3515646117"
"18:27:35.883527","1500","47.76.60.27","80","100.64.0.2","33348","1448","2469062261","2303373046","948753118","3515646117"
"18:27:35.883541","1500","47.76.60.27","80","100.64.0.2","33348","1448","2469063709","2303373046","948753118","3515646117"
"18:27:35.889339","1500","47.76.60.27","80","100.64.0.2","33348","1448","2469065157","2303373046","948753124","3515646117"
"18:27:35.889350","1500","47.76.60.27","80","100.64.0.2","33348","1448","2469066605","2303373046","948753124","3515646117"
"18:27:35.969334","1500","47.76.60.27","80","100.64.0.2","33348","1448","2469068053","2303373046","948753204","3515646298"
"18:27:35.969346","1500","47.76.60.27","80","100.64.0.2","33348","1448","2469069501","2303373046","948753204","3515646298"
"18:27:35.972203","1500","47.76.60.27","80","100.64.0.2","33348","1448","2469070949","2303373046","948753207","3515646298"
"18:27:35.972212","1500","47.76.60.27","80","100.64.0.2","33348","1448","2469072397","2303373046","948753207","3515646298"
"18:27:35.988605","1500","47.76.60.27","80","100.64.0.2","33348","1448","2469073845","2303373046","948753223","3515646317"
"18:27:35.988642","1500","47.76.60.27","80","100.64.0.2","33348","1448","2469075293","2303373046","948753223","3515646317"
"18:27:36.008887","1500","47.76.60.27","80","100.64.0.2","33348","1448","2469076741","2303373046","948753243","3515646337"
"18:27:36.008898","1500","47.76.60.27","80","100.64.0.2","33348","1448","2469078189","2303373046","948753243","3515646337"
"18:27:36.012036","1500","47.76.60.27","80","100.64.0.2","33348","1448","2469079637","2303373046","948753247","3515646337"
"18:27:36.012052","1500","47.76.60.27","80","100.64.0.2","33348","1448","2469081085","2303373046","948753247","3515646337"
"18:27:36.029077","1500","47.76.60.27","80","100.64.0.2","33348","1448","2469082533","2303373046","948753264","3515646358"
"18:27:36.029093","1500","47.76.60.27","80","100.64.0.2","33348","1448","2469083981","2303373046","948753264","3515646358"
"18:27:36.049085","1500","47.76.60.27","80","100.64.0.2","33348","1448","2469085429","2303373046","948753284","3515646377"
"18:27:36.049097","1500","47.76.60.27","80","100.64.0.2","33348","1448","2469086877","2303373046","948753284","3515646377"
"18:27:36.051833","1500","47.76.60.27","80","100.64.0.2","33348","1448","2469088325","2303373046","948753286","3515646377"
"18:27:36.051842","1500","47.76.60.27","80","100.64.0.2","33348","1448","2469089773","2303373046","948753286","3515646377"
"18:27:36.068853","1500","47.76.60.27","80","100.64.0.2","33348","1448","2469091221","2303373046","948753303","3515646397"
"18:27:36.068865","1500","47.76.60.27","80","100.64.0.2","33348","1448","2469092669","2303373046","948753303","3515646397"
"18:27:36.088856","1500","47.76.60.27","80","100.64.0.2","33348","1448","2469094117","2303373046","948753323","3515646417"
"18:27:36.088870","1500","47.76.60.27","80","100.64.0.2","33348","1448","2469095565","2303373046","948753323","3515646417"
"18:27:36.091673","1500","47.76.60.27","80","100.64.0.2","33348","1448","2469097013","2303373046","948753326","3515646417"
"18:27:36.091702","1500","47.76.60.27","80","100.64.0.2","33348","1448","2469098461","2303373046","948753326","3515646417"
"18:27:36.108938","1500","47.76.60.27","80","100.64.0.2","33348","1448","2469099909","2303373046","948753343","3515646437"
"18:27:36.108954","1500","47.76.60.27","80","100.64.0.2","33348","1448","2469101357","2303373046","948753343","3515646437"
"18:27:36.139134","1500","47.76.60.27","80","100.64.0.2","33348","1448","2469102805","2303373046","948753363","3515646457"
"18:27:36.139147","428","47.76.60.27","80","100.64.0.2","33348","376","2469104253","2303373046","948753363","3515646457"
"18:27:36.185386","1500","47.76.60.27","80","100.64.0.2","33348","1448","2469015925","2303373046","948753420","3515646498"
"18:27:36.448879","1500","47.76.60.27","80","100.64.0.2","33348","1448","2469017373","2303373046","948753683","3515646777"
"18:27:36.450179","1500","47.76.60.27","80","100.64.0.2","33348","1448","2469104629","2303373046","948753685","3515646777"
"18:27:36.450188","1500","47.76.60.27","80","100.64.0.2","33348","1448","2469106077","2303373046","948753685","3515646777"
"18:27:36.455734","1124","47.76.60.27","80","100.64.0.2","33348","1072","2469107525","2303373046","948753690","3515646777"
"18:27:36.609013","1500","47.76.60.27","80","100.64.0.2","33348","1448","2469018821","2303373046","948753843","3515646937"
"18:27:36.610375","1500","47.76.60.27","80","100.64.0.2","33348","1448","2469108597","2303373046","948753845","3515646937"
"18:27:36.610384","1500","47.76.60.27","80","100.64.0.2","33348","1448","2469110045","2303373046","948753845","3515646937"
"18:27:36.615877","1500","47.76.60.27","80","100.64.0.2","33348","1448","2469111493","2303373046","948753850","3515646937"
"18:27:36.769090","1500","47.76.60.27","80","100.64.0.2","33348","1448","2469020269","2303373046","948754004","3515647097"
"18:27:36.770476","1500","47.76.60.27","80","100.64.0.2","33348","1448","2469112941","2303373046","948754005","3515647097"
"18:27:36.770492","1500","47.76.60.27","80","100.64.0.2","33348","1448","2469114389","2303373046","948754005","3515647097"
"18:27:36.776157","1500","47.76.60.27","80","100.64.0.2","33348","1448","2469115837","2303373046","948754011","3515647097"
"18:27:36.928652","1500","47.76.60.27","80","100.64.0.2","33348","1448","2469021717","2303373046","948754163","3515647257"
"18:27:36.930006","1500","47.76.60.27","80","100.64.0.2","33348","1448","2469117285","2303373046","948754165","3515647257"
"18:27:36.930015","1500","47.76.60.27","80","100.64.0.2","33348","1448","2469118733","2303373046","948754165","3515647257"
"18:27:36.935535","1500","47.76.60.27","80","100.64.0.2","33348","1448","2469120181","2303373046","948754170","3515647257"
"18:27:37.089903","1500","47.76.60.27","80","100.64.0.2","33348","1448","2469023165","2303373046","948754324","3515647418"
"18:27:37.091313","1500","47.76.60.27","80","100.64.0.2","33348","1448","2469121629","2303373046","948754326","3515647418"
"18:27:37.091324","1500","47.76.60.27","80","100.64.0.2","33348","1448","2469123077","2303373046","948754326","3515647418"
"18:27:37.097126","1500","47.76.60.27","80","100.64.0.2","33348","1448","2469124525","2303373046","948754332","3515647418"
"18:27:37.249376","1500","47.76.60.27","80","100.64.0.2","33348","1448","2469024613","2303373046","948754484","3515647577"
"18:27:37.250859","1500","47.76.60.27","80","100.64.0.2","33348","1448","2469125973","2303373046","948754485","3515647577"
"18:27:37.250869","1500","47.76.60.27","80","100.64.0.2","33348","1448","2469127421","2303373046","948754485","3515647577"
"18:27:37.256642","1500","47.76.60.27","80","100.64.0.2","33348","1448","2469128869","2303373046","948754491","3515647577"
"18:27:37.408953","1500","47.76.60.27","80","100.64.0.2","33348","1448","2469026061","2303373046","948754643","3515647738"
"18:27:37.410363","1500","47.76.60.27","80","100.64.0.2","33348","1448","2469130317","2303373046","948754645","3515647738"
"18:27:37.410376","1500","47.76.60.27","80","100.64.0.2","33348","1448","2469131765","2303373046","948754645","3515647738"
"18:27:37.416267","1500","47.76.60.27","80","100.64.0.2","33348","1448","2469133213","2303373046","948754651","3515647738"
"18:27:37.568529","1500","47.76.60.27","80","100.64.0.2","33348","1448","2469027509","2303373046","948754803","3515647897"
"18:27:37.569957","1500","47.76.60.27","80","100.64.0.2","33348","1448","2469134661","2303373046","948754804","3515647897"
"18:27:37.569966","1500","47.76.60.27","80","100.64.0.2","33348","1448","2469136109","2303373046","948754804","3515647897"
"18:27:37.575770","1500","47.76.60.27","80","100.64.0.2","33348","1448","2469137557","2303373046","948754810","3515647897"
"18:27:37.729060","1500","47.76.60.27","80","100.64.0.2","33348","1448","2469028957","2303373046","948754964","3515648057"
"18:27:37.730454","1500","47.76.60.27","80","100.64.0.2","33348","1448","2469139005","2303373046","948754965","3515648057"
"18:27:37.733389","1500","47.76.60.27","80","100.64.0.2","33348","1448","2469140453","2303373046","948754968","3515648057"
"18:27:37.733400","1500","47.76.60.27","80","100.64.0.2","33348","1448","2469141901","2303373046","948754968","3515648057"
"18:27:37.888680","1500","47.76.60.27","80","100.64.0.2","33348","1448","2469031853","2303373046","948755123","3515648218"
"18:27:37.890045","1500","47.76.60.27","80","100.64.0.2","33348","1448","2469143349","2303373046","948755125","3515648218"
"18:27:37.890061","1500","47.76.60.27","80","100.64.0.2","33348","1448","2469144797","2303373046","948755125","3515648218"
"18:27:37.895895","1500","47.76.60.27","80","100.64.0.2","33348","1448","2469146245","2303373046","948755130","3515648218"
"18:27:37.895908","1500","47.76.60.27","80","100.64.0.2","33348","1448","2469147693","2303373046","948755130","3515648218"
"18:27:38.049275","1500","47.76.60.27","80","100.64.0.2","33348","1448","2469033301","2303373046","948755284","3515648377"
"18:27:38.050708","1500","47.76.60.27","80","100.64.0.2","33348","1448","2469149141","2303373046","948755285","3515648377"
"18:27:38.050717","1500","47.76.60.27","80","100.64.0.2","33348","1448","2469150589","2303373046","948755285","3515648377"
"18:27:38.056520","1500","47.76.60.27","80","100.64.0.2","33348","1448","2469152037","2303373046","948755291","3515648377"
"18:27:38.209837","1500","47.76.60.27","80","100.64.0.2","33348","1448","2469034749","2303373046","948755444","3515648538"
"18:27:38.211298","1500","47.76.60.27","80","100.64.0.2","33348","1448","2469153485","2303373046","948755446","3515648538"
"18:27:38.211307","1500","47.76.60.27","80","100.64.0.2","33348","1448","2469154933","2303373046","948755446","3515648538"
"18:27:38.217124","1500","47.76.60.27","80","100.64.0.2","33348","1448","2469156381","2303373046","948755452","3515648538"
"18:27:38.369300","1500","47.76.60.27","80","100.64.0.2","33348","1448","2469036197","2303373046","948755604","3515648697"
"18:27:38.370770","1500","47.76.60.27","80","100.64.0.2","33348","1448","2469157829","2303373046","948755605","3515648697"
"18:27:38.370783","1500","47.76.60.27","80","100.64.0.2","33348","1448","2469159277","2303373046","948755605","3515648697"
"18:27:38.376510","1500","47.76.60.27","80","100.64.0.2","33348","1448","2469160725","2303373046","948755611","3515648697"
"18:27:38.529801","1500","47.76.60.27","80","100.64.0.2","33348","1448","2469037645","2303373046","948755764","3515648858"
"18:27:38.531206","1500","47.76.60.27","80","100.64.0.2","33348","1448","2469162173","2303373046","948755766","3515648858"
"18:27:38.531215","1500","47.76.60.27","80","100.64.0.2","33348","1448","2469163621","2303373046","948755766","3515648858"
"18:27:38.537021","1500","47.76.60.27","80","100.64.0.2","33348","1448","2469165069","2303373046","948755772","3515648858"
"18:27:38.689329","1500","47.76.60.27","80","100.64.0.2","33348","1448","2469040541","2303373046","948755924","3515649017"
"18:27:38.690837","1500","47.76.60.27","80","100.64.0.2","33348","1448","2469166517","2303373046","948755925","3515649017"
"18:27:38.690846","1500","47.76.60.27","80","100.64.0.2","33348","1448","2469167965","2303373046","948755925","3515649017"
"18:27:38.696572","1500","47.76.60.27","80","100.64.0.2","33348","1448","2469169413","2303373046","948755931","3515649017"
"18:27:38.696581","1500","47.76.60.27","80","100.64.0.2","33348","1448","2469170861","2303373046","948755931","3515649017"
"18:27:38.848895","1500","47.76.60.27","80","100.64.0.2","33348","1448","2469041989","2303373046","948756083","3515649178"
"18:27:38.850308","1500","47.76.60.27","80","100.64.0.2","33348","1448","2469172309","2303373046","948756085","3515649178"
"18:27:38.850317","1500","47.76.60.27","80","100.64.0.2","33348","1448","2469173757","2303373046","948756085","3515649178"
"18:27:38.856109","1500","47.76.60.27","80","100.64.0.2","33348","1448","2469175205","2303373046","948756091","3515649178"
"18:27:39.009449","1500","47.76.60.27","80","100.64.0.2","33348","1448","2469043437","2303373046","948756244","3515649337"
"18:27:39.010719","1500","47.76.60.27","80","100.64.0.2","33348","1448","2469176653","2303373046","948756245","3515649337"
"18:27:39.010728","1500","47.76.60.27","80","100.64.0.2","33348","1448","2469178101","2303373046","948756245","3515649337"
"18:27:39.015977","1500","47.76.60.27","80","100.64.0.2","33348","1448","2469179549","2303373046","948756251","3515649337"
"18:27:39.169143","1500","47.76.60.27","80","100.64.0.2","33348","1448","2469044885","2303373046","948756404","3515649497"
"18:27:39.170414","1500","47.76.60.27","80","100.64.0.2","33348","1448","2469180997","2303373046","948756405","3515649497"
"18:27:39.170424","1500","47.76.60.27","80","100.64.0.2","33348","1448","2469182445","2303373046","948756405","3515649497"
"18:27:39.175689","1500","47.76.60.27","80","100.64.0.2","33348","1448","2469183893","2303373046","948756410","3515649497"
"18:27:39.328803","1500","47.76.60.27","80","100.64.0.2","33348","1448","2469046333","2303373046","948756563","3515649658"
"18:27:39.330077","1500","47.76.60.27","80","100.64.0.2","33348","1448","2469185341","2303373046","948756565","3515649658"
"18:27:39.330085","1500","47.76.60.27","80","100.64.0.2","33348","1448","2469186789","2303373046","948756565","3515649658"
"18:27:39.335349","1500","47.76.60.27","80","100.64.0.2","33348","1448","2469188237","2303373046","948756570","3515649658"
"18:27:39.488519","1500","47.76.60.27","80","100.64.0.2","33348","1448","2469047781","2303373046","948756723","3515649817"
"18:27:39.489793","1500","47.76.60.27","80","100.64.0.2","33348","1448","2469189685","2303373046","948756724","3515649817"
"18:27:39.489803","1500","47.76.60.27","80","100.64.0.2","33348","1448","2469191133","2303373046","948756724","3515649817"
"18:27:39.495043","1500","47.76.60.27","80","100.64.0.2","33348","1448","2469192581","2303373046","948756730","3515649817"
"18:27:39.649298","1500","47.76.60.27","80","100.64.0.2","33348","1448","2469049229","2303373046","948756884","3515649977"
"18:27:39.650612","1500","47.76.60.27","80","100.64.0.2","33348","1448","2469194029","2303373046","948756885","3515649977"
"18:27:39.650621","1500","47.76.60.27","80","100.64.0.2","33348","1448","2469195477","2303373046","948756885","3515649977"
"18:27:39.655846","1500","47.76.60.27","80","100.64.0.2","33348","1448","2469196925","2303373046","948756890","3515649977"
"18:27:39.809701","1500","47.76.60.27","80","100.64.0.2","33348","1448","2469052125","2303373046","948757044","3515650137"
"18:27:39.810961","1500","47.76.60.27","80","100.64.0.2","33348","1448","2469198373","2303373046","948757045","3515650137"
"18:27:39.810970","1500","47.76.60.27","80","100.64.0.2","33348","1448","2469199821","2303373046","948757045","3515650137"
"18:27:39.816194","1500","47.76.60.27","80","100.64.0.2","33348","1448","2469201269","2303373046","948757051","3515650137"
"18:27:39.816203","1500","47.76.60.27","80","100.64.0.2","33348","1448","2469202717","2303373046","948757051","3515650137"
"18:27:39.969614","1500","47.76.60.27","80","100.64.0.2","33348","1448","2469053573","2303373046","948757204","3515650297"
"18:27:39.970866","1500","47.76.60.27","80","100.64.0.2","33348","1448","2469204165","2303373046","948757205","3515650297"
"18:27:39.970876","1500","47.76.60.27","80","100.64.0.2","33348","1448","2469205613","2303373046","948757205","3515650297"
"18:27:39.976172","1500","47.76.60.27","80","100.64.0.2","33348","1448","2469207061","2303373046","948757211","3515650297"
"18:27:40.128588","1500","47.76.60.27","80","100.64.0.2","33348","1448","2469055021","2303373046","948757363","3515650457"
"18:27:40.129877","1500","47.76.60.27","80","100.64.0.2","33348","1448","2469208509","2303373046","948757364","3515650457"
"18:27:40.129886","1500","47.76.60.27","80","100.64.0.2","33348","1448","2469209957","2303373046","948757364","3515650457"
"18:27:40.135153","1500","47.76.60.27","80","100.64.0.2","33348","1448","2469211405","2303373046","948757370","3515650457"
"18:27:40.305496","1500","47.76.60.27","80","100.64.0.2","33348","1448","2469056469","2303373046","948757540","3515650617"
"18:27:40.306772","1500","47.76.60.27","80","100.64.0.2","33348","1448","2469212853","2303373046","948757541","3515650617"
"18:27:40.306781","1500","47.76.60.27","80","100.64.0.2","33348","1448","2469214301","2303373046","948757541","3515650617"
"18:27:40.312061","1500","47.76.60.27","80","100.64.0.2","33348","1448","2469215749","2303373046","948757547","3515650637"
"18:27:40.469381","1500","47.76.60.27","80","100.64.0.2","33348","1448","2469057917","2303373046","948757704","3515650797"
"18:27:40.470658","1500","47.76.60.27","80","100.64.0.2","33348","1448","2469217197","2303373046","948757705","3515650797"
"18:27:40.470667","1500","47.76.60.27","80","100.64.0.2","33348","1448","2469218645","2303373046","948757705","3515650797"
"18:27:40.475933","1500","47.76.60.27","80","100.64.0.2","33348","1448","2469220093","2303373046","948757710","3515650797"
"18:27:40.629078","1500","47.76.60.27","80","100.64.0.2","33348","1448","2469060813","2303373046","948757864","3515650957"
"18:27:40.630370","1500","47.76.60.27","80","100.64.0.2","33348","1448","2469221541","2303373046","948757865","3515650957"
"18:27:40.630379","1500","47.76.60.27","80","100.64.0.2","33348","1448","2469222989","2303373046","948757865","3515650957"
"18:27:40.635633","1500","47.76.60.27","80","100.64.0.2","33348","1448","2469224437","2303373046","948757870","3515650957"
"18:27:40.635642","1500","47.76.60.27","80","100.64.0.2","33348","1448","2469225885","2303373046","948757870","3515650957"
"18:27:40.788777","1500","47.76.60.27","80","100.64.0.2","33348","1448","2469062261","2303373046","948758023","3515651118"
"18:27:40.789005","1500","47.76.60.27","80","100.64.0.2","33348","1448","2469227333","2303373046","948758025","3515651118"
"18:27:40.790076","1500","47.76.60.27","80","100.64.0.2","33348","1448","2469228781","2303373046","948758025","3515651118"
"18:27:40.795309","1500","47.76.60.27","80","100.64.0.2","33348","1448","2469230229","2303373046","948758030","3515651118"
"18:27:40.948714","1500","47.76.60.27","80","100.64.0.2","33348","1448","2469063709","2303373046","948758183","3515651277"
"18:27:40.950152","1500","47.76.60.27","80","100.64.0.2","33348","1448","2469231677","2303373046","948758185","3515651277"
"18:27:40.950161","1500","47.76.60.27","80","100.64.0.2","33348","1448","2469233125","2303373046","948758185","3515651277"
"18:27:40.955925","1500","47.76.60.27","80","100.64.0.2","33348","1448","2469234573","2303373046","948758190","3515651277"
"18:27:41.109210","1500","47.76.60.27","80","100.64.0.2","33348","1448","2469065157","2303373046","948758344","3515651437"
"18:27:41.110648","1500","47.76.60.27","80","100.64.0.2","33348","1448","2469236021","2303373046","948758345","3515651437"
"18:27:41.110658","1500","47.76.60.27","80","100.64.0.2","33348","1448","2469237469","2303373046","948758345","3515651437"
"18:27:41.116419","1500","47.76.60.27","80","100.64.0.2","33348","1448","2469238917","2303373046","948758351","3515651437"
"18:27:41.269678","1500","47.76.60.27","80","100.64.0.2","33348","1448","2469066605","2303373046","948758504","3515651598"
"18:27:41.271076","1500","47.76.60.27","80","100.64.0.2","33348","1448","2469240365","2303373046","948758506","3515651598"
"18:27:41.271085","1500","47.76.60.27","80","100.64.0.2","33348","1448","2469241813","2303373046","948758506","3515651598"
"18:27:41.276914","1500","47.76.60.27","80","100.64.0.2","33348","1448","2469243261","2303373046","948758511","3515651598"
"18:27:41.429354","1500","47.76.60.27","80","100.64.0.2","33348","1448","2469075293","2303373046","948758664","3515651757"
"18:27:41.430744","1500","47.76.60.27","80","100.64.0.2","33348","1448","2469244709","2303373046","948758665","3515651757"
"18:27:41.430756","1500","47.76.60.27","80","100.64.0.2","33348","1448","2469246157","2303373046","948758665","3515651757"
"18:27:41.436535","1500","47.76.60.27","80","100.64.0.2","33348","1448","2469247605","2303373046","948758671","3515651757"
"18:27:41.436545","1500","47.76.60.27","80","100.64.0.2","33348","1448","2469249053","2303373046","948758671","3515651757"
"18:27:41.442328","1500","47.76.60.27","80","100.64.0.2","33348","1448","2469250501","2303373046","948758677","3515651757"
"18:27:41.442337","1500","47.76.60.27","80","100.64.0.2","33348","1448","2469251949","2303373046","948758677","3515651757"
"18:27:41.448167","1500","47.76.60.27","80","100.64.0.2","33348","1448","2469253397","2303373046","948758683","3515651757"
"18:27:41.448176","1500","47.76.60.27","80","100.64.0.2","33348","1448","2469254845","2303373046","948758683","3515651757"
"18:27:41.588530","1500","47.76.60.27","80","100.64.0.2","33348","1448","2469078189","2303373046","948758823","3515651917"
"18:27:41.589940","1500","47.76.60.27","80","100.64.0.2","33348","1448","2469256293","2303373046","948758824","3515651917"
"18:27:41.589949","1500","47.76.60.27","80","100.64.0.2","33348","1448","2469257741","2303373046","948758824","3515651917"
"18:27:41.595768","1500","47.76.60.27","80","100.64.0.2","33348","1448","2469259189","2303373046","948758830","3515651917"
"18:27:41.595779","1500","47.76.60.27","80","100.64.0.2","33348","1448","2469260637","2303373046","948758830","3515651917"
"18:27:41.748979","1500","47.76.60.27","80","100.64.0.2","33348","1448","2469079637","2303373046","948758983","3515652077"
"18:27:41.750411","1500","47.76.60.27","80","100.64.0.2","33348","1448","2469262085","2303373046","948758985","3515652077"
"18:27:41.750423","1500","47.76.60.27","80","100.64.0.2","33348","1448","2469263533","2303373046","948758985","3515652077"
"18:27:41.756244","1500","47.76.60.27","80","100.64.0.2","33348","1448","2469264981","2303373046","948758991","3515652077"
"18:27:41.909479","1500","47.76.60.27","80","100.64.0.2","33348","1448","2469081085","2303373046","948759144","3515652237"
"18:27:41.910865","1500","47.76.60.27","80","100.64.0.2","33348","1448","2469266429","2303373046","948759145","3515652237"
"18:27:41.913786","1500","47.76.60.27","80","100.64.0.2","33348","1448","2469267877","2303373046","948759148","3515652237"
"18:27:41.913822","1500","47.76.60.27","80","100.64.0.2","33348","1448","2469269325","2303373046","948759148","3515652237"
"18:27:42.069152","1500","47.76.60.27","80","100.64.0.2","33348","1448","2469083981","2303373046","948759304","3515652397"
"18:27:42.070598","1500","47.76.60.27","80","100.64.0.2","33348","1448","2469270773","2303373046","948759305","3515652397"
"18:27:42.070606","1500","47.76.60.27","80","100.64.0.2","33348","1448","2469272221","2303373046","948759305","3515652397"
"18:27:42.076402","1500","47.76.60.27","80","100.64.0.2","33348","1448","2469273669","2303373046","948759311","3515652397"
"18:27:42.076413","1500","47.76.60.27","80","100.64.0.2","33348","1448","2469275117","2303373046","948759311","3515652397"
"18:27:42.229797","1500","47.76.60.27","80","100.64.0.2","33348","1448","2469086877","2303373046","948759464","3515652558"
"18:27:42.231219","1500","47.76.60.27","80","100.64.0.2","33348","1448","2469276565","2303373046","948759466","3515652558"
"18:27:42.231229","1500","47.76.60.27","80","100.64.0.2","33348","1448","2469278013","2303373046","948759466","3515652558"
"18:27:42.237033","1500","47.76.60.27","80","100.64.0.2","33348","1448","2469279461","2303373046","948759472","3515652558"
"18:27:42.237042","1500","47.76.60.27","80","100.64.0.2","33348","1448","2469280909","2303373046","948759472","3515652558"
"18:27:42.389246","1500","47.76.60.27","80","100.64.0.2","33348","1448","2469088325","2303373046","948759624","3515652717"
"18:27:42.390702","1500","47.76.60.27","80","100.64.0.2","33348","1448","2469282357","2303373046","948759625","3515652717"
"18:27:42.390711","1500","47.76.60.27","80","100.64.0.2","33348","1448","2469283805","2303373046","948759625","3515652717"
"18:27:42.396522","1500","47.76.60.27","80","100.64.0.2","33348","1448","2469285253","2303373046","948759631","3515652717"
"18:27:42.549665","1500","47.76.60.27","80","100.64.0.2","33348","1448","2469089773","2303373046","948759784","3515652878"
"18:27:42.551179","1500","47.76.60.27","80","100.64.0.2","33348","1448","2469286701","2303373046","948759786","3515652878"
"18:27:42.551190","1500","47.76.60.27","80","100.64.0.2","33348","1448","2469288149","2303373046","948759786","3515652878"
"18:27:42.556918","1500","47.76.60.27","80","100.64.0.2","33348","1448","2469289597","2303373046","948759791","3515652878"
"18:27:42.709266","1500","47.76.60.27","80","100.64.0.2","33348","1448","2469092669","2303373046","948759944","3515653037"
"18:27:42.710541","1500","47.76.60.27","80","100.64.0.2","33348","1448","2469291045","2303373046","948759945","3515653037"
"18:27:42.710551","1500","47.76.60.27","80","100.64.0.2","33348","1448","2469292493","2303373046","948759945","3515653037"
"18:27:42.715840","1500","47.76.60.27","80","100.64.0.2","33348","1448","2469293941","2303373046","948759950","3515653037"
"18:27:42.715850","1500","47.76.60.27","80","100.64.0.2","33348","1448","2469295389","2303373046","948759950","3515653037"
"18:27:42.869141","1500","47.76.60.27","80","100.64.0.2","33348","1448","2469095565","2303373046","948760104","3515653197"
"18:27:42.870397","1500","47.76.60.27","80","100.64.0.2","33348","1448","2469296837","2303373046","948760105","3515653197"
"18:27:42.870405","1500","47.76.60.27","80","100.64.0.2","33348","1448","2469298285","2303373046","948760105","3515653197"
"18:27:42.875707","1500","47.76.60.27","80","100.64.0.2","33348","1448","2469299733","2303373046","948760110","3515653197"
"18:27:42.875718","1500","47.76.60.27","80","100.64.0.2","33348","1448","2469301181","2303373046","948760110","3515653197"
"18:27:43.029043","1500","47.76.60.27","80","100.64.0.2","33348","1448","2469097013","2303373046","948760263","3515653358"
"18:27:43.030285","1500","47.76.60.27","80","100.64.0.2","33348","1448","2469302629","2303373046","948760265","3515653358"
"18:27:43.030295","1500","47.76.60.27","80","100.64.0.2","33348","1448","2469304077","2303373046","948760265","3515653358"
"18:27:43.035575","1500","47.76.60.27","80","100.64.0.2","33348","1448","2469305525","2303373046","948760270","3515653358"
"18:27:43.189835","1500","47.76.60.27","80","100.64.0.2","33348","1448","2469098461","2303373046","948760424","3515653518"
"18:27:43.191138","1500","47.76.60.27","80","100.64.0.2","33348","1448","2469306973","2303373046","948760426","3515653518"
"18:27:43.191147","1500","47.76.60.27","80","100.64.0.2","33348","1448","2469308421","2303373046","948760426","3515653518"
"18:27:43.196386","1500","47.76.60.27","80","100.64.0.2","33348","1448","2469309869","2303373046","948760431","3515653518"
"18:27:43.348640","1500","47.76.60.27","80","100.64.0.2","33348","1448","2469101357","2303373046","948760583","3515653678"
"18:27:43.349925","1500","47.76.60.27","80","100.64.0.2","33348","1448","2469311317","2303373046","948760584","3515653678"
"18:27:43.349935","1500","47.76.60.27","80","100.64.0.2","33348","1448","2469312765","2303373046","948760584","3515653678"
"18:27:43.355184","1500","47.76.60.27","80","100.64.0.2","33348","1448","2469314213","2303373046","948760590","3515653678"
"18:27:43.355193","1500","47.76.60.27","80","100.64.0.2","33348","1448","2469315661","2303373046","948760590","3515653678"
"18:27:43.508618","1500","47.76.60.27","80","100.64.0.2","33348","1448","2469317109","2303373046","948760743","3515653837"
"18:27:43.508630","1500","47.76.60.27","80","100.64.0.2","33348","1448","2469318557","2303373046","948760743","3515653837"
"18:27:43.511264","1500","47.76.60.27","80","100.64.0.2","33348","1448","2469320005","2303373046","948760746","3515653837"
"18:27:43.511275","1500","47.76.60.27","80","100.64.0.2","33348","1448","2469321453","2303373046","948760746","3515653837"
"18:27:43.516535","1500","47.76.60.27","80","100.64.0.2","33348","1448","2469322901","2303373046","948760751","3515653837"
"18:27:43.516545","1500","47.76.60.27","80","100.64.0.2","33348","1448","2469324349","2303373046","948760751","3515653837"
"18:27:43.521792","1500","47.76.60.27","80","100.64.0.2","33348","1448","2469325797","2303373046","948760756","3515653837"
"18:27:43.521801","1500","47.76.60.27","80","100.64.0.2","33348","1448","2469327245","2303373046","948760756","3515653837"
"18:27:43.527026","1500","47.76.60.27","80","100.64.0.2","33348","1448","2469328693","2303373046","948760762","3515653837"
"18:27:43.527069","1500","47.76.60.27","80","100.64.0.2","33348","1448","2469330141","2303373046","948760762","3515653837"
"18:27:43.532291","1500","47.76.60.27","80","100.64.0.2","33348","1448","2469331589","2303373046","948760767","3515653858"
"18:27:43.532301","1500","47.76.60.27","80","100.64.0.2","33348","1448","2469333037","2303373046","948760767","3515653858"
"18:27:43.537558","1500","47.76.60.27","80","100.64.0.2","33348","1448","2469334485","2303373046","948760772","3515653858"
"18:27:43.537567","1500","47.76.60.27","80","100.64.0.2","33348","1448","2469335933","2303373046","948760772","3515653858"
"18:27:43.542810","1500","47.76.60.27","80","100.64.0.2","33348","1448","2469337381","2303373046","948760777","3515653858"
"18:27:43.542819","1500","47.76.60.27","80","100.64.0.2","33348","1448","2469338829","2303373046","948760777","3515653858"
"18:27:43.547012","1500","47.76.60.27","80","100.64.0.2","33348","1448","2469340277","2303373046","948760783","3515653858"
"18:27:43.548058","1500","47.76.60.27","80","100.64.0.2","33348","1448","2469341725","2303373046","948760783","3515653858"
"18:27:43.553318","1500","47.76.60.27","80","100.64.0.2","33348","1448","2469343173","2303373046","948760788","3515653878"
"18:27:43.553329","1500","47.76.60.27","80","100.64.0.2","33348","1448","2469344621","2303373046","948760788","3515653878"
"18:27:43.558606","1500","47.76.60.27","80","100.64.0.2","33348","1448","2469346069","2303373046","948760793","3515653878"
"18:27:43.558615","1500","47.76.60.27","80","100.64.0.2","33348","1448","2469347517","2303373046","948760793","3515653878"
"18:27:43.563869","1500","47.76.60.27","80","100.64.0.2","33348","1448","2469348965","2303373046","948760798","3515653878"
"18:27:43.563879","1500","47.76.60.27","80","100.64.0.2","33348","1448","2469350413","2303373046","948760798","3515653878"
"18:27:43.569111","1500","47.76.60.27","80","100.64.0.2","33348","1448","2469254845","2303373046","948760804","3515653898"
"18:27:43.571794","1500","47.76.60.27","80","100.64.0.2","33348","1448","2469351861","2303373046","948760806","3515653898"
"18:27:43.571804","1500","47.76.60.27","80","100.64.0.2","33348","1448","2469353309","2303373046","948760806","3515653898"
"18:27:43.577020","1500","47.76.60.27","80","100.64.0.2","33348","1448","2469354757","2303373046","948760812","3515653898"
"18:27:43.577029","1500","47.76.60.27","80","100.64.0.2","33348","1448","2469356205","2303373046","948760812","3515653898"
"18:27:43.582284","1500","47.76.60.27","80","100.64.0.2","33348","1448","2469357653","2303373046","948760817","3515653898"
"18:27:43.582294","1500","47.76.60.27","80","100.64.0.2","33348","1448","2469359101","2303373046","948760817","3515653898"
"18:27:43.587556","1500","47.76.60.27","80","100.64.0.2","33348","1448","2469360549","2303373046","948760822","3515653898"
"18:27:43.587566","1500","47.76.60.27","80","100.64.0.2","33348","1448","2469361997","2303373046","948760822","3515653898"
"18:27:43.592824","1500","47.76.60.27","80","100.64.0.2","33348","1448","2469363445","2303373046","948760827","3515653917"
"18:27:43.592834","1500","47.76.60.27","80","100.64.0.2","33348","1448","2469364893","2303373046","948760827","3515653917"
"18:27:43.598306","1500","47.76.60.27","80","100.64.0.2","33348","1448","2469366341","2303373046","948760833","3515653917"
"18:27:43.598316","1500","47.76.60.27","80","100.64.0.2","33348","1448","2469367789","2303373046","948760833","3515653917"
"18:27:43.603861","1500","47.76.60.27","80","100.64.0.2","33348","1448","2469369237","2303373046","948760838","3515653917"
"18:27:43.603871","1500","47.76.60.27","80","100.64.0.2","33348","1448","2469370685","2303373046","948760838","3515653917"
"18:27:43.609365","1500","47.76.60.27","80","100.64.0.2","33348","1448","2469372133","2303373046","948760844","3515653917"
"18:27:43.609375","1500","47.76.60.27","80","100.64.0.2","33348","1448","2469373581","2303373046","948760844","3515653917"
"18:27:43.614847","1500","47.76.60.27","80","100.64.0.2","33348","1448","2469375029","2303373046","948760849","3515653917"
"18:27:43.614858","1500","47.76.60.27","80","100.64.0.2","33348","1448","2469376477","2303373046","948760849","3515653917"
"18:27:43.620430","1500","47.76.60.27","80","100.64.0.2","33348","1448","2469377925","2303373046","948760855","3515653917"
"18:27:43.620440","1500","47.76.60.27","80","100.64.0.2","33348","1448","2469379373","2303373046","948760855","3515653917"
"18:27:43.625914","1500","47.76.60.27","80","100.64.0.2","33348","1448","2469380821","2303373046","948760860","3515653917"
"18:27:43.625923","1500","47.76.60.27","80","100.64.0.2","33348","1448","2469382269","2303373046","948760860","3515653917"
"18:27:43.631466","1500","47.76.60.27","80","100.64.0.2","33348","1448","2469383717","2303373046","948760866","3515653917"
"18:27:43.631475","1500","47.76.60.27","80","100.64.0.2","33348","1448","2469385165","2303373046","948760866","3515653917"
"18:27:43.636994","1500","47.76.60.27","80","100.64.0.2","33348","1448","2469386613","2303373046","948760871","3515653917"
"18:27:43.637003","1500","47.76.60.27","80","100.64.0.2","33348","1448","2469388061","2303373046","948760871","3515653917"
"18:27:43.642524","1500","47.76.60.27","80","100.64.0.2","33348","1448","2469389509","2303373046","948760877","3515653917"
"18:27:43.642533","1500","47.76.60.27","80","100.64.0.2","33348","1448","2469390957","2303373046","948760877","3515653917"
"18:27:43.648023","1500","47.76.60.27","80","100.64.0.2","33348","1448","2469392405","2303373046","948760883","3515653917"
"18:27:43.648034","1500","47.76.60.27","80","100.64.0.2","33348","1448","2469393853","2303373046","948760883","3515653917"
"18:27:43.653559","1500","47.76.60.27","80","100.64.0.2","33348","1448","2469395301","2303373046","948760888","3515653917"
"18:27:43.653568","1500","47.76.60.27","80","100.64.0.2","33348","1448","2469396749","2303373046","948760888","3515653917"
"18:27:43.659041","1500","47.76.60.27","80","100.64.0.2","33348","1448","2469398197","2303373046","948760894","3515653917"
"18:27:43.659050","1500","47.76.60.27","80","100.64.0.2","33348","1448","2469399645","2303373046","948760894","3515653917"
"18:27:43.664579","1500","47.76.60.27","80","100.64.0.2","33348","1448","2469401093","2303373046","948760899","3515653917"
"18:27:43.664588","1500","47.76.60.27","80","100.64.0.2","33348","1448","2469402541","2303373046","948760899","3515653917"
"18:27:43.670147","1500","47.76.60.27","80","100.64.0.2","33348","1448","2469403989","2303373046","948760905","3515653997"
"18:27:43.670158","1500","47.76.60.27","80","100.64.0.2","33348","1448","2469405437","2303373046","948760905","3515653997"
"18:27:43.675747","1500","47.76.60.27","80","100.64.0.2","33348","1448","2469406885","2303373046","948760910","3515653997"
"18:27:43.675880","1500","47.76.60.27","80","100.64.0.2","33348","1448","2469408333","2303373046","948760910","3515653997"
"18:27:43.681177","1500","47.76.60.27","80","100.64.0.2","33348","1448","2469409781","2303373046","948760916","3515653997"
"18:27:43.681187","1500","47.76.60.27","80","100.64.0.2","33348","1448","2469411229","2303373046","948760916","3515653997"
"18:27:43.686678","1500","47.76.60.27","80","100.64.0.2","33348","1448","2469412677","2303373046","948760921","3515653997"
"18:27:43.686703","1500","47.76.60.27","80","100.64.0.2","33348","1448","2469414125","2303373046","948760921","3515653997"
"18:27:43.692216","1500","47.76.60.27","80","100.64.0.2","33348","1448","2469415573","2303373046","948760927","3515654017"
"18:27:43.692226","1500","47.76.60.27","80","100.64.0.2","33348","1448","2469417021","2303373046","948760927","3515654017"
"18:27:43.697729","1500","47.76.60.27","80","100.64.0.2","33348","1448","2469418469","2303373046","948760932","3515654017"
"18:27:43.697739","1500","47.76.60.27","80","100.64.0.2","33348","1448","2469419917","2303373046","948760932","3515654017"
"18:27:43.703283","1500","47.76.60.27","80","100.64.0.2","33348","1448","2469421365","2303373046","948760938","3515654017"
"18:27:43.703293","1500","47.76.60.27","80","100.64.0.2","33348","1448","2469422813","2303373046","948760938","3515654017"
"18:27:43.708769","1500","47.76.60.27","80","100.64.0.2","33348","1448","2469424261","2303373046","948760943","3515654017"
"18:27:43.708779","1500","47.76.60.27","80","100.64.0.2","33348","1448","2469425709","2303373046","948760943","3515654017"
"18:27:43.714290","1500","47.76.60.27","80","100.64.0.2","33348","1448","2469427157","2303373046","948760949","3515654038"
"18:27:43.714300","1500","47.76.60.27","80","100.64.0.2","33348","1448","2469428605","2303373046","948760949","3515654038"
"18:27:43.719850","1500","47.76.60.27","80","100.64.0.2","33348","1448","2469430053","2303373046","948760954","3515654038"
"18:27:43.719859","1500","47.76.60.27","80","100.64.0.2","33348","1448","2469431501","2303373046","948760954","3515654038"
"18:27:43.728871","1500","47.76.60.27","80","100.64.0.2","33348","1448","2469432949","2303373046","948760963","3515654057"
"18:27:43.748902","1500","47.76.60.27","80","100.64.0.2","33348","1448","2469434397","2303373046","948760983","3515654077"
"18:27:43.768965","1500","47.76.60.27","80","100.64.0.2","33348","1448","2469435845","2303373046","948761003","3515654098"
"18:27:43.788599","1500","47.76.60.27","80","100.64.0.2","33348","1448","2469437293","2303373046","948761023","3515654117"
"18:27:43.808642","1500","47.76.60.27","80","100.64.0.2","33348","1448","2469438741","2303373046","948761043","3515654137"
"18:27:43.828677","1500","47.76.60.27","80","100.64.0.2","33348","1448","2469440189","2303373046","948761063","3515654157"
"18:27:43.848832","1500","47.76.60.27","80","100.64.0.2","33348","1448","2469441637","2303373046","948761083","3515654177"
"18:27:43.869319","1500","47.76.60.27","80","100.64.0.2","33348","1448","2469443085","2303373046","948761104","3515654197"
"18:27:43.890249","1500","47.76.60.27","80","100.64.0.2","33348","1448","2469444533","2303373046","948761125","3515654217"
"18:27:43.908717","1500","47.76.60.27","80","100.64.0.2","33348","1448","2469445981","2303373046","948761143","3515654238"
"18:27:43.928602","1500","47.76.60.27","80","100.64.0.2","33348","1448","2469447429","2303373046","948761163","3515654258"
"18:27:43.948832","1500","47.76.60.27","80","100.64.0.2","33348","1448","2469448877","2303373046","948761183","3515654277"
"18:27:43.969068","1500","47.76.60.27","80","100.64.0.2","33348","1448","2469450325","2303373046","948761204","3515654298"
"18:27:43.989312","1500","47.76.60.27","80","100.64.0.2","33348","1448","2469451773","2303373046","948761224","3515654317"
"18:27:44.009386","1500","47.76.60.27","80","100.64.0.2","33348","1448","2469453221","2303373046","948761244","3515654337"
"18:27:44.028573","1500","47.76.60.27","80","100.64.0.2","33348","1448","2469454669","2303373046","948761263","3515654358"
"18:27:44.030592","1500","47.76.60.27","80","100.64.0.2","33348","1448","2469254845","2303373046","948761265","3515654358"
"18:27:44.048894","1500","47.76.60.27","80","100.64.0.2","33348","1448","2469256293","2303373046","948761283","3515654378"
"18:27:44.048911","1500","47.76.60.27","80","100.64.0.2","33348","1448","2469257741","2303373046","948761283","3515654378"
"18:27:44.051614","1500","47.76.60.27","80","100.64.0.2","33348","1448","2469259189","2303373046","948761286","3515654378"
"18:27:44.051623","1500","47.76.60.27","80","100.64.0.2","33348","1448","2469260637","2303373046","948761286","3515654378"
"18:27:44.057152","1500","47.76.60.27","80","100.64.0.2","33348","1448","2469262085","2303373046","948761292","3515654378"
"18:27:44.057162","1500","47.76.60.27","80","100.64.0.2","33348","1448","2469263533","2303373046","948761292","3515654378"
"18:27:44.062643","1500","47.76.60.27","80","100.64.0.2","33348","1448","2469264981","2303373046","948761297","3515654378"
"18:27:44.065397","1500","47.76.60.27","80","100.64.0.2","33348","1448","2469266429","2303373046","948761300","3515654378"
"18:27:44.068178","1500","47.76.60.27","80","100.64.0.2","33348","1448","2469267877","2303373046","948761303","3515654378"
"18:27:44.068188","1500","47.76.60.27","80","100.64.0.2","33348","1448","2469269325","2303373046","948761303","3515654378"
"18:27:44.073720","1500","47.76.60.27","80","100.64.0.2","33348","1448","2469270773","2303373046","948761308","3515654398"
"18:27:44.073731","1500","47.76.60.27","80","100.64.0.2","33348","1448","2469272221","2303373046","948761308","3515654398"
"18:27:44.079281","1500","47.76.60.27","80","100.64.0.2","33348","1448","2469273669","2303373046","948761314","3515654398"
"18:27:44.079291","1500","47.76.60.27","80","100.64.0.2","33348","1448","2469275117","2303373046","948761314","3515654398"
"18:27:44.084772","1500","47.76.60.27","80","100.64.0.2","33348","1448","2469276565","2303373046","948761319","3515654398"
"18:27:44.084783","1500","47.76.60.27","80","100.64.0.2","33348","1448","2469278013","2303373046","948761319","3515654398"
"18:27:44.090281","1500","47.76.60.27","80","100.64.0.2","33348","1448","2469279461","2303373046","948761325","3515654417"
"18:27:44.090290","1500","47.76.60.27","80","100.64.0.2","33348","1448","2469280909","2303373046","948761325","3515654417"
"18:27:44.095822","1500","47.76.60.27","80","100.64.0.2","33348","1448","2469282357","2303373046","948761330","3515654417"
"18:27:44.095834","1500","47.76.60.27","80","100.64.0.2","33348","1448","2469283805","2303373046","948761330","3515654417"
"18:27:44.101323","1500","47.76.60.27","80","100.64.0.2","33348","1448","2469285253","2303373046","948761336","3515654417"
"18:27:44.104082","1500","47.76.60.27","80","100.64.0.2","33348","1448","2469286701","2303373046","948761339","3515654417"
"18:27:44.104092","1500","47.76.60.27","80","100.64.0.2","33348","1448","2469288149","2303373046","948761339","3515654417"
"18:27:44.109646","1500","47.76.60.27","80","100.64.0.2","33348","1448","2469289597","2303373046","948761344","3515654437"
"18:27:44.112378","1500","47.76.60.27","80","100.64.0.2","33348","1448","2469291045","2303373046","948761347","3515654437"
"18:27:44.112390","1500","47.76.60.27","80","100.64.0.2","33348","1448","2469292493","2303373046","948761347","3515654437"
"18:27:44.117908","1500","47.76.60.27","80","100.64.0.2","33348","1448","2469293941","2303373046","948761352","3515654437"
"18:27:44.117918","1500","47.76.60.27","80","100.64.0.2","33348","1448","2469295389","2303373046","948761352","3515654437"
"18:27:44.123452","1500","47.76.60.27","80","100.64.0.2","33348","1448","2469296837","2303373046","948761358","3515654437"
"18:27:44.123461","1500","47.76.60.27","80","100.64.0.2","33348","1448","2469298285","2303373046","948761358","3515654437"
"18:27:44.128959","1500","47.76.60.27","80","100.64.0.2","33348","1448","2469299733","2303373046","948761363","3515654437"
"18:27:44.128974","1500","47.76.60.27","80","100.64.0.2","33348","1448","2469301181","2303373046","948761363","3515654437"
"18:27:44.134516","1500","47.76.60.27","80","100.64.0.2","33348","1448","2469302629","2303373046","948761369","3515654457"
"18:27:44.134526","1500","47.76.60.27","80","100.64.0.2","33348","1448","2469304077","2303373046","948761369","3515654457"
"18:27:44.139987","1500","47.76.60.27","80","100.64.0.2","33348","1448","2469305525","2303373046","948761374","3515654457"
"18:27:44.142760","1500","47.76.60.27","80","100.64.0.2","33348","1448","2469306973","2303373046","948761377","3515654457"
"18:27:44.142769","1500","47.76.60.27","80","100.64.0.2","33348","1448","2469308421","2303373046","948761377","3515654457"
"18:27:44.148286","1500","47.76.60.27","80","100.64.0.2","33348","1448","2469309869","2303373046","948761383","3515654457"
"18:27:44.151019","1500","47.76.60.27","80","100.64.0.2","33348","1448","2469311317","2303373046","948761386","3515654478"
"18:27:44.151029","1500","47.76.60.27","80","100.64.0.2","33348","1448","2469312765","2303373046","948761386","3515654478"
"18:27:44.156555","1500","47.76.60.27","80","100.64.0.2","33348","1448","2469314213","2303373046","948761391","3515654478"
"18:27:44.156564","1500","47.76.60.27","80","100.64.0.2","33348","1448","2469315661","2303373046","948761391","3515654478"
"18:27:44.162115","1500","47.76.60.27","80","100.64.0.2","33348","1448","2469317109","2303373046","948761397","3515654478"
"18:27:44.162124","1500","47.76.60.27","80","100.64.0.2","33348","1448","2469318557","2303373046","948761397","3515654478"
"18:27:44.167625","1500","47.76.60.27","80","100.64.0.2","33348","1448","2469320005","2303373046","948761402","3515654478"
"18:27:44.167634","1500","47.76.60.27","80","100.64.0.2","33348","1448","2469321453","2303373046","948761402","3515654478"
"18:27:44.173118","1500","47.76.60.27","80","100.64.0.2","33348","1448","2469322901","2303373046","948761408","3515654498"
"18:27:44.173130","1500","47.76.60.27","80","100.64.0.2","33348","1448","2469324349","2303373046","948761408","3515654498"
"18:27:44.178678","1500","47.76.60.27","80","100.64.0.2","33348","1448","2469325797","2303373046","948761413","3515654498"
"18:27:44.178706","1500","47.76.60.27","80","100.64.0.2","33348","1448","2469327245","2303373046","948761413","3515654498"
"18:27:44.184237","1500","47.76.60.27","80","100.64.0.2","33348","1448","2469328693","2303373046","948761419","3515654498"
"18:27:44.184250","1500","47.76.60.27","80","100.64.0.2","33348","1448","2469330141","2303373046","948761419","3515654498"
"18:27:44.189787","1500","47.76.60.27","80","100.64.0.2","33348","1448","2469331589","2303373046","948761424","3515654517"
"18:27:44.189797","1500","47.76.60.27","80","100.64.0.2","33348","1448","2469333037","2303373046","948761424","3515654517"
"18:27:44.195208","1500","47.76.60.27","80","100.64.0.2","33348","1448","2469334485","2303373046","948761430","3515654517"
"18:27:44.195218","1500","47.76.60.27","80","100.64.0.2","33348","1448","2469335933","2303373046","948761430","3515654517"
"18:27:44.200772","1500","47.76.60.27","80","100.64.0.2","33348","1448","2469337381","2303373046","948761435","3515654517"
"18:27:44.200782","1500","47.76.60.27","80","100.64.0.2","33348","1448","2469338829","2303373046","948761435","3515654517"
"18:27:44.206249","1500","47.76.60.27","80","100.64.0.2","33348","1448","2469340277","2303373046","948761441","3515654517"
"18:27:44.206262","1500","47.76.60.27","80","100.64.0.2","33348","1448","2469341725","2303373046","948761441","3515654517"
"18:27:44.211835","1500","47.76.60.27","80","100.64.0.2","33348","1448","2469343173","2303373046","948761446","3515654537"
"18:27:44.211844","1500","47.76.60.27","80","100.64.0.2","33348","1448","2469344621","2303373046","948761446","3515654537"
"18:27:44.217375","1500","47.76.60.27","80","100.64.0.2","33348","1448","2469346069","2303373046","948761452","3515654537"
"18:27:44.217385","1500","47.76.60.27","80","100.64.0.2","33348","1448","2469347517","2303373046","948761452","3515654537"
"18:27:44.222822","1500","47.76.60.27","80","100.64.0.2","33348","1448","2469348965","2303373046","948761457","3515654537"
"18:27:44.222830","1500","47.76.60.27","80","100.64.0.2","33348","1448","2469350413","2303373046","948761457","3515654537"
"18:27:44.228353","1500","47.76.60.27","80","100.64.0.2","33348","1448","2469351861","2303373046","948761463","3515654537"
"18:27:44.228364","1500","47.76.60.27","80","100.64.0.2","33348","1448","2469353309","2303373046","948761463","3515654537"
"18:27:44.233854","1500","47.76.60.27","80","100.64.0.2","33348","1448","2469354757","2303373046","948761468","3515654557"
"18:27:44.233865","1500","47.76.60.27","80","100.64.0.2","33348","1448","2469356205","2303373046","948761468","3515654557"
"18:27:44.239398","1500","47.76.60.27","80","100.64.0.2","33348","1448","2469357653","2303373046","948761474","3515654557"
"18:27:44.239407","1500","47.76.60.27","80","100.64.0.2","33348","1448","2469359101","2303373046","948761474","3515654557"
"18:27:44.244937","1500","47.76.60.27","80","100.64.0.2","33348","1448","2469360549","2303373046","948761479","3515654557"
"18:27:44.244946","1500","47.76.60.27","80","100.64.0.2","33348","1448","2469361997","2303373046","948761479","3515654557"
"18:27:44.250420","1500","47.76.60.27","80","100.64.0.2","33348","1448","2469363445","2303373046","948761485","3515654577"
"18:27:44.250430","1500","47.76.60.27","80","100.64.0.2","33348","1448","2469364893","2303373046","948761485","3515654577"
"18:27:44.256046","1500","47.76.60.27","80","100.64.0.2","33348","1448","2469366341","2303373046","948761490","3515654577"
"18:27:44.256113","1500","47.76.60.27","80","100.64.0.2","33348","1448","2469367789","2303373046","948761490","3515654577"
"18:27:44.261545","1500","47.76.60.27","80","100.64.0.2","33348","1448","2469369237","2303373046","948761496","3515654577"
"18:27:44.261557","1500","47.76.60.27","80","100.64.0.2","33348","1448","2469370685","2303373046","948761496","3515654577"
"18:27:44.267047","1500","47.76.60.27","80","100.64.0.2","33348","1448","2469372133","2303373046","948761502","3515654577"
"18:27:44.267058","1500","47.76.60.27","80","100.64.0.2","33348","1448","2469373581","2303373046","948761502","3515654577"
"18:27:44.272562","1500","47.76.60.27","80","100.64.0.2","33348","1448","2469375029","2303373046","948761507","3515654597"
"18:27:44.272572","1500","47.76.60.27","80","100.64.0.2","33348","1448","2469376477","2303373046","948761507","3515654597"
"18:27:44.278124","1500","47.76.60.27","80","100.64.0.2","33348","1448","2469377925","2303373046","948761513","3515654597"
"18:27:44.278136","1500","47.76.60.27","80","100.64.0.2","33348","1448","2469379373","2303373046","948761513","3515654597"
"18:27:44.283623","1500","47.76.60.27","80","100.64.0.2","33348","1448","2469380821","2303373046","948761518","3515654597"
"18:27:44.283633","1500","47.76.60.27","80","100.64.0.2","33348","1448","2469382269","2303373046","948761518","3515654597"
"18:27:44.289129","1500","47.76.60.27","80","100.64.0.2","33348","1448","2469383717","2303373046","948761524","3515654617"
"18:27:44.289140","1500","47.76.60.27","80","100.64.0.2","33348","1448","2469385165","2303373046","948761524","3515654617"
"18:27:44.294632","1500","47.76.60.27","80","100.64.0.2","33348","1448","2469386613","2303373046","948761529","3515654617"
"18:27:44.294643","1500","47.76.60.27","80","100.64.0.2","33348","1448","2469388061","2303373046","948761529","3515654617"
"18:27:44.300151","1500","47.76.60.27","80","100.64.0.2","33348","1448","2469389509","2303373046","948761535","3515654617"
"18:27:44.300161","1500","47.76.60.27","80","100.64.0.2","33348","1448","2469390957","2303373046","948761535","3515654617"
"18:27:44.305709","1500","47.76.60.27","80","100.64.0.2","33348","1448","2469392405","2303373046","948761540","3515654617"
"18:27:44.305722","1500","47.76.60.27","80","100.64.0.2","33348","1448","2469393853","2303373046","948761540","3515654617"
"18:27:44.311200","1500","47.76.60.27","80","100.64.0.2","33348","1448","2469395301","2303373046","948761546","3515654637"
"18:27:44.311210","1500","47.76.60.27","80","100.64.0.2","33348","1448","2469396749","2303373046","948761546","3515654637"
"18:27:44.316764","1500","47.76.60.27","80","100.64.0.2","33348","1448","2469398197","2303373046","948761551","3515654637"
"18:27:44.316774","1500","47.76.60.27","80","100.64.0.2","33348","1448","2469399645","2303373046","948761551","3515654637"
"18:27:44.322296","1500","47.76.60.27","80","100.64.0.2","33348","1448","2469401093","2303373046","948761557","3515654637"
"18:27:44.322305","1500","47.76.60.27","80","100.64.0.2","33348","1448","2469402541","2303373046","948761557","3515654637"
"18:27:44.327776","1500","47.76.60.27","80","100.64.0.2","33348","1448","2469403989","2303373046","948761562","3515654637"
"18:27:44.327787","1500","47.76.60.27","80","100.64.0.2","33348","1448","2469405437","2303373046","948761562","3515654637"
"18:27:44.333306","1500","47.76.60.27","80","100.64.0.2","33348","1448","2469406885","2303373046","948761568","3515654658"
"18:27:44.333316","1500","47.76.60.27","80","100.64.0.2","33348","1448","2469408333","2303373046","948761568","3515654658"
"18:27:44.338844","1500","47.76.60.27","80","100.64.0.2","33348","1448","2469409781","2303373046","948761573","3515654658"
"18:27:44.338857","1500","47.76.60.27","80","100.64.0.2","33348","1448","2469411229","2303373046","948761573","3515654658"
"18:27:44.344364","1500","47.76.60.27","80","100.64.0.2","33348","1448","2469412677","2303373046","948761579","3515654658"
"18:27:44.344373","1500","47.76.60.27","80","100.64.0.2","33348","1448","2469414125","2303373046","948761579","3515654658"
"18:27:44.349884","1500","47.76.60.27","80","100.64.0.2","33348","1448","2469415573","2303373046","948761584","3515654678"
"18:27:44.349895","1500","47.76.60.27","80","100.64.0.2","33348","1448","2469417021","2303373046","948761584","3515654678"
"18:27:44.355386","1500","47.76.60.27","80","100.64.0.2","33348","1448","2469418469","2303373046","948761590","3515654678"
"18:27:44.355395","1500","47.76.60.27","80","100.64.0.2","33348","1448","2469419917","2303373046","948761590","3515654678"
"18:27:44.360879","1500","47.76.60.27","80","100.64.0.2","33348","1448","2469421365","2303373046","948761595","3515654678"
"18:27:44.958641","1500","47.76.60.27","80","100.64.0.2","33348","1448","2469254845","2303373046","948762193","3515654977"
"18:27:45.129705","1500","47.76.60.27","80","100.64.0.2","33348","1448","2469456117","2303373046","948762364","3515655458"
"18:27:45.129725","1500","47.76.60.27","80","100.64.0.2","33348","1448","2469457565","2303373046","948762364","3515655458"
"18:27:45.132441","1500","47.76.60.27","80","100.64.0.2","33348","1448","2469328693","2303373046","948762367","3515655458"
"18:27:45.132450","1500","47.76.60.27","80","100.64.0.2","33348","1448","2469330141","2303373046","948762367","3515655458"
"18:27:45.138020","1500","47.76.60.27","80","100.64.0.2","33348","1448","2469331589","2303373046","948762372","3515655458"
"18:27:45.138035","1500","47.76.60.27","80","100.64.0.2","33348","1448","2469333037","2303373046","948762372","3515655458"
"18:27:45.143479","1500","47.76.60.27","80","100.64.0.2","33348","1448","2469334485","2303373046","948762378","3515655458"
"18:27:45.143489","1500","47.76.60.27","80","100.64.0.2","33348","1448","2469335933","2303373046","948762378","3515655458"
"18:27:45.149005","1500","47.76.60.27","80","100.64.0.2","33348","1448","2469337381","2303373046","948762384","3515655458"
"18:27:45.149014","1500","47.76.60.27","80","100.64.0.2","33348","1448","2469338829","2303373046","948762384","3515655458"
"18:27:45.154523","1500","47.76.60.27","80","100.64.0.2","33348","1448","2469340277","2303373046","948762389","3515655458"
"18:27:45.154533","1500","47.76.60.27","80","100.64.0.2","33348","1448","2469341725","2303373046","948762389","3515655458"
"18:27:45.160054","1500","47.76.60.27","80","100.64.0.2","33348","1448","2469343173","2303373046","948762395","3515655458"
"18:27:45.160068","1500","47.76.60.27","80","100.64.0.2","33348","1448","2469344621","2303373046","948762395","3515655458"
"18:27:45.165558","1500","47.76.60.27","80","100.64.0.2","33348","1448","2469346069","2303373046","948762400","3515655458"
"18:27:45.165568","1500","47.76.60.27","80","100.64.0.2","33348","1448","2469347517","2303373046","948762400","3515655458"
"18:27:45.171094","1500","47.76.60.27","80","100.64.0.2","33348","1448","2469348965","2303373046","948762406","3515655458"
"18:27:45.171109","1500","47.76.60.27","80","100.64.0.2","33348","1448","2469350413","2303373046","948762406","3515655458"
"18:27:45.176703","1500","47.76.60.27","80","100.64.0.2","33348","1448","2469351861","2303373046","948762411","3515655458"
"18:27:45.176717","1500","47.76.60.27","80","100.64.0.2","33348","1448","2469353309","2303373046","948762411","3515655458"
"18:27:45.182135","1500","47.76.60.27","80","100.64.0.2","33348","1448","2469354757","2303373046","948762417","3515655458"
"18:27:45.182146","1500","47.76.60.27","80","100.64.0.2","33348","1448","2469356205","2303373046","948762417","3515655458"
"18:27:45.187650","1500","47.76.60.27","80","100.64.0.2","33348","1448","2469357653","2303373046","948762422","3515655458"
"18:27:45.187660","1500","47.76.60.27","80","100.64.0.2","33348","1448","2469359101","2303373046","948762422","3515655458"
"18:27:45.193245","1500","47.76.60.27","80","100.64.0.2","33348","1448","2469360549","2303373046","948762428","3515655458"
"18:27:45.193258","1500","47.76.60.27","80","100.64.0.2","33348","1448","2469361997","2303373046","948762428","3515655458"
"18:27:45.198703","1500","47.76.60.27","80","100.64.0.2","33348","1448","2469363445","2303373046","948762433","3515655458"
"18:27:45.198717","1500","47.76.60.27","80","100.64.0.2","33348","1448","2469364893","2303373046","948762433","3515655458"
"18:27:45.204240","1500","47.76.60.27","80","100.64.0.2","33348","1448","2469366341","2303373046","948762439","3515655458"
"18:27:45.204252","1500","47.76.60.27","80","100.64.0.2","33348","1448","2469367789","2303373046","948762439","3515655458"
"18:27:45.209827","1500","47.76.60.27","80","100.64.0.2","33348","1448","2469369237","2303373046","948762444","3515655458"
"18:27:45.209838","1500","47.76.60.27","80","100.64.0.2","33348","1448","2469370685","2303373046","948762444","3515655458"
"18:27:45.215285","1500","47.76.60.27","80","100.64.0.2","33348","1448","2469372133","2303373046","948762450","3515655458"
"18:27:45.215295","1500","47.76.60.27","80","100.64.0.2","33348","1448","2469373581","2303373046","948762450","3515655458"
"18:27:45.220841","1500","47.76.60.27","80","100.64.0.2","33348","1448","2469375029","2303373046","948762455","3515655458"
"18:27:45.220851","1500","47.76.60.27","80","100.64.0.2","33348","1448","2469376477","2303373046","948762455","3515655458"
"18:27:45.226325","1500","47.76.60.27","80","100.64.0.2","33348","1448","2469377925","2303373046","948762461","3515655458"
"18:27:45.226339","1500","47.76.60.27","80","100.64.0.2","33348","1448","2469379373","2303373046","948762461","3515655458"
"18:27:45.231866","1500","47.76.60.27","80","100.64.0.2","33348","1448","2469380821","2303373046","948762466","3515655458"
"18:27:45.231875","1500","47.76.60.27","80","100.64.0.2","33348","1448","2469382269","2303373046","948762466","3515655458"
"18:27:45.237381","1500","47.76.60.27","80","100.64.0.2","33348","1448","2469383717","2303373046","948762472","3515655458"
"18:27:45.237391","1500","47.76.60.27","80","100.64.0.2","33348","1448","2469385165","2303373046","948762472","3515655458"
"18:27:45.242926","1500","47.76.60.27","80","100.64.0.2","33348","1448","2469386613","2303373046","948762477","3515655458"
"18:27:45.242936","1500","47.76.60.27","80","100.64.0.2","33348","1448","2469388061","2303373046","948762477","3515655458"
"18:27:45.248439","1500","47.76.60.27","80","100.64.0.2","33348","1448","2469389509","2303373046","948762483","3515655458"
"18:27:45.248447","1500","47.76.60.27","80","100.64.0.2","33348","1448","2469390957","2303373046","948762483","3515655458"
"18:27:45.253973","1500","47.76.60.27","80","100.64.0.2","33348","1448","2469392405","2303373046","948762488","3515655458"
"18:27:45.253984","1500","47.76.60.27","80","100.64.0.2","33348","1448","2469393853","2303373046","948762488","3515655458"
"18:27:45.259518","1500","47.76.60.27","80","100.64.0.2","33348","1448","2469395301","2303373046","948762494","3515655458"
"18:27:45.259527","1500","47.76.60.27","80","100.64.0.2","33348","1448","2469396749","2303373046","948762494","3515655458"
"18:27:45.264992","1500","47.76.60.27","80","100.64.0.2","33348","1448","2469398197","2303373046","948762500","3515655458"
"18:27:45.265002","1500","47.76.60.27","80","100.64.0.2","33348","1448","2469399645","2303373046","948762500","3515655458"
"18:27:45.270546","1500","47.76.60.27","80","100.64.0.2","33348","1448","2469401093","2303373046","948762505","3515655458"
"18:27:45.270556","1500","47.76.60.27","80","100.64.0.2","33348","1448","2469402541","2303373046","948762505","3515655458"
"18:27:45.275007","1500","47.76.60.27","80","100.64.0.2","33348","1448","2469403989","2303373046","948762511","3515655458"
"18:27:45.276087","1500","47.76.60.27","80","100.64.0.2","33348","1448","2469405437","2303373046","948762511","3515655458"
"18:27:45.281575","1500","47.76.60.27","80","100.64.0.2","33348","1448","2469406885","2303373046","948762516","3515655458"
"18:27:45.281584","1500","47.76.60.27","80","100.64.0.2","33348","1448","2469408333","2303373046","948762516","3515655458"
"18:27:45.287115","1500","47.76.60.27","80","100.64.0.2","33348","1448","2469409781","2303373046","948762522","3515655458"
"18:27:45.287125","1500","47.76.60.27","80","100.64.0.2","33348","1448","2469411229","2303373046","948762522","3515655458"
"18:27:45.292647","1500","47.76.60.27","80","100.64.0.2","33348","1448","2469412677","2303373046","948762527","3515655617"
"18:27:45.292657","1500","47.76.60.27","80","100.64.0.2","33348","1448","2469414125","2303373046","948762527","3515655617"
"18:27:45.298132","1500","47.76.60.27","80","100.64.0.2","33348","1448","2469415573","2303373046","948762533","3515655617"
"18:27:45.298144","1500","47.76.60.27","80","100.64.0.2","33348","1448","2469417021","2303373046","948762533","3515655617"
"18:27:45.303690","1500","47.76.60.27","80","100.64.0.2","33348","1448","2469418469","2303373046","948762538","3515655617"
"18:27:45.303701","1500","47.76.60.27","80","100.64.0.2","33348","1448","2469419917","2303373046","948762538","3515655617"
"18:27:45.309167","1500","47.76.60.27","80","100.64.0.2","33348","1448","2469421365","2303373046","948762544","3515655637"
"18:27:45.311942","1500","47.76.60.27","80","100.64.0.2","33348","1448","2469422813","2303373046","948762546","3515655637"
"18:27:45.314699","1500","47.76.60.27","80","100.64.0.2","33348","1448","2469424261","2303373046","948762549","3515655637"
"18:27:45.314709","1500","47.76.60.27","80","100.64.0.2","33348","1448","2469425709","2303373046","948762549","3515655637"
"18:27:45.320238","1500","47.76.60.27","80","100.64.0.2","33348","1448","2469427157","2303373046","948762555","3515655637"
"18:27:45.320248","1500","47.76.60.27","80","100.64.0.2","33348","1448","2469428605","2303373046","948762555","3515655637"
"18:27:45.325864","1500","47.76.60.27","80","100.64.0.2","33348","1448","2469430053","2303373046","948762560","3515655637"
"18:27:45.325923","1500","47.76.60.27","80","100.64.0.2","33348","1448","2469431501","2303373046","948762560","3515655637"
"18:27:45.331285","1500","47.76.60.27","80","100.64.0.2","33348","1448","2469432949","2303373046","948762566","3515655657"
"18:27:45.334040","1500","47.76.60.27","80","100.64.0.2","33348","1448","2469434397","2303373046","948762569","3515655657"
"18:27:45.336836","1500","47.76.60.27","80","100.64.0.2","33348","1448","2469435845","2303373046","948762571","3515655657"
"18:27:45.339565","1500","47.76.60.27","80","100.64.0.2","33348","1448","2469437293","2303373046","948762574","3515655657"
"18:27:45.342328","1500","47.76.60.27","80","100.64.0.2","33348","1448","2469438741","2303373046","948762577","3515655657"
"18:27:45.345116","1500","47.76.60.27","80","100.64.0.2","33348","1448","2469440189","2303373046","948762580","3515655657"
"18:27:45.347804","1500","47.76.60.27","80","100.64.0.2","33348","1448","2469441637","2303373046","948762582","3515655657"
"18:27:45.350638","1500","47.76.60.27","80","100.64.0.2","33348","1448","2469443085","2303373046","948762585","3515655677"
"18:27:45.353406","1500","47.76.60.27","80","100.64.0.2","33348","1448","2469444533","2303373046","948762588","3515655677"
"18:27:45.356123","1500","47.76.60.27","80","100.64.0.2","33348","1448","2469445981","2303373046","948762591","3515655677"
"18:27:45.358876","1500","47.76.60.27","80","100.64.0.2","33348","1448","2469447429","2303373046","948762593","3515655677"
"18:27:45.361655","1500","47.76.60.27","80","100.64.0.2","33348","1448","2469448877","2303373046","948762596","3515655677"
"18:27:45.364402","1500","47.76.60.27","80","100.64.0.2","33348","1448","2469450325","2303373046","948762599","3515655677"
"18:27:45.367176","1500","47.76.60.27","80","100.64.0.2","33348","1448","2469451773","2303373046","948762602","3515655677"
"18:27:45.369908","1500","47.76.60.27","80","100.64.0.2","33348","1448","2469453221","2303373046","948762604","3515655697"
"18:27:45.372700","1500","47.76.60.27","80","100.64.0.2","33348","1448","2469454669","2303373046","948762607","3515655697"
"18:27:45.375455","1500","47.76.60.27","80","100.64.0.2","33348","1448","2469459013","2303373046","948762610","3515655697"
"18:27:45.375465","1500","47.76.60.27","80","100.64.0.2","33348","1448","2469460461","2303373046","948762610","3515655697"
"18:27:45.380995","1500","47.76.60.27","80","100.64.0.2","33348","1448","2469461909","2303373046","948762616","3515655697"
"18:27:45.381005","1500","47.76.60.27","80","100.64.0.2","33348","1448","2469463357","2303373046","948762616","3515655697"
"18:27:45.386530","1500","47.76.60.27","80","100.64.0.2","33348","1448","2469464805","2303373046","948762621","3515655697"
"18:27:45.386540","702","47.76.60.27","80","100.64.0.2","33348","650","2469466253","2303373046","948762621","3515655697"
"18:27:45.918614","1500","47.76.60.27","80","100.64.0.2","33348","1448","2469338829","2303373046","948763153","3515656017"
"18:27:46.089609","1500","47.76.60.27","80","100.64.0.2","33348","1448","2469340277","2303373046","948763324","3515656418"
"18:27:46.089627","1500","47.76.60.27","80","100.64.0.2","33348","1448","2469341725","2303373046","948763324","3515656418"
"18:27:46.092295","1500","47.76.60.27","80","100.64.0.2","33348","1448","2469343173","2303373046","948763327","3515656418"
"18:27:46.092306","1500","47.76.60.27","80","100.64.0.2","33348","1448","2469344621","2303373046","948763327","3515656418"
"18:27:46.097823","1500","47.76.60.27","80","100.64.0.2","33348","1448","2469346069","2303373046","948763332","3515656418"
"18:27:46.097835","1500","47.76.60.27","80","100.64.0.2","33348","1448","2469347517","2303373046","948763332","3515656418"
"18:27:46.103344","1500","47.76.60.27","80","100.64.0.2","33348","1448","2469348965","2303373046","948763338","3515656418"
"18:27:46.103355","1500","47.76.60.27","80","100.64.0.2","33348","1448","2469350413","2303373046","948763338","3515656418"
"18:27:46.108879","1500","47.76.60.27","80","100.64.0.2","33348","1448","2469351861","2303373046","948763343","3515656418"
"18:27:46.108888","1500","47.76.60.27","80","100.64.0.2","33348","1448","2469353309","2303373046","948763343","3515656418"
"18:27:46.114401","1500","47.76.60.27","80","100.64.0.2","33348","1448","2469354757","2303373046","948763349","3515656418"
"18:27:46.114410","1500","47.76.60.27","80","100.64.0.2","33348","1448","2469356205","2303373046","948763349","3515656418"
"18:27:46.119899","1500","47.76.60.27","80","100.64.0.2","33348","1448","2469357653","2303373046","948763354","3515656418"
"18:27:46.119908","1500","47.76.60.27","80","100.64.0.2","33348","1448","2469359101","2303373046","948763354","3515656418"
"18:27:46.125447","1500","47.76.60.27","80","100.64.0.2","33348","1448","2469360549","2303373046","948763360","3515656418"
"18:27:46.125456","1500","47.76.60.27","80","100.64.0.2","33348","1448","2469361997","2303373046","948763360","3515656418"
"18:27:46.130942","1500","47.76.60.27","80","100.64.0.2","33348","1448","2469363445","2303373046","948763365","3515656418"
"18:27:46.130951","1500","47.76.60.27","80","100.64.0.2","33348","1448","2469364893","2303373046","948763365","3515656418"
"18:27:46.136482","1500","47.76.60.27","80","100.64.0.2","33348","1448","2469366341","2303373046","948763371","3515656418"
"18:27:46.136491","1500","47.76.60.27","80","100.64.0.2","33348","1448","2469367789","2303373046","948763371","3515656418"
"18:27:46.142020","1500","47.76.60.27","80","100.64.0.2","33348","1448","2469369237","2303373046","948763377","3515656418"
"18:27:46.142031","1500","47.76.60.27","80","100.64.0.2","33348","1448","2469370685","2303373046","948763377","3515656418"
"18:27:46.147512","1500","47.76.60.27","80","100.64.0.2","33348","1448","2469372133","2303373046","948763382","3515656418"
"18:27:46.147521","1500","47.76.60.27","80","100.64.0.2","33348","1448","2469373581","2303373046","948763382","3515656418"
"18:27:46.153039","1500","47.76.60.27","80","100.64.0.2","33348","1448","2469375029","2303373046","948763388","3515656418"
"18:27:46.153049","1500","47.76.60.27","80","100.64.0.2","33348","1448","2469376477","2303373046","948763388","3515656418"
"18:27:46.158731","1500","47.76.60.27","80","100.64.0.2","33348","1448","2469377925","2303373046","948763393","3515656418"
"18:27:46.158748","1500","47.76.60.27","80","100.64.0.2","33348","1448","2469379373","2303373046","948763393","3515656418"
"18:27:46.164130","1500","47.76.60.27","80","100.64.0.2","33348","1448","2469380821","2303373046","948763399","3515656418"
"18:27:46.164144","1500","47.76.60.27","80","100.64.0.2","33348","1448","2469382269","2303373046","948763399","3515656418"
"18:27:46.169595","1500","47.76.60.27","80","100.64.0.2","33348","1448","2469383717","2303373046","948763404","3515656418"
"18:27:46.169605","1500","47.76.60.27","80","100.64.0.2","33348","1448","2469385165","2303373046","948763404","3515656418"
"18:27:46.175165","1500","47.76.60.27","80","100.64.0.2","33348","1448","2469386613","2303373046","948763410","3515656418"
"18:27:46.175179","1500","47.76.60.27","80","100.64.0.2","33348","1448","2469388061","2303373046","948763410","3515656418"
"18:27:46.180680","1500","47.76.60.27","80","100.64.0.2","33348","1448","2469389509","2303373046","948763415","3515656418"
"18:27:46.180704","1500","47.76.60.27","80","100.64.0.2","33348","1448","2469390957","2303373046","948763415","3515656418"
"18:27:46.186205","1500","47.76.60.27","80","100.64.0.2","33348","1448","2469392405","2303373046","948763421","3515656418"
"18:27:46.186215","1500","47.76.60.27","80","100.64.0.2","33348","1448","2469393853","2303373046","948763421","3515656418"
"18:27:46.191796","1500","47.76.60.27","80","100.64.0.2","33348","1448","2469395301","2303373046","948763426","3515656418"
"18:27:46.191815","1500","47.76.60.27","80","100.64.0.2","33348","1448","2469396749","2303373046","948763426","3515656418"
"18:27:46.197261","1500","47.76.60.27","80","100.64.0.2","33348","1448","2469398197","2303373046","948763432","3515656418"
"18:27:46.197272","1500","47.76.60.27","80","100.64.0.2","33348","1448","2469399645","2303373046","948763432","3515656418"
"18:27:46.202731","1500","47.76.60.27","80","100.64.0.2","33348","1448","2469401093","2303373046","948763437","3515656418"
"18:27:46.202741","1500","47.76.60.27","80","100.64.0.2","33348","1448","2469402541","2303373046","948763437","3515656418"
"18:27:46.208285","1500","47.76.60.27","80","100.64.0.2","33348","1448","2469403989","2303373046","948763443","3515656418"
"18:27:46.208294","1500","47.76.60.27","80","100.64.0.2","33348","1448","2469405437","2303373046","948763443","3515656418"
"18:27:46.213806","1500","47.76.60.27","80","100.64.0.2","33348","1448","2469406885","2303373046","948763448","3515656418"
"18:27:46.213815","1500","47.76.60.27","80","100.64.0.2","33348","1448","2469408333","2303373046","948763448","3515656418"
"18:27:46.219333","1500","47.76.60.27","80","100.64.0.2","33348","1448","2469409781","2303373046","948763454","3515656418"
"18:27:46.219342","1500","47.76.60.27","80","100.64.0.2","33348","1448","2469411229","2303373046","948763454","3515656418"
"18:27:46.224847","1500","47.76.60.27","80","100.64.0.2","33348","1448","2469412677","2303373046","948763459","3515656418"
"18:27:46.224856","1500","47.76.60.27","80","100.64.0.2","33348","1448","2469414125","2303373046","948763459","3515656418"
"18:27:46.230358","1500","47.76.60.27","80","100.64.0.2","33348","1448","2469415573","2303373046","948763465","3515656418"
"18:27:46.230369","1500","47.76.60.27","80","100.64.0.2","33348","1448","2469417021","2303373046","948763465","3515656418"
"18:27:46.235907","1500","47.76.60.27","80","100.64.0.2","33348","1448","2469418469","2303373046","948763470","3515656418"
"18:27:46.235918","1500","47.76.60.27","80","100.64.0.2","33348","1448","2469419917","2303373046","948763470","3515656418"
"18:27:46.241419","1500","47.76.60.27","80","100.64.0.2","33348","1448","2469421365","2303373046","948763476","3515656418"
"18:27:46.244165","1500","47.76.60.27","80","100.64.0.2","33348","1448","2469422813","2303373046","948763479","3515656418"
"18:27:46.246980","1500","47.76.60.27","80","100.64.0.2","33348","1448","2469424261","2303373046","948763481","3515656418"
"18:27:46.246989","1500","47.76.60.27","80","100.64.0.2","33348","1448","2469425709","2303373046","948763481","3515656418"
"18:27:46.252504","1500","47.76.60.27","80","100.64.0.2","33348","1448","2469427157","2303373046","948763487","3515656577"
"18:27:46.252513","1500","47.76.60.27","80","100.64.0.2","33348","1448","2469428605","2303373046","948763487","3515656577"
"18:27:46.258004","1500","47.76.60.27","80","100.64.0.2","33348","1448","2469430053","2303373046","948763493","3515656577"
"18:27:46.258013","1500","47.76.60.27","80","100.64.0.2","33348","1448","2469431501","2303373046","948763493","3515656577"
"18:27:46.263532","1500","47.76.60.27","80","100.64.0.2","33348","1448","2469432949","2303373046","948763498","3515656577"
"18:27:46.266259","1500","47.76.60.27","80","100.64.0.2","33348","1448","2469434397","2303373046","948763501","3515656577"
"18:27:46.269030","1500","47.76.60.27","80","100.64.0.2","33348","1448","2469435845","2303373046","948763504","3515656597"
"18:27:46.271775","1500","47.76.60.27","80","100.64.0.2","33348","1448","2469437293","2303373046","948763506","3515656597"
"18:27:46.274558","1500","47.76.60.27","80","100.64.0.2","33348","1448","2469438741","2303373046","948763509","3515656597"
"18:27:46.277338","1500","47.76.60.27","80","100.64.0.2","33348","1448","2469440189","2303373046","948763512","3515656597"
"18:27:46.280070","1500","47.76.60.27","80","100.64.0.2","33348","1448","2469441637","2303373046","948763515","3515656597"
"18:27:46.282835","1500","47.76.60.27","80","100.64.0.2","33348","1448","2469443085","2303373046","948763517","3515656597"
"18:27:46.285588","1500","47.76.60.27","80","100.64.0.2","33348","1448","2469444533","2303373046","948763520","3515656597"
"18:27:46.288379","1500","47.76.60.27","80","100.64.0.2","33348","1448","2469445981","2303373046","948763523","3515656597"
"18:27:46.291104","1500","47.76.60.27","80","100.64.0.2","33348","1448","2469447429","2303373046","948763526","3515656617"
"18:27:46.293919","1500","47.76.60.27","80","100.64.0.2","33348","1448","2469448877","2303373046","948763528","3515656617"
"18:27:46.296655","1500","47.76.60.27","80","100.64.0.2","33348","1448","2469450325","2303373046","948763531","3515656617"
"18:27:46.299400","1500","47.76.60.27","80","100.64.0.2","33348","1448","2469451773","2303373046","948763534","3515656617"
"18:27:46.302179","1500","47.76.60.27","80","100.64.0.2","33348","1448","2469453221","2303373046","948763537","3515656617"
"18:27:46.304952","1500","47.76.60.27","80","100.64.0.2","33348","1448","2469454669","2303373046","948763539","3515656617"
"18:27:46.307707","1500","47.76.60.27","80","100.64.0.2","33348","1448","2469456117","2303373046","948763542","3515656617"
"18:27:46.307716","1500","47.76.60.27","80","100.64.0.2","33348","1448","2469457565","2303373046","948763542","3515656617"
"18:27:46.313245","1500","47.76.60.27","80","100.64.0.2","33348","1448","2469459013","2303373046","948763548","3515656638"
"18:27:46.313255","1500","47.76.60.27","80","100.64.0.2","33348","1448","2469460461","2303373046","948763548","3515656638"
"18:27:46.318788","1500","47.76.60.27","80","100.64.0.2","33348","1448","2469461909","2303373046","948763553","3515656638"
"18:27:46.318797","1500","47.76.60.27","80","100.64.0.2","33348","1448","2469463357","2303373046","948763553","3515656638"
"18:27:46.324284","1500","47.76.60.27","80","100.64.0.2","33348","1448","2469464805","2303373046","948763559","3515656638"
"18:27:46.324294","702","47.76.60.27","80","100.64.0.2","33348","650","2469466253","2303373046","948763559","3515656638"
"18:27:46.910634","1500","47.76.60.27","80","100.64.0.2","33348","1448","2469351861","2303373046","948764145","3515656957"
"18:27:47.068761","1500","47.76.60.27","80","100.64.0.2","33348","1448","2469353309","2303373046","948764303","3515657398"
"18:27:47.070095","1500","47.76.60.27","80","100.64.0.2","33348","1448","2469354757","2303373046","948764305","3515657398"
"18:27:47.070106","1500","47.76.60.27","80","100.64.0.2","33348","1448","2469356205","2303373046","948764305","3515657398"
"18:27:47.075638","1500","47.76.60.27","80","100.64.0.2","33348","1448","2469357653","2303373046","948764310","3515657398"
"18:27:47.075647","1500","47.76.60.27","80","100.64.0.2","33348","1448","2469359101","2303373046","948764310","3515657398"
"18:27:47.081132","1500","47.76.60.27","80","100.64.0.2","33348","1448","2469360549","2303373046","948764316","3515657398"
"18:27:47.081142","1500","47.76.60.27","80","100.64.0.2","33348","1448","2469361997","2303373046","948764316","3515657398"
"18:27:47.086698","1500","47.76.60.27","80","100.64.0.2","33348","1448","2469363445","2303373046","948764321","3515657398"
"18:27:47.086708","1500","47.76.60.27","80","100.64.0.2","33348","1448","2469364893","2303373046","948764321","3515657398"
"18:27:47.092232","1500","47.76.60.27","80","100.64.0.2","33348","1448","2469366341","2303373046","948764327","3515657398"
"18:27:47.092243","1500","47.76.60.27","80","100.64.0.2","33348","1448","2469367789","2303373046","948764327","3515657398"
"18:27:47.097734","1500","47.76.60.27","80","100.64.0.2","33348","1448","2469369237","2303373046","948764332","3515657398"
"18:27:47.097743","1500","47.76.60.27","80","100.64.0.2","33348","1448","2469370685","2303373046","948764332","3515657398"
"18:27:47.103259","1500","47.76.60.27","80","100.64.0.2","33348","1448","2469372133","2303373046","948764338","3515657398"
"18:27:47.103272","1500","47.76.60.27","80","100.64.0.2","33348","1448","2469373581","2303373046","948764338","3515657398"
"18:27:47.108802","1500","47.76.60.27","80","100.64.0.2","33348","1448","2469375029","2303373046","948764343","3515657398"
"18:27:47.108813","1500","47.76.60.27","80","100.64.0.2","33348","1448","2469376477","2303373046","948764343","3515657398"
"18:27:47.114321","1500","47.76.60.27","80","100.64.0.2","33348","1448","2469377925","2303373046","948764349","3515657398"
"18:27:47.114332","1500","47.76.60.27","80","100.64.0.2","33348","1448","2469379373","2303373046","948764349","3515657398"
"18:27:47.119777","1500","47.76.60.27","80","100.64.0.2","33348","1448","2469380821","2303373046","948764354","3515657398"
"18:27:47.119787","1500","47.76.60.27","80","100.64.0.2","33348","1448","2469382269","2303373046","948764354","3515657398"
"18:27:47.125297","1500","47.76.60.27","80","100.64.0.2","33348","1448","2469383717","2303373046","948764360","3515657398"
"18:27:47.125308","1500","47.76.60.27","80","100.64.0.2","33348","1448","2469385165","2303373046","948764360","3515657398"
"18:27:47.130877","1500","47.76.60.27","80","100.64.0.2","33348","1448","2469386613","2303373046","948764365","3515657398"
"18:27:47.130886","1500","47.76.60.27","80","100.64.0.2","33348","1448","2469388061","2303373046","948764365","3515657398"
"18:27:47.136382","1500","47.76.60.27","80","100.64.0.2","33348","1448","2469389509","2303373046","948764371","3515657398"
"18:27:47.136391","1500","47.76.60.27","80","100.64.0.2","33348","1448","2469390957","2303373046","948764371","3515657398"
"18:27:47.141905","1500","47.76.60.27","80","100.64.0.2","33348","1448","2469392405","2303373046","948764376","3515657398"
"18:27:47.141914","1500","47.76.60.27","80","100.64.0.2","33348","1448","2469393853","2303373046","948764376","3515657398"
"18:27:47.147436","1500","47.76.60.27","80","100.64.0.2","33348","1448","2469395301","2303373046","948764382","3515657398"
"18:27:47.147444","1500","47.76.60.27","80","100.64.0.2","33348","1448","2469396749","2303373046","948764382","3515657398"
"18:27:47.152946","1500","47.76.60.27","80","100.64.0.2","33348","1448","2469398197","2303373046","948764387","3515657398"
"18:27:47.152955","1500","47.76.60.27","80","100.64.0.2","33348","1448","2469399645","2303373046","948764387","3515657398"
"18:27:47.158464","1500","47.76.60.27","80","100.64.0.2","33348","1448","2469401093","2303373046","948764393","3515657398"
"18:27:47.158473","1500","47.76.60.27","80","100.64.0.2","33348","1448","2469402541","2303373046","948764393","3515657398"
"18:27:47.164027","1500","47.76.60.27","80","100.64.0.2","33348","1448","2469403989","2303373046","948764399","3515657398"
"18:27:47.164037","1500","47.76.60.27","80","100.64.0.2","33348","1448","2469405437","2303373046","948764399","3515657398"
"18:27:47.169530","1500","47.76.60.27","80","100.64.0.2","33348","1448","2469406885","2303373046","948764404","3515657398"
"18:27:47.169540","1500","47.76.60.27","80","100.64.0.2","33348","1448","2469408333","2303373046","948764404","3515657398"
"18:27:47.175056","1500","47.76.60.27","80","100.64.0.2","33348","1448","2469409781","2303373046","948764410","3515657398"
"18:27:47.175068","1500","47.76.60.27","80","100.64.0.2","33348","1448","2469411229","2303373046","948764410","3515657398"
"18:27:47.180622","1500","47.76.60.27","80","100.64.0.2","33348","1448","2469412677","2303373046","948764415","3515657398"
"18:27:47.180632","1500","47.76.60.27","80","100.64.0.2","33348","1448","2469414125","2303373046","948764415","3515657398"
"18:27:47.186115","1500","47.76.60.27","80","100.64.0.2","33348","1448","2469415573","2303373046","948764421","3515657398"
"18:27:47.186129","1500","47.76.60.27","80","100.64.0.2","33348","1448","2469417021","2303373046","948764421","3515657398"
"18:27:47.191635","1500","47.76.60.27","80","100.64.0.2","33348","1448","2469418469","2303373046","948764426","3515657398"
"18:27:47.191645","1500","47.76.60.27","80","100.64.0.2","33348","1448","2469419917","2303373046","948764426","3515657398"
"18:27:47.197116","1500","47.76.60.27","80","100.64.0.2","33348","1448","2469421365","2303373046","948764432","3515657398"
"18:27:47.199855","1500","47.76.60.27","80","100.64.0.2","33348","1448","2469422813","2303373046","948764434","3515657398"
"18:27:47.202664","1500","47.76.60.27","80","100.64.0.2","33348","1448","2469424261","2303373046","948764437","3515657398"
"18:27:47.202676","1500","47.76.60.27","80","100.64.0.2","33348","1448","2469425709","2303373046","948764437","3515657398"
"18:27:47.208190","1500","47.76.60.27","80","100.64.0.2","33348","1448","2469427157","2303373046","948764443","3515657398"
"18:27:47.208199","1500","47.76.60.27","80","100.64.0.2","33348","1448","2469428605","2303373046","948764443","3515657398"
"18:27:47.213709","1500","47.76.60.27","80","100.64.0.2","33348","1448","2469430053","2303373046","948764448","3515657398"
"18:27:47.213718","1500","47.76.60.27","80","100.64.0.2","33348","1448","2469431501","2303373046","948764448","3515657398"
"18:27:47.219274","1500","47.76.60.27","80","100.64.0.2","33348","1448","2469432949","2303373046","948764454","3515657398"
"18:27:47.222022","1500","47.76.60.27","80","100.64.0.2","33348","1448","2469434397","2303373046","948764457","3515657398"
"18:27:47.224781","1500","47.76.60.27","80","100.64.0.2","33348","1448","2469435845","2303373046","948764459","3515657398"
"18:27:47.227528","1500","47.76.60.27","80","100.64.0.2","33348","1448","2469437293","2303373046","948764462","3515657398"
"18:27:47.230249","1500","47.76.60.27","80","100.64.0.2","33348","1448","2469438741","2303373046","948764465","3515657557"
"18:27:47.233029","1500","47.76.60.27","80","100.64.0.2","33348","1448","2469440189","2303373046","948764468","3515657557"
"18:27:47.235820","1500","47.76.60.27","80","100.64.0.2","33348","1448","2469441637","2303373046","948764470","3515657557"
"18:27:47.238550","1500","47.76.60.27","80","100.64.0.2","33348","1448","2469443085","2303373046","948764473","3515657557"
"18:27:47.241284","1500","47.76.60.27","80","100.64.0.2","33348","1448","2469444533","2303373046","948764476","3515657557"
"18:27:47.244100","1500","47.76.60.27","80","100.64.0.2","33348","1448","2469445981","2303373046","948764479","3515657557"
"18:27:47.246821","1500","47.76.60.27","80","100.64.0.2","33348","1448","2469447429","2303373046","948764481","3515657557"
"18:27:47.249643","1500","47.76.60.27","80","100.64.0.2","33348","1448","2469448877","2303373046","948764484","3515657577"
"18:27:47.252344","1500","47.76.60.27","80","100.64.0.2","33348","1448","2469450325","2303373046","948764487","3515657577"
"18:27:47.255098","1500","47.76.60.27","80","100.64.0.2","33348","1448","2469451773","2303373046","948764490","3515657577"
"18:27:47.257875","1500","47.76.60.27","80","100.64.0.2","33348","1448","2469453221","2303373046","948764492","3515657577"
"18:27:47.260624","1500","47.76.60.27","80","100.64.0.2","33348","1448","2469454669","2303373046","948764495","3515657577"
"18:27:47.263438","1500","47.76.60.27","80","100.64.0.2","33348","1448","2469456117","2303373046","948764498","3515657577"
"18:27:47.263448","1500","47.76.60.27","80","100.64.0.2","33348","1448","2469457565","2303373046","948764498","3515657577"
"18:27:47.268927","1500","47.76.60.27","80","100.64.0.2","33348","1448","2469459013","2303373046","948764503","3515657597"
"18:27:47.268937","1500","47.76.60.27","80","100.64.0.2","33348","1448","2469460461","2303373046","948764503","3515657597"
"18:27:47.274480","1500","47.76.60.27","80","100.64.0.2","33348","1448","2469461909","2303373046","948764509","3515657597"
"18:27:47.274489","1500","47.76.60.27","80","100.64.0.2","33348","1448","2469463357","2303373046","948764509","3515657597"
"18:27:47.280015","1500","47.76.60.27","80","100.64.0.2","33348","1448","2469464805","2303373046","948764515","3515657597"
"18:27:47.280024","702","47.76.60.27","80","100.64.0.2","33348","650","2469466253","2303373046","948764515","3515657597"
"18:27:47.870581","1500","47.76.60.27","80","100.64.0.2","33348","1448","2469364893","2303373046","948765105","3515657917"
"18:27:48.029571","1500","47.76.60.27","80","100.64.0.2","33348","1448","2469367789","2303373046","948765264","3515658358"
"18:27:48.030918","1500","47.76.60.27","80","100.64.0.2","33348","1448","2469369237","2303373046","948765265","3515658358"
"18:27:48.030927","1500","47.76.60.27","80","100.64.0.2","33348","1448","2469370685","2303373046","948765265","3515658358"
"18:27:48.036442","1500","47.76.60.27","80","100.64.0.2","33348","1448","2469372133","2303373046","948765271","3515658358"
"18:27:48.036462","1500","47.76.60.27","80","100.64.0.2","33348","1448","2469373581","2303373046","948765271","3515658358"
"18:27:48.041981","1500","47.76.60.27","80","100.64.0.2","33348","1448","2469375029","2303373046","948765276","3515658358"
"18:27:48.041993","1500","47.76.60.27","80","100.64.0.2","33348","1448","2469376477","2303373046","948765276","3515658358"
"18:27:48.047529","1500","47.76.60.27","80","100.64.0.2","33348","1448","2469377925","2303373046","948765282","3515658358"
"18:27:48.047541","1500","47.76.60.27","80","100.64.0.2","33348","1448","2469379373","2303373046","948765282","3515658358"
"18:27:48.053006","1500","47.76.60.27","80","100.64.0.2","33348","1448","2469380821","2303373046","948765288","3515658358"
"18:27:48.053014","1500","47.76.60.27","80","100.64.0.2","33348","1448","2469382269","2303373046","948765288","3515658358"
"18:27:48.058540","1500","47.76.60.27","80","100.64.0.2","33348","1448","2469383717","2303373046","948765293","3515658358"
"18:27:48.058550","1500","47.76.60.27","80","100.64.0.2","33348","1448","2469385165","2303373046","948765293","3515658358"
"18:27:48.064040","1500","47.76.60.27","80","100.64.0.2","33348","1448","2469386613","2303373046","948765299","3515658358"
"18:27:48.064050","1500","47.76.60.27","80","100.64.0.2","33348","1448","2469388061","2303373046","948765299","3515658358"
"18:27:48.069562","1500","47.76.60.27","80","100.64.0.2","33348","1448","2469389509","2303373046","948765304","3515658358"
"18:27:48.069572","1500","47.76.60.27","80","100.64.0.2","33348","1448","2469390957","2303373046","948765304","3515658358"
"18:27:48.075108","1500","47.76.60.27","80","100.64.0.2","33348","1448","2469392405","2303373046","948765310","3515658358"
"18:27:48.075119","1500","47.76.60.27","80","100.64.0.2","33348","1448","2469393853","2303373046","948765310","3515658358"
"18:27:48.080599","1500","47.76.60.27","80","100.64.0.2","33348","1448","2469395301","2303373046","948765315","3515658358"
"18:27:48.080617","1500","47.76.60.27","80","100.64.0.2","33348","1448","2469396749","2303373046","948765315","3515658358"
"18:27:48.086147","1500","47.76.60.27","80","100.64.0.2","33348","1448","2469398197","2303373046","948765321","3515658358"
"18:27:48.086160","1500","47.76.60.27","80","100.64.0.2","33348","1448","2469399645","2303373046","948765321","3515658358"
"18:27:48.091689","1500","47.76.60.27","80","100.64.0.2","33348","1448","2469401093","2303373046","948765326","3515658358"
"18:27:48.091700","1500","47.76.60.27","80","100.64.0.2","33348","1448","2469402541","2303373046","948765326","3515658358"
"18:27:48.097182","1500","47.76.60.27","80","100.64.0.2","33348","1448","2469403989","2303373046","948765332","3515658358"
"18:27:48.097191","1500","47.76.60.27","80","100.64.0.2","33348","1448","2469405437","2303373046","948765332","3515658358"
"18:27:48.102724","1500","47.76.60.27","80","100.64.0.2","33348","1448","2469406885","2303373046","948765337","3515658358"
"18:27:48.102734","1500","47.76.60.27","80","100.64.0.2","33348","1448","2469408333","2303373046","948765337","3515658358"
"18:27:48.108244","1500","47.76.60.27","80","100.64.0.2","33348","1448","2469409781","2303373046","948765343","3515658358"
"18:27:48.108255","1500","47.76.60.27","80","100.64.0.2","33348","1448","2469411229","2303373046","948765343","3515658358"
"18:27:48.113793","1500","47.76.60.27","80","100.64.0.2","33348","1448","2469412677","2303373046","948765348","3515658358"
"18:27:48.113805","1500","47.76.60.27","80","100.64.0.2","33348","1448","2469414125","2303373046","948765348","3515658358"
"18:27:48.119297","1500","47.76.60.27","80","100.64.0.2","33348","1448","2469415573","2303373046","948765354","3515658358"
"18:27:48.119305","1500","47.76.60.27","80","100.64.0.2","33348","1448","2469417021","2303373046","948765354","3515658358"
"18:27:48.124826","1500","47.76.60.27","80","100.64.0.2","33348","1448","2469418469","2303373046","948765359","3515658358"
"18:27:48.124836","1500","47.76.60.27","80","100.64.0.2","33348","1448","2469419917","2303373046","948765359","3515658358"
"18:27:48.148217","1500","47.76.60.27","80","100.64.0.2","33348","1448","2469421365","2303373046","948765365","3515658358"
"18:27:48.149362","1500","47.76.60.27","80","100.64.0.2","33348","1448","2469422813","2303373046","948765368","3515658358"
"18:27:48.149374","1500","47.76.60.27","80","100.64.0.2","33348","1448","2469424261","2303373046","948765370","3515658358"
"18:27:48.149380","1500","47.76.60.27","80","100.64.0.2","33348","1448","2469425709","2303373046","948765370","3515658358"
"18:27:48.149385","1500","47.76.60.27","80","100.64.0.2","33348","1448","2469427157","2303373046","948765376","3515658358"
"18:27:48.149392","1500","47.76.60.27","80","100.64.0.2","33348","1448","2469428605","2303373046","948765376","3515658358"
"18:27:48.149401","1500","47.76.60.27","80","100.64.0.2","33348","1448","2469430053","2303373046","948765381","3515658358"
"18:27:48.149408","1500","47.76.60.27","80","100.64.0.2","33348","1448","2469431501","2303373046","948765381","3515658358"
"18:27:48.152427","1500","47.76.60.27","80","100.64.0.2","33348","1448","2469432949","2303373046","948765387","3515658358"
"18:27:48.155149","1500","47.76.60.27","80","100.64.0.2","33348","1448","2469434397","2303373046","948765390","3515658358"
"18:27:48.157939","1500","47.76.60.27","80","100.64.0.2","33348","1448","2469435845","2303373046","948765392","3515658358"
"18:27:48.160703","1500","47.76.60.27","80","100.64.0.2","33348","1448","2469437293","2303373046","948765395","3515658358"
"18:27:48.163495","1500","47.76.60.27","80","100.64.0.2","33348","1448","2469438741","2303373046","948765398","3515658358"
"18:27:48.166202","1500","47.76.60.27","80","100.64.0.2","33348","1448","2469440189","2303373046","948765401","3515658358"
"18:27:48.168962","1500","47.76.60.27","80","100.64.0.2","33348","1448","2469441637","2303373046","948765404","3515658358"
"18:27:48.171769","1500","47.76.60.27","80","100.64.0.2","33348","1448","2469443085","2303373046","948765406","3515658358"
"18:27:48.174487","1500","47.76.60.27","80","100.64.0.2","33348","1448","2469444533","2303373046","948765409","3515658358"
"18:27:48.177281","1500","47.76.60.27","80","100.64.0.2","33348","1448","2469445981","2303373046","948765412","3515658358"
"18:27:48.180027","1500","47.76.60.27","80","100.64.0.2","33348","1448","2469447429","2303373046","948765415","3515658358"
"18:27:48.182784","1500","47.76.60.27","80","100.64.0.2","33348","1448","2469448877","2303373046","948765417","3515658358"
"18:27:48.185547","1500","47.76.60.27","80","100.64.0.2","33348","1448","2469450325","2303373046","948765420","3515658358"
"18:27:48.188331","1500","47.76.60.27","80","100.64.0.2","33348","1448","2469451773","2303373046","948765423","3515658358"
"18:27:48.191069","1500","47.76.60.27","80","100.64.0.2","33348","1448","2469453221","2303373046","948765426","3515658517"
"18:27:48.193831","1500","47.76.60.27","80","100.64.0.2","33348","1448","2469454669","2303373046","948765428","3515658517"
"18:27:48.196666","1500","47.76.60.27","80","100.64.0.2","33348","1448","2469456117","2303373046","948765431","3515658517"
"18:27:48.196677","1500","47.76.60.27","80","100.64.0.2","33348","1448","2469457565","2303373046","948765431","3515658517"
"18:27:48.202123","1500","47.76.60.27","80","100.64.0.2","33348","1448","2469459013","2303373046","948765437","3515658517"
"18:27:48.202133","1500","47.76.60.27","80","100.64.0.2","33348","1448","2469460461","2303373046","948765437","3515658517"
"18:27:48.207648","1500","47.76.60.27","80","100.64.0.2","33348","1448","2469461909","2303373046","948765442","3515658517"
"18:27:48.207659","1500","47.76.60.27","80","100.64.0.2","33348","1448","2469463357","2303373046","948765442","3515658517"
"18:27:48.213224","1500","47.76.60.27","80","100.64.0.2","33348","1448","2469464805","2303373046","948765448","3515658538"
"18:27:48.213236","702","47.76.60.27","80","100.64.0.2","33348","650","2469466253","2303373046","948765448","3515658538"
"18:27:48.830640","1500","47.76.60.27","80","100.64.0.2","33348","1448","2469379373","2303373046","948766065","3515658838"
"18:27:48.989528","1500","47.76.60.27","80","100.64.0.2","33348","1448","2469382269","2303373046","948766224","3515659318"
"18:27:48.990950","1500","47.76.60.27","80","100.64.0.2","33348","1448","2469383717","2303373046","948766225","3515659318"
"18:27:48.990958","1500","47.76.60.27","80","100.64.0.2","33348","1448","2469385165","2303373046","948766225","3515659318"
"18:27:48.996392","1500","47.76.60.27","80","100.64.0.2","33348","1448","2469386613","2303373046","948766231","3515659318"
"18:27:48.996401","1500","47.76.60.27","80","100.64.0.2","33348","1448","2469388061","2303373046","948766231","3515659318"
"18:27:49.001960","1500","47.76.60.27","80","100.64.0.2","33348","1448","2469389509","2303373046","948766236","3515659318"
"18:27:49.001969","1500","47.76.60.27","80","100.64.0.2","33348","1448","2469390957","2303373046","948766236","3515659318"
"18:27:49.007462","1500","47.76.60.27","80","100.64.0.2","33348","1448","2469392405","2303373046","948766242","3515659318"
"18:27:49.007472","1500","47.76.60.27","80","100.64.0.2","33348","1448","2469393853","2303373046","948766242","3515659318"
"18:27:49.012979","1500","47.76.60.27","80","100.64.0.2","33348","1448","2469395301","2303373046","948766248","3515659318"
"18:27:49.012988","1500","47.76.60.27","80","100.64.0.2","33348","1448","2469396749","2303373046","948766248","3515659318"
"18:27:49.018525","1500","47.76.60.27","80","100.64.0.2","33348","1448","2469398197","2303373046","948766253","3515659318"
"18:27:49.018534","1500","47.76.60.27","80","100.64.0.2","33348","1448","2469399645","2303373046","948766253","3515659318"
"18:27:49.024034","1500","47.76.60.27","80","100.64.0.2","33348","1448","2469401093","2303373046","948766259","3515659318"
"18:27:49.024043","1500","47.76.60.27","80","100.64.0.2","33348","1448","2469402541","2303373046","948766259","3515659318"
"18:27:49.029553","1500","47.76.60.27","80","100.64.0.2","33348","1448","2469403989","2303373046","948766264","3515659318"
"18:27:49.029563","1500","47.76.60.27","80","100.64.0.2","33348","1448","2469405437","2303373046","948766264","3515659318"
"18:27:49.035064","1500","47.76.60.27","80","100.64.0.2","33348","1448","2469406885","2303373046","948766270","3515659318"
"18:27:49.035069","1500","47.76.60.27","80","100.64.0.2","33348","1448","2469408333","2303373046","948766270","3515659318"
"18:27:49.040574","1500","47.76.60.27","80","100.64.0.2","33348","1448","2469409781","2303373046","948766275","3515659318"
"18:27:49.040579","1500","47.76.60.27","80","100.64.0.2","33348","1448","2469411229","2303373046","948766275","3515659318"
"18:27:49.046119","1500","47.76.60.27","80","100.64.0.2","33348","1448","2469412677","2303373046","948766281","3515659318"
"18:27:49.046124","1500","47.76.60.27","80","100.64.0.2","33348","1448","2469414125","2303373046","948766281","3515659318"
"18:27:49.051695","1500","47.76.60.27","80","100.64.0.2","33348","1448","2469415573","2303373046","948766286","3515659318"
"18:27:49.051710","1500","47.76.60.27","80","100.64.0.2","33348","1448","2469417021","2303373046","948766286","3515659318"
"18:27:49.057168","1500","47.76.60.27","80","100.64.0.2","33348","1448","2469418469","2303373046","948766292","3515659318"
"18:27:49.057185","1500","47.76.60.27","80","100.64.0.2","33348","1448","2469419917","2303373046","948766292","3515659318"
"18:27:49.062701","1500","47.76.60.27","80","100.64.0.2","33348","1448","2469421365","2303373046","948766297","3515659318"
"18:27:49.065431","1500","47.76.60.27","80","100.64.0.2","33348","1448","2469422813","2303373046","948766300","3515659318"
"18:27:49.068262","1500","47.76.60.27","80","100.64.0.2","33348","1448","2469424261","2303373046","948766303","3515659318"
"18:27:49.068271","1500","47.76.60.27","80","100.64.0.2","33348","1448","2469425709","2303373046","948766303","3515659318"
"18:27:49.073788","1500","47.76.60.27","80","100.64.0.2","33348","1448","2469427157","2303373046","948766308","3515659318"
"18:27:49.073797","1500","47.76.60.27","80","100.64.0.2","33348","1448","2469428605","2303373046","948766308","3515659318"
"18:27:49.079265","1500","47.76.60.27","80","100.64.0.2","33348","1448","2469430053","2303373046","948766314","3515659318"
"18:27:49.079274","1500","47.76.60.27","80","100.64.0.2","33348","1448","2469431501","2303373046","948766314","3515659318"
"18:27:49.084785","1500","47.76.60.27","80","100.64.0.2","33348","1448","2469432949","2303373046","948766319","3515659318"
"18:27:49.087545","1500","47.76.60.27","80","100.64.0.2","33348","1448","2469434397","2303373046","948766322","3515659318"
"18:27:49.090300","1500","47.76.60.27","80","100.64.0.2","33348","1448","2469435845","2303373046","948766325","3515659318"
"18:27:49.093161","1500","47.76.60.27","80","100.64.0.2","33348","1448","2469437293","2303373046","948766328","3515659318"
"18:27:49.095781","1500","47.76.60.27","80","100.64.0.2","33348","1448","2469438741","2303373046","948766330","3515659318"
"18:27:49.098625","1500","47.76.60.27","80","100.64.0.2","33348","1448","2469440189","2303373046","948766333","3515659318"
"18:27:49.101371","1500","47.76.60.27","80","100.64.0.2","33348","1448","2469441637","2303373046","948766336","3515659318"
"18:27:49.104138","1500","47.76.60.27","80","100.64.0.2","33348","1448","2469443085","2303373046","948766339","3515659318"
"18:27:49.106877","1500","47.76.60.27","80","100.64.0.2","33348","1448","2469444533","2303373046","948766341","3515659318"
"18:27:49.109653","1500","47.76.60.27","80","100.64.0.2","33348","1448","2469445981","2303373046","948766344","3515659318"
"18:27:49.112373","1500","47.76.60.27","80","100.64.0.2","33348","1448","2469447429","2303373046","948766347","3515659318"
"18:27:49.115396","1500","47.76.60.27","80","100.64.0.2","33348","1448","2469448877","2303373046","948766350","3515659318"
"18:27:49.117934","1500","47.76.60.27","80","100.64.0.2","33348","1448","2469450325","2303373046","948766352","3515659318"
"18:27:49.120722","1500","47.76.60.27","80","100.64.0.2","33348","1448","2469451773","2303373046","948766355","3515659318"
"18:27:49.123583","1500","47.76.60.27","80","100.64.0.2","33348","1448","2469453221","2303373046","948766358","3515659318"
"18:27:49.126205","1500","47.76.60.27","80","100.64.0.2","33348","1448","2469454669","2303373046","948766361","3515659318"
"18:27:49.128995","1500","47.76.60.27","80","100.64.0.2","33348","1448","2469456117","2303373046","948766364","3515659318"
"18:27:49.129003","1500","47.76.60.27","80","100.64.0.2","33348","1448","2469457565","2303373046","948766364","3515659318"
"18:27:49.134498","1500","47.76.60.27","80","100.64.0.2","33348","1448","2469459013","2303373046","948766369","3515659318"
"18:27:49.134507","1500","47.76.60.27","80","100.64.0.2","33348","1448","2469460461","2303373046","948766369","3515659318"
"18:27:49.140021","1500","47.76.60.27","80","100.64.0.2","33348","1448","2469461909","2303373046","948766375","3515659318"
"18:27:49.140031","1500","47.76.60.27","80","100.64.0.2","33348","1448","2469463357","2303373046","948766375","3515659318"
"18:27:49.145544","1500","47.76.60.27","80","100.64.0.2","33348","1448","2469464805","2303373046","948766380","3515659318"
"18:27:49.145553","702","47.76.60.27","80","100.64.0.2","33348","650","2469466253","2303373046","948766380","3515659318"
"18:27:49.790757","1500","47.76.60.27","80","100.64.0.2","33348","1448","2469393853","2303373046","948767025","3515659777"
"18:27:49.948898","1500","47.76.60.27","80","100.64.0.2","33348","1448","2469396749","2303373046","948767183","3515660278"
"18:27:49.950215","1500","47.76.60.27","80","100.64.0.2","33348","1448","2469398197","2303373046","948767185","3515660278"
"18:27:49.950224","1500","47.76.60.27","80","100.64.0.2","33348","1448","2469399645","2303373046","948767185","3515660278"
"18:27:49.955790","1500","47.76.60.27","80","100.64.0.2","33348","1448","2469401093","2303373046","948767190","3515660278"
"18:27:49.955800","1500","47.76.60.27","80","100.64.0.2","33348","1448","2469402541","2303373046","948767190","3515660278"
"18:27:49.961290","1500","47.76.60.27","80","100.64.0.2","33348","1448","2469403989","2303373046","948767196","3515660278"
"18:27:49.961299","1500","47.76.60.27","80","100.64.0.2","33348","1448","2469405437","2303373046","948767196","3515660278"
"18:27:49.966846","1500","47.76.60.27","80","100.64.0.2","33348","1448","2469406885","2303373046","948767201","3515660278"
"18:27:49.966861","1500","47.76.60.27","80","100.64.0.2","33348","1448","2469408333","2303373046","948767201","3515660278"
"18:27:49.972345","1500","47.76.60.27","80","100.64.0.2","33348","1448","2469409781","2303373046","948767207","3515660278"
"18:27:49.972354","1500","47.76.60.27","80","100.64.0.2","33348","1448","2469411229","2303373046","948767207","3515660278"
"18:27:49.977894","1500","47.76.60.27","80","100.64.0.2","33348","1448","2469412677","2303373046","948767212","3515660278"
"18:27:49.977904","1500","47.76.60.27","80","100.64.0.2","33348","1448","2469414125","2303373046","948767212","3515660278"
"18:27:49.983372","1500","47.76.60.27","80","100.64.0.2","33348","1448","2469415573","2303373046","948767218","3515660278"
"18:27:49.983382","1500","47.76.60.27","80","100.64.0.2","33348","1448","2469417021","2303373046","948767218","3515660278"
"18:27:49.988964","1500","47.76.60.27","80","100.64.0.2","33348","1448","2469418469","2303373046","948767223","3515660278"
"18:27:49.988976","1500","47.76.60.27","80","100.64.0.2","33348","1448","2469419917","2303373046","948767223","3515660278"
"18:27:49.994397","1500","47.76.60.27","80","100.64.0.2","33348","1448","2469421365","2303373046","948767229","3515660278"
"18:27:49.997159","1500","47.76.60.27","80","100.64.0.2","33348","1448","2469422813","2303373046","948767232","3515660278"
"18:27:49.999952","1500","47.76.60.27","80","100.64.0.2","33348","1448","2469424261","2303373046","948767234","3515660278"
"18:27:49.999963","1500","47.76.60.27","80","100.64.0.2","33348","1448","2469425709","2303373046","948767234","3515660278"
"18:27:50.005438","1500","47.76.60.27","80","100.64.0.2","33348","1448","2469427157","2303373046","948767240","3515660278"
"18:27:50.005449","1500","47.76.60.27","80","100.64.0.2","33348","1448","2469428605","2303373046","948767240","3515660278"
"18:27:50.011005","1500","47.76.60.27","80","100.64.0.2","33348","1448","2469430053","2303373046","948767246","3515660278"
"18:27:50.011014","1500","47.76.60.27","80","100.64.0.2","33348","1448","2469431501","2303373046","948767246","3515660278"
"18:27:50.016480","1500","47.76.60.27","80","100.64.0.2","33348","1448","2469432949","2303373046","948767251","3515660278"
"18:27:50.019263","1500","47.76.60.27","80","100.64.0.2","33348","1448","2469434397","2303373046","948767254","3515660278"
"18:27:50.022028","1500","47.76.60.27","80","100.64.0.2","33348","1448","2469435845","2303373046","948767257","3515660278"
"18:27:50.024804","1500","47.76.60.27","80","100.64.0.2","33348","1448","2469437293","2303373046","948767259","3515660278"
"18:27:50.027590","1500","47.76.60.27","80","100.64.0.2","33348","1448","2469438741","2303373046","948767262","3515660278"
"18:27:50.030324","1500","47.76.60.27","80","100.64.0.2","33348","1448","2469440189","2303373046","948767265","3515660278"
"18:27:50.033099","1500","47.76.60.27","80","100.64.0.2","33348","1448","2469441637","2303373046","948767268","3515660278"
"18:27:50.035817","1500","47.76.60.27","80","100.64.0.2","33348","1448","2469443085","2303373046","948767270","3515660278"
"18:27:50.038589","1500","47.76.60.27","80","100.64.0.2","33348","1448","2469444533","2303373046","948767273","3515660278"
"18:27:50.041380","1500","47.76.60.27","80","100.64.0.2","33348","1448","2469445981","2303373046","948767276","3515660278"
"18:27:50.044124","1500","47.76.60.27","80","100.64.0.2","33348","1448","2469447429","2303373046","948767279","3515660278"
"18:27:50.046894","1500","47.76.60.27","80","100.64.0.2","33348","1448","2469448877","2303373046","948767281","3515660278"
"18:27:50.049645","1500","47.76.60.27","80","100.64.0.2","33348","1448","2469450325","2303373046","948767284","3515660278"
"18:27:50.052441","1500","47.76.60.27","80","100.64.0.2","33348","1448","2469451773","2303373046","948767287","3515660278"
"18:27:50.055179","1500","47.76.60.27","80","100.64.0.2","33348","1448","2469453221","2303373046","948767290","3515660278"
"18:27:50.057916","1500","47.76.60.27","80","100.64.0.2","33348","1448","2469454669","2303373046","948767292","3515660278"
"18:27:50.060706","1500","47.76.60.27","80","100.64.0.2","33348","1448","2469456117","2303373046","948767295","3515660278"
"18:27:50.060718","1500","47.76.60.27","80","100.64.0.2","33348","1448","2469457565","2303373046","948767295","3515660278"
"18:27:50.066216","1500","47.76.60.27","80","100.64.0.2","33348","1448","2469459013","2303373046","948767301","3515660278"
"18:27:50.066226","1500","47.76.60.27","80","100.64.0.2","33348","1448","2469460461","2303373046","948767301","3515660278"
"18:27:50.071798","1500","47.76.60.27","80","100.64.0.2","33348","1448","2469461909","2303373046","948767306","3515660278"
"18:27:50.071808","1500","47.76.60.27","80","100.64.0.2","33348","1448","2469463357","2303373046","948767306","3515660278"
"18:27:50.077280","1500","47.76.60.27","80","100.64.0.2","33348","1448","2469464805","2303373046","948767312","3515660278"
"18:27:50.077289","702","47.76.60.27","80","100.64.0.2","33348","650","2469466253","2303373046","948767312","3515660278"
"18:27:50.608745","52","47.76.60.27","80","100.64.0.2","33348","0","2469466903","2303373047","948767843","3515660950"
"18:27:50.750617","1500","47.76.60.27","80","100.64.0.2","33348","1448","2469408333","2303373047","948767985","3515660950"
