1	0	0	0.0
1	0	1	0.0041310420347659025
1	0	2	0.03433925376476082
1	0	3	0.038720167608011655
1	0	4	0.05492468100389184
1	0	5	0.054547850026210654
1	0	6	0.0691845834723605
1	0	7	0.06809823471937786
1	0	8	0.034811956484435136
1	0	9	0.03388811982909996
1	0	10	0.05972102491656536
1	0	11	0.05187506157689451
1	1	1	0.0
1	1	2	0.03493428841892872
1	1	3	0.034859814927030025
1	1	4	0.05200118084116588
1	1	5	0.050501210432483075
1	1	6	0.0704003573744095
1	1	7	0.06892513067828639
1	1	8	0.03144437859060906
1	1	9	0.034116678770225124
1	1	10	0.052248901929937135
1	1	11	0.053157239645872524
1	2	2	0.0
1	2	3	0.01174727031704808
1	2	4	0.024213216712572223
1	2	5	0.023965939951166446
1	2	6	0.04437990174758373
1	2	7	0.03965674854214727
1	2	8	0.006665046045239094
1	2	9	0.00440384182909729
1	2	10	0.033410500148032554
1	2	11	0.050200448076367296
1	3	3	0.0
1	3	4	0.025447424017531577
1	3	5	0.02495539688324142
1	3	6	0.04190152488248108
1	3	7	0.03941521456504739
1	3	8	0.007490478789097526
1	3	9	0.014495591199142331
1	3	10	0.03949101207248908
1	3	11	0.04776057523926093
1	4	4	0.0
1	4	5	0.004498247835524833
1	4	6	0.03208828270933534
1	4	7	0.02685155703013859
1	4	8	0.027223307916048926
1	4	9	0.025573117393378197
1	4	10	0.044614973819499346
1	4	11	0.06086854477338388
1	5	5	0.0
1	5	6	0.032591083479777204
1	5	7	0.02672745249227167
1	5	8	0.026482091404937416
1	5	9	0.02553113609251846
1	5	10	0.044703231000502885
1	5	11	0.06053068534386323
1	6	6	0.0
1	6	7	0.009309041120490712
1	6	8	0.045623531620603966
1	6	9	0.044933340915299
1	6	10	0.060698098051345045
1	6	11	0.07281444540920919
1	7	7	0.0
1	7	8	0.04121197351796646
1	7	9	0.040635913030361445
1	7	10	0.05630032540426881
1	7	11	0.07074139383929064
1	8	8	0.0
1	8	9	0.009174191997299718
1	8	10	0.03530366925834481
1	8	11	0.04848393599474872
1	9	9	0.0
1	9	10	0.03204831395130878
1	9	11	0.04974562468217974
1	10	10	0.0
1	10	11	0.03859296684113315
1	11	11	0.0
2	0	0	0.0
2	0	1	0.010687752913827207
2	0	2	0.033723399695111934
2	0	3	0.03452079907999976
2	0	4	0.04152479234962987
2	0	5	0.042209745665210505
2	0	6	0.09664331556212585
2	0	7	0.08991590716164029
2	0	8	0.03249858376525876
2	0	9	0.03521514499096396
2	0	10	0.04289156636227329
2	0	11	0.038021200758360775
2	1	1	0.0
2	1	2	0.03811539622450874
2	1	3	0.039377505891783474
2	1	4	0.050303458696036335
2	1	5	0.05108958861228382
2	1	6	0.1234196617593382
2	1	7	0.11719235174192179
2	1	8	0.040348182698933206
2	1	9	0.03966136469205399
2	1	10	0.0463756380737862
2	1	11	0.044444330420774
2	2	2	0.0
2	2	3	0.0061466334215420975
2	2	4	0.01404098993473815
2	2	5	0.011394791258466744
2	2	6	0.025838281322636564
2	2	7	0.02598355875260939
2	2	8	0.0134197202491365
2	2	9	0.012572004333102309
2	2	10	0.019625368420696048
2	2	11	0.02265356093291994
2	3	3	0.0
2	3	4	0.015845239474144113
2	3	5	0.013287621880871058
2	3	6	0.02635976153627712
2	3	7	0.026553258686471466
2	3	8	0.011594531212539219
2	3	9	0.010626695995932642
2	3	10	0.016595491276442862
2	3	11	0.02067762788103112
2	4	4	0.0
2	4	5	0.005711960771978853
2	4	6	0.027274945068928816
2	4	7	0.0263849508895681
2	4	8	0.019722760174027725
2	4	9	0.019416605732872537
2	4	10	0.026059121803041953
2	4	11	0.020559522972132992
2	5	5	0.0
2	5	6	0.025700801332302313
2	5	7	0.025404743030046986
2	5	8	0.018765975851862102
2	5	9	0.018490713138215036
2	5	10	0.025649806709532222
2	5	11	0.022786143391606766
2	6	6	0.0
2	6	7	0.021515425743946815
2	6	8	0.024146279654268545
2	6	9	0.024456892759736257
2	6	10	0.03400057411792303
2	6	11	0.026893585834399523
2	7	7	0.0
2	7	8	0.028473172692072248
2	7	9	0.02771057541933707
2	7	10	0.027853360205103955
2	7	11	0.030353731241562678
2	8	8	0.0
2	8	9	0.003645433416930202
2	8	10	0.016949849349023532
2	8	11	0.011887244438041554
2	9	9	0.0
2	9	10	0.016168202695507287
2	9	11	0.012476055948240007
2	10	10	0.0
2	10	11	0.01534058423257471
2	11	11	0.0
3	0	0	0.0
3	0	1	0.1636587756582884
3	0	2	0.1412084801713862
3	0	3	0.17598881048527154
3	0	4	0.17949512595338607
3	0	5	0.1821996136483821
3	0	6	0.20757398435081645
3	0	7	0.09447013319085737
3	0	8	0.12710347689651078
3	0	9	0.2158271245537728
3	0	10	0.16275102397995284
3	0	11	0.16973186326039283
3	1	1	0.0
3	1	2	0.20159200307859734
3	1	3	0.20789840062182477
3	1	4	0.20584052875767733
3	1	5	0.20925396219936246
3	1	6	0.20871781616789312
3	1	7	0.27636608573930127
3	1	8	0.17493723763020347
3	1	9	0.23476718708489563
3	1	10	0.16511134030435667
3	1	11	0.19720568405892305
3	2	2	0.0
3	2	3	0.2660566347487669
3	2	4	0.25233862881979613
3	2	5	0.2805199395391074
3	2	6	0.319926206372642
3	2	7	0.07184910081600497
3	2	8	0.26715194074703114
3	2	9	0.28861995122164946
3	2	10	0.25888284349306173
3	2	11	0.13185445506066557
3	3	3	0.0
3	3	4	0.030556478454217093
3	3	5	0.05341379470445893
3	3	6	0.07218193371940955
3	3	7	0.2213240198048574
3	3	8	0.09276466958063881
3	3	9	0.2263305957368776
3	3	10	0.12838982916615801
3	3	11	0.14310090733649394
3	4	4	0.0
3	4	5	0.03893780944699591
3	4	6	0.07427759559252434
3	4	7	0.21410900259299295
3	4	8	0.09820523802995483
3	4	9	0.17071616935328676
3	4	10	0.0777335741340522
3	4	11	0.13075460408077533
3	5	5	0.0
3	5	6	0.05039908610345182
3	5	7	0.2617351981563741
3	5	8	0.07568237339254728
3	5	9	0.13620659789229833
3	5	10	0.05385798708087267
3	5	11	0.1551978218758648
3	6	6	0.0
3	6	7	0.27051128310132977
3	6	8	0.07660297326306756
3	6	9	0.13222137053521404
3	6	10	0.050114195499177554
3	6	11	0.2071989833699967
3	7	7	0.0
3	7	8	0.22982196508291056
3	7	9	0.3180174143154149
3	7	10	0.2574570655258969
3	7	11	0.0999090814070737
3	8	8	0.0
3	8	9	0.08227853982731007
3	8	10	0.053774147373131506
3	8	11	0.1867362049801207
3	9	9	0.0
3	9	10	0.04281320570762576
3	9	11	0.23113110839997253
3	10	10	0.0
3	10	11	0.16979965369912456
3	11	11	0.0
4	0	0	0.0
4	0	1	0.009570469035092937
4	0	2	0.022425472287274293
4	0	3	0.0200893621815257
4	0	4	0.02158409375230206
4	0	5	0.022685124557299544
4	0	6	0.032773881496802805
4	0	7	0.03866114789069235
4	0	8	0.030454050090512816
4	0	9	0.02148466574462902
4	0	10	0.023721240938389745
4	0	11	0.02647879072461235
4	1	1	0.0
4	1	2	0.022191174206982984
4	1	3	0.023539275698684862
4	1	4	0.02190028786083736
4	1	5	0.023287729867837288
4	1	6	0.03548383973442645
4	1	7	0.037655233055392597
4	1	8	0.031119008612445362
4	1	9	0.023549781485616546
4	1	10	0.026475516667027653
4	1	11	0.025665338726239204
4	2	2	0.0
4	2	3	0.01113979323162238
4	2	4	0.012126536541177917
4	2	5	0.023571339146803587
4	2	6	0.03409014153903873
4	2	7	0.03937396554239377
4	2	8	0.02448358421384615
4	2	9	0.004284615159417012
4	2	10	0.014795620553410448
4	2	11	0.005417729987212541
4	3	3	0.0
4	3	4	0.01850247288903857
4	3	5	0.022002377394135297
4	3	6	0.02412751535578266
4	3	7	0.030192665299133246
4	3	8	0.01792287176244458
4	3	9	0.010038798038196448
4	3	10	0.008698415898444571
4	3	11	0.01109178316614639
4	4	4	0.0
4	4	5	0.023866383151963
4	4	6	0.03875177519650016
4	4	7	0.044361922865760246
4	4	8	0.026452988482019834
4	4	9	0.011623971766557833
4	4	10	0.02257887372438922
4	4	11	0.01029158538727501
4	5	5	0.0
4	5	6	0.040775379150259076
4	5	7	0.04507014273491818
4	5	8	0.016041454643828782
4	5	9	0.022178685647943622
4	5	10	0.02301319930591655
4	5	11	0.022942069749908776
4	6	6	0.0
4	6	7	0.0204308669666089
4	6	8	0.02883379536539033
4	6	9	0.033063979113059166
4	6	10	0.03307685983816248
4	6	11	0.03354837230063503
4	7	7	0.0
4	7	8	0.03937496705155155
4	7	9	0.03562608540921025
4	7	10	0.022369659870704495
4	7	11	0.03763462755074664
4	8	8	0.0
4	8	9	0.02418878509962343
4	8	10	0.022730842204911422
4	8	11	0.024000479840403634
4	9	9	0.0
4	9	10	0.013547052000146099
4	9	11	0.004960523920727882
4	10	10	0.0
4	10	11	0.014176036312235667
4	11	11	0.0
5	0	0	0.0
5	0	1	0.05387169973212568
5	0	2	0.10296944387710028
5	0	3	0.08783850305408122
5	0	4	0.09465783387225495
5	0	5	0.0985373739411523
5	0	6	0.10175377790583298
5	0	7	0.10035285128979013
5	0	8	0.11428854702398894
5	0	9	0.1082476683659479
5	0	10	0.11347647615484675
5	0	11	0.14611692360067535
5	1	1	0.0
5	1	2	0.12356936130590838
5	1	3	0.09788427954117651
5	1	4	0.09444920899715789
5	1	5	0.09747555398026067
5	1	6	0.07957763283047825
5	1	7	0.07802482538390905
5	1	8	0.11915756263479124
5	1	9	0.10487731741741299
5	1	10	0.19311979343028723
5	1	11	0.2120236205328183
5	2	2	0.0
5	2	3	0.027944831246077228
5	2	4	0.0231188483700862
5	2	5	0.023525503420478343
5	2	6	0.17604501385840193
5	2	7	0.17407316908838766
5	2	8	0.06397291013799986
5	2	9	0.10215892977985278
5	2	10	0.07982457445914407
5	2	11	0.10392543592142829
5	3	3	0.0
5	3	4	0.035506705714578854
5	3	5	0.03582964237793931
5	3	6	0.13759020094221341
5	3	7	0.13674392506873118
5	3	8	0.06924905980067705
5	3	9	0.09931987986419699
5	3	10	0.11841871135920883
5	3	11	0.11753533829414664
5	4	4	0.0
5	4	5	0.005911763191083008
5	4	6	0.11946655372812529
5	4	7	0.11772268713175435
5	4	8	0.07013510938868421
5	4	9	0.10091949173001921
5	4	10	0.1166952790871619
5	4	11	0.12313525381287035
5	5	5	0.0
5	5	6	0.1171800100717519
5	5	7	0.11557830879537505
5	5	8	0.07003913145645128
5	5	9	0.10015486717966268
5	5	10	0.11720142208878315
5	5	11	0.12408070207839046
5	6	6	0.0
5	6	7	0.0039211820345371965
5	6	8	0.1491281276159498
5	6	9	0.13185079267714173
5	6	10	0.36644837983776596
5	6	11	0.4149326684202606
5	7	7	0.0
5	7	8	0.14930993458820013
5	7	9	0.1326182483229786
5	7	10	0.366295381373584
5	7	11	0.41485811059992556
5	8	8	0.0
5	8	9	0.061944316535937106
5	8	10	0.07630901359198106
5	8	11	0.11438422451319638
5	9	9	0.0
5	9	10	0.12056320269484785
5	9	11	0.14073670292436874
5	10	10	0.0
5	10	11	0.008564760335957544
5	11	11	0.0
6	0	0	0.0
6	0	1	0.009628595913035007
6	0	2	0.07794482286473829
6	0	3	0.0684229258884853
6	0	4	0.0726940168393945
6	0	5	0.07705122562811414
6	0	6	0.08779214045445143
6	0	7	0.07773122302049057
6	0	8	0.06480744907430129
6	0	9	0.06426460812830381
6	0	10	0.059857550305832355
6	0	11	0.06064977056914084
6	1	1	0.0
6	1	2	0.0767542638576488
6	1	3	0.0707534306609955
6	1	4	0.07277737798554863
6	1	5	0.07701932970061222
6	1	6	0.0863606567402049
6	1	7	0.07771521593111289
6	1	8	0.06422181931889749
6	1	9	0.06262156937511767
6	1	10	0.06134052919661797
6	1	11	0.05911326187252032
6	2	2	0.0
6	2	3	0.07451340545404991
6	2	4	0.040085735192337026
6	2	5	0.04146661147198274
6	2	6	0.07528561934743352
6	2	7	0.0903783576991125
6	2	8	0.044627158539546255
6	2	9	0.057602961084183904
6	2	10	0.08745503402635489
6	2	11	0.0670778102379837
6	3	3	0.0
6	3	4	0.08020678623754339
6	3	5	0.078791584967124
6	3	6	0.09953829204698203
6	3	7	0.09833458988330772
6	3	8	0.07912288107739832
6	3	9	0.089734192955068
6	3	10	0.09289707993199929
6	3	11	0.10016567879596926
6	4	4	0.0
6	4	5	0.014231344938648022
6	4	6	0.0445788037621591
6	4	7	0.0596659456893055
6	4	8	0.02853727352894133
6	4	9	0.04170698795371636
6	4	10	0.0819226209749254
6	4	11	0.06504494675988648
6	5	5	0.0
6	5	6	0.055586717225708814
6	5	7	0.07069620161574976
6	5	8	0.02747632552747659
6	5	9	0.039470159097428924
6	5	10	0.09156765041919852
6	5	11	0.07606356504773018
6	6	6	0.0
6	6	7	0.01811472054221921
6	6	8	0.08374988743588004
6	6	9	0.09947869179221444
6	6	10	0.08046479340984311
6	6	11	0.08113259312139588
6	7	7	0.0
6	7	8	0.09732609792675392
6	7	9	0.11459961675454569
6	7	10	0.06810073194160961
6	7	11	0.0945480470068769
6	8	8	0.0
6	8	9	0.022144994134093092
6	8	10	0.0907457927017635
6	8	11	0.06442497834620364
6	9	9	0.0
6	9	10	0.092217023116973
6	9	11	0.06556394193978361
6	10	10	0.0
6	10	11	0.038908171446122436
6	11	11	0.0
7	0	0	0.0
7	0	1	0.01381639659608728
7	0	2	0.025634404136273926
7	0	3	0.02410353117557568
7	0	4	0.03251887598057461
7	0	5	0.03530297376575803
7	0	6	0.045441852320862196
7	0	7	0.047634800847484615
7	0	8	0.026060190862718026
7	0	9	0.02813628939281551
7	0	10	0.025164156868943837
7	0	11	0.028343401654385193
7	1	1	0.0
7	1	2	0.022420951676661856
7	1	3	0.024142583877439436
7	1	4	0.0340443880989714
7	1	5	0.03877779999527085
7	1	6	0.05057158946028627
7	1	7	0.05364371579164141
7	1	8	0.021129972984571626
7	1	9	0.02457798790389877
7	1	10	0.029553350651344696
7	1	11	0.02429152693396229
7	2	2	0.0
7	2	3	0.00735079367547145
7	2	4	0.018565552163487316
7	2	5	0.02413561711648643
7	2	6	0.03539853589852625
7	2	7	0.03544681053136836
7	2	8	0.008740962496105356
7	2	9	0.007117227921745803
7	2	10	0.033672231021860094
7	2	11	0.008848307455714272
7	3	3	0.0
7	3	4	0.014882132618007832
7	3	5	0.018410286175980273
7	3	6	0.0326243188190862
7	3	7	0.03304795793271262
7	3	8	0.008747431148803036
7	3	9	0.005069263223400813
7	3	10	0.030540371632550734
7	3	11	0.00515028226506991
7	4	4	0.0
7	4	5	0.00969570099600944
7	4	6	0.02722824344547979
7	4	7	0.02808789466605582
7	4	8	0.020061208088801092
7	4	9	0.016192137675115174
7	4	10	0.037383203556903215
7	4	11	0.015131126829103362
7	5	5	0.0
7	5	6	0.03420014833541715
7	5	7	0.03436852419156288
7	5	8	0.025229918833203902
7	5	9	0.020490729898190663
7	5	10	0.03860347317334391
7	5	11	0.018276945021204746
7	6	6	0.0
7	6	7	0.004029889924587459
7	6	8	0.03457286636392407
7	6	9	0.03254132069335556
7	6	10	0.05079182955333805
7	6	11	0.031593330962074354
7	7	7	0.0
7	7	8	0.03484781685983762
7	7	9	0.033180074399237036
7	7	10	0.050378050542435555
7	7	11	0.030627711161083673
7	8	8	0.0
7	8	9	0.008039624758125915
7	8	10	0.028990848413204883
7	8	11	0.009193876923320389
7	9	9	0.0
7	9	10	0.030559274372131705
7	9	11	0.0032508261702556196
7	10	10	0.0
7	10	11	0.029656345826046843
7	11	11	0.0
8	0	0	0.0
8	0	1	0.004584144045006535
8	0	2	0.059788348913507275
8	0	3	0.046215010044602024
8	0	4	0.07580751062335964
8	0	5	0.07076566749939688
8	0	6	0.08550143065113437
8	0	7	0.07978474926961791
8	0	8	0.06179500035987554
8	0	9	0.06664190728830705
8	0	10	0.05410654533789643
8	0	11	0.056962752310384265
8	1	1	0.0
8	1	2	0.0651241107547672
8	1	3	0.04800740008961344
8	1	4	0.07716857544802917
8	1	5	0.07178890934698466
8	1	6	0.0903045538671246
8	1	7	0.07936748065836215
8	1	8	0.06756150867946226
8	1	9	0.06798535514925148
8	1	10	0.05415509513381886
8	1	11	0.05552500967660056
8	2	2	0.0
8	2	3	0.036752084398789235
8	2	4	0.02748193670566635
8	2	5	0.05707701904379954
8	2	6	0.08265031299226011
8	2	7	0.04468829468149986
8	2	8	0.006331685356583381
8	2	9	0.03705672675411483
8	2	10	0.06334120008416408
8	2	11	0.06108051357270533
8	3	3	0.0
8	3	4	0.059584326625458504
8	3	5	0.03268360892690995
8	3	6	0.09119961425236206
8	3	7	0.07839653027558438
8	3	8	0.03917791704103971
8	3	9	0.016454401289585138
8	3	10	0.030615704544623822
8	3	11	0.031241823048427857
8	4	4	0.0
8	4	5	0.05719014462406389
8	4	6	0.08265826278463588
8	4	7	0.054133739186007744
8	4	8	0.027382270653840367
8	4	9	0.05686902621636161
8	4	10	0.08715704819577283
8	4	11	0.08855604757475338
8	5	5	0.0
8	5	6	0.0887737580977673
8	5	7	0.07056771742594815
8	5	8	0.058344629088515315
8	5	9	0.035718956002627505
8	5	10	0.059905667366830055
8	5	11	0.059656790087449944
8	6	6	0.0
8	6	7	0.05928744812930695
8	6	8	0.08615387179873467
8	6	9	0.09110650520495446
8	6	10	0.1056946367358183
8	6	11	0.10525811413174745
8	7	7	0.0
8	7	8	0.041802303531113194
8	7	9	0.07611026784373848
8	7	10	0.09463826501143908
8	7	11	0.09977777747673927
8	8	8	0.0
8	8	9	0.0398367028310412
8	8	10	0.06599194908094912
8	8	11	0.06580989373214195
8	9	9	0.0
8	9	10	0.03901547156826529
8	9	11	0.03931879593825398
8	10	10	0.0
8	10	11	0.004429044476823111
8	11	11	0.0
9	0	0	0.0
9	0	1	0.050769446153368376
9	0	2	0.042755647707974125
9	0	3	0.04070278196074165
9	0	4	0.05119399765117989
9	0	5	0.051759110667322306
9	0	6	0.055375596651550195
9	0	7	0.057331642659759555
9	0	8	0.04094725500066399
9	0	9	0.041211012618566085
9	0	10	0.034483575258605015
9	0	11	0.034958153502941514
9	1	1	0.0
9	1	2	0.060439015069232355
9	1	3	0.05700030006066862
9	1	4	0.06801949537390978
9	1	5	0.0680022052034717
9	1	6	0.07340503359136313
9	1	7	0.07495734023491284
9	1	8	0.06600044947933997
9	1	9	0.06679505807797063
9	1	10	0.06269288287890973
9	1	11	0.06148370157578498
9	2	2	0.0
9	2	3	0.013506547967482171
9	2	4	0.022389160196487422
9	2	5	0.01737774709626993
9	2	6	0.05550358551095652
9	2	7	0.04180076079157957
9	2	8	0.04540057390663288
9	2	9	0.04082660049149277
9	2	10	0.014680012875096793
9	2	11	0.015761663570010853
9	3	3	0.0
9	3	4	0.01706791896140203
9	3	5	0.024054914708748192
9	3	6	0.04579356016169879
9	3	7	0.04146913890144788
9	3	8	0.04154168746677211
9	3	9	0.04113156085004233
9	3	10	0.019665369364815888
9	3	11	0.018764638085031038
9	4	4	0.0
9	4	5	0.01106954530777806
9	4	6	0.040309714558090834
9	4	7	0.03272447985502714
9	4	8	0.0474928323785926
9	4	9	0.04763353938253316
9	4	10	0.024546289472823446
9	4	11	0.023528106853518693
9	5	5	0.0
9	5	6	0.047845802827018884
9	5	7	0.03155883094130793
9	5	8	0.04688806431843281
9	5	9	0.04571955618189282
9	5	10	0.019394040221982323
9	5	11	0.02086281732158568
9	6	6	0.0
9	6	7	0.018772668076093044
9	6	8	0.05027285896636334
9	6	9	0.05242899376734168
9	6	10	0.042746599639826854
9	6	11	0.04215084836459937
9	7	7	0.0
9	7	8	0.06205793145625282
9	7	9	0.06048545602483779
9	7	10	0.03254037622048145
9	7	11	0.03384192806606734
9	8	8	0.0
9	8	9	0.019328350983367566
9	8	10	0.04722092441340919
9	8	11	0.048352383082146844
9	9	9	0.0
9	9	10	0.03834715685468382
9	9	11	0.04017335876096695
9	10	10	0.0
9	10	11	0.0057689525596060776
9	11	11	0.0
10	0	0	0.0
10	0	1	0.00866375936452657
10	0	2	0.027700458661355596
10	0	3	0.020899018132089015
10	0	4	0.036730727407675405
10	0	5	0.03716886716938461
10	0	6	0.05409751776159687
10	0	7	0.053032496476791695
10	0	8	0.02384372197007502
10	0	9	0.024193620616036544
10	0	10	0.023991074750256303
10	0	11	0.03044974871729436
10	1	1	0.0
10	1	2	0.033690174512702495
10	1	3	0.02251767152914323
10	1	4	0.03922801039237516
10	1	5	0.04048577338304237
10	1	6	0.05901642978608497
10	1	7	0.05366661809100834
10	1	8	0.025503225947724605
10	1	9	0.02644905384958667
10	1	10	0.026004018224339738
10	1	11	0.03178468586898741
10	2	2	0.0
10	2	3	0.038358323159627616
10	2	4	0.04760045472001037
10	2	5	0.04856665059317796
10	2	6	0.05481629179287969
10	2	7	0.06196905768269466
10	2	8	0.03814323549482247
10	2	9	0.037312899096731494
10	2	10	0.03797943422945435
10	2	11	0.04426577967898936
10	3	3	0.0
10	3	4	0.029003294257323533
10	3	5	0.028517407654968945
10	3	6	0.053717314595587595
10	3	7	0.048011328671741973
10	3	8	0.012299886305603044
10	3	9	0.012902379582657077
10	3	10	0.013046944908006076
10	3	11	0.01647189485088835
10	4	4	0.0
10	4	5	0.004183854598661835
10	4	6	0.040175757341115864
10	4	7	0.030881786505675437
10	4	8	0.01816775555033069
10	4	9	0.017472597534467442
10	4	10	0.0180309243139997
10	4	11	0.026060622336180443
10	5	5	0.0
10	5	6	0.04208849690399398
10	5	7	0.030550125944703015
10	5	8	0.017486818483626446
10	5	9	0.017563043987239426
10	5	10	0.017645434816207246
10	5	11	0.027381261227073173
10	6	6	0.0
10	6	7	0.03278644747414845
10	6	8	0.04748263908070132
10	6	9	0.04804352991317905
10	6	10	0.0474457845381898
10	6	11	0.050287823567147186
10	7	7	0.0
10	7	8	0.04029222180138782
10	7	9	0.04159154995361152
10	7	10	0.04080857989298339
10	7	11	0.051285754286327194
10	8	8	0.0
10	8	9	0.0031823860848210947
10	8	10	0.002874947306610112
10	8	11	0.019678493101467222
10	9	9	0.0
10	9	10	0.0029394081548414558
10	9	11	0.019231878452254363
10	10	10	0.0
10	10	11	0.019931349146167166
10	11	11	0.0
11	0	0	0.0
11	0	1	0.0043031477186505655
11	0	2	0.0666090842501651
11	0	3	0.08116190481333403
11	0	4	0.23362648202455602
11	0	5	0.2369893230209982
11	0	6	0.19586008614569436
11	0	7	0.19524783524393569
11	0	8	0.2489840296311286
11	0	9	0.23469314143712836
11	0	10	0.06188432773124077
11	0	11	0.060400880236920786
11	1	1	0.0
11	1	2	0.06452556350043104
11	1	3	0.08728311050093203
11	1	4	0.23100045846149442
11	1	5	0.23521863761229725
11	1	6	0.19414481664207414
11	1	7	0.19393552377950982
11	1	8	0.24695669127863767
11	1	9	0.24104846332829766
11	1	10	0.07179404071648605
11	1	11	0.07009908574136717
11	2	2	0.0
11	2	3	0.03766839807313743
11	2	4	0.13226047949501663
11	2	5	0.13573688710225723
11	2	6	0.14256384922555299
11	2	7	0.14825201256098808
11	2	8	0.15140482888014048
11	2	9	0.1439087864391695
11	2	10	0.06181139717446058
11	2	11	0.06252985795576933
11	3	3	0.0
11	3	4	0.171487093440669
11	3	5	0.17388105912889387
11	3	6	0.18928748103433007
11	3	7	0.19503589451421705
11	3	8	0.18199077339302222
11	3	9	0.15036119792359842
11	3	10	0.05775750914729087
11	3	11	0.05825260742747105
11	4	4	0.0
11	4	5	0.010922625472676372
11	4	6	0.05166313497174997
11	4	7	0.06054256367788184
11	4	8	0.03592167099627659
11	4	9	0.028409474732870876
11	4	10	0.34099357848972434
11	4	11	0.33790629264108246
11	5	5	0.0
11	5	6	0.04564900732107162
11	5	7	0.0535391413697198
11	5	8	0.03689988062542397
11	5	9	0.028897305117698124
11	5	10	0.3392301247693922
11	5	11	0.33748547759096253
11	6	6	0.0
11	6	7	0.026359486673027278
11	6	8	0.06941270749189243
11	6	9	0.07257480591524654
11	6	10	0.3926279186569445
11	6	11	0.3939486920171021
11	7	7	0.0
11	7	8	0.07283325090643303
11	7	9	0.07149993656657898
11	7	10	0.39943707779239046
11	7	11	0.39993970385180544
11	8	8	0.0
11	8	9	0.031354441176972614
11	8	10	0.2715083692600729
11	8	11	0.27096702491421637
11	9	9	0.0
11	9	10	0.2593443868423492
11	9	11	0.2563415438449283
11	10	10	0.0
11	10	11	0.0046960563180164176
11	11	11	0.0
12	0	0	0.0
12	0	1	0.0034655498733581268
12	0	2	0.030386229327180613
12	0	3	0.023881888081198024
12	0	4	0.026404556144747415
12	0	5	0.02482110582508783
12	0	6	0.03423805069745474
12	0	7	0.03047860796333648
12	0	8	0.02530382739999391
12	0	9	0.02373382010331057
12	0	10	0.02527258707910184
12	0	11	0.027456547806926936
12	1	1	0.0
12	1	2	0.02808463306226571
12	1	3	0.02350538212013602
12	1	4	0.02513907836379122
12	1	5	0.022934561407837346
12	1	6	0.03408020041366214
12	1	7	0.031561937915302325
12	1	8	0.025273794478758285
12	1	9	0.023981065243660733
12	1	10	0.023685591263918986
12	1	11	0.027012127106658387
12	2	2	0.0
12	2	3	0.025557392132513
12	2	4	0.009249197300585401
12	2	5	0.012806505387945973
12	2	6	0.0339920624953214
12	2	7	0.03862661391570671
12	2	8	0.030051097213483275
12	2	9	0.027456607307196033
12	2	10	0.0238668892737873
12	2	11	0.02376934645655661
12	3	3	0.0
12	3	4	0.0218885165693465
12	3	5	0.02316759042228159
12	3	6	0.03100676161542095
12	3	7	0.030594213646310396
12	3	8	0.008744416676559058
12	3	9	0.004343177195007223
12	3	10	0.01679885727449252
12	3	11	0.01734955631202209
12	4	4	0.0
12	4	5	0.01924734513400636
12	4	6	0.040168597004570455
12	4	7	0.04299513364942368
12	4	8	0.026782352388345195
12	4	9	0.024334262579639266
12	4	10	0.025675049326933472
12	4	11	0.02599168708967008
12	5	5	0.0
12	5	6	0.03333692146138054
12	5	7	0.035044697407842766
12	5	8	0.026900768835572974
12	5	9	0.022134608148590994
12	5	10	0.013663420469923054
12	5	11	0.02069750742138919
12	6	6	0.0
12	6	7	0.016738771758096148
12	6	8	0.03446366659205889
12	6	9	0.03002888672155218
12	6	10	0.02788055460997774
12	6	11	0.032371169058547776
12	7	7	0.0
12	7	8	0.0347181859133208
12	7	9	0.03019702739609615
12	7	10	0.026441180274496365
12	7	11	0.033962795856680286
12	8	8	0.0
12	8	9	0.0077681578599271585
12	8	10	0.01681192465109797
12	8	11	0.018479476013616294
12	9	9	0.0
12	9	10	0.015539312537328528
12	9	11	0.01651555985223194
12	10	10	0.0
12	10	11	0.017579455793312736
12	11	11	0.0
13	0	0	0.0
13	0	1	0.15844258427772134
13	0	2	0.09673841419240949
13	0	3	0.09966738010449003
13	0	4	0.09553677984732994
13	0	5	0.09749473725109135
13	0	6	0.04713179073534417
13	0	7	0.043437366996976465
13	0	8	0.096092544568819
13	0	9	0.08051715813156578
13	0	10	0.11134020052704727
13	0	11	0.11136374380026909
13	1	1	0.0
13	1	2	0.17610670343451323
13	1	3	0.17261968048795145
13	1	4	0.18590365884805085
13	1	5	0.18767655003420883
13	1	6	0.3359276467550165
13	1	7	0.3327778485671363
13	1	8	0.17834932478290283
13	1	9	0.1813756584174811
13	1	10	0.18088497916178312
13	1	11	0.18901148828518682
13	2	2	0.0
13	2	3	0.01252175154033325
13	2	4	0.04352971865303533
13	2	5	0.04206673049453262
13	2	6	0.07643109351746183
13	2	7	0.08963238033481111
13	2	8	0.08473882706748555
13	2	9	0.0574829233014175
13	2	10	0.08895150986645603
13	2	11	0.08489455463500292
13	3	3	0.0
13	3	4	0.04575491024736965
13	3	5	0.04454229089432197
13	3	6	0.08218892633970887
13	3	7	0.095462580366996
13	3	8	0.08245319791494694
13	3	9	0.0618533059139736
13	3	10	0.09053430494113854
13	3	11	0.08504050495298256
13	4	4	0.0
13	4	5	0.0068292600744654305
13	4	6	0.06823296488464792
13	4	7	0.08262519030202087
13	4	8	0.0788605376794294
13	4	9	0.07608329855365409
13	4	10	0.11862935570607078
13	4	11	0.10646705938219063
13	5	5	0.0
13	5	6	0.06936807086174714
13	5	7	0.08362952397842291
13	5	8	0.07809091881572386
13	5	9	0.07682578555176857
13	5	10	0.11900312345751445
13	5	11	0.10533345746999949
13	6	6	0.0
13	6	7	0.01102343205701221
13	6	8	0.10548982430627803
13	6	9	0.07180002923273753
13	6	10	0.0962266160378931
13	6	11	0.09291862801625099
13	7	7	0.0
13	7	8	0.1166715963932802
13	7	9	0.08375405862386669
13	7	10	0.10796259105845821
13	7	11	0.10343447434008593
13	8	8	0.0
13	8	9	0.08406274206208764
13	8	10	0.08606342567363753
13	8	11	0.08511907690262888
13	9	9	0.0
13	9	10	0.08798870455502765
13	9	11	0.09000924117922122
13	10	10	0.0
13	10	11	0.028186798153910786
13	11	11	0.0
14	0	0	0.0
14	0	1	0.010878380631304262
14	0	2	0.12129034023200802
14	0	3	0.02519855545986981
14	0	4	0.04800961709452453
14	0	5	0.033479019892607
14	0	6	0.05003049942324251
14	0	7	0.05217491600232502
14	0	8	0.02481047795639522
14	0	9	0.024157223829841416
14	0	10	0.04816188551507139
14	0	11	0.053834380849167474
14	1	1	0.0
14	1	2	0.11459554169039166
14	1	3	0.02516759320716561
14	1	4	0.04352309863099644
14	1	5	0.033435403774117606
14	1	6	0.05219714591675997
14	1	7	0.052551795229774934
14	1	8	0.025400378315308746
14	1	9	0.025334639522324866
14	1	10	0.05040833516255816
14	1	11	0.05072666853052965
14	2	2	0.0
14	2	3	0.1149274529414015
14	2	4	0.0967354572712793
14	2	5	0.11713178316131234
14	2	6	0.10758143517044516
14	2	7	0.09879946446250187
14	2	8	0.11518163452524277
14	2	9	0.12008128491106618
14	2	10	0.08196886299759854
14	2	11	0.07040025875531342
14	3	3	0.0
14	3	4	0.03971239488548526
14	3	5	0.0241645657932561
14	3	6	0.03614867333416096
14	3	7	0.03927183388377471
14	3	8	0.004251402589276456
14	3	9	0.007607871566740008
14	3	10	0.04174749630936958
14	3	11	0.05216972427865585
14	4	4	0.0
14	4	5	0.03202607835944648
14	4	6	0.04871788842593222
14	4	7	0.05330907652007581
14	4	8	0.03944294405447868
14	4	9	0.03875504616565956
14	4	10	0.03462973653762447
14	4	11	0.027701867739608588
14	5	5	0.0
14	5	6	0.038946341815649765
14	5	7	0.04168870276803721
14	5	8	0.02432669286483309
14	5	9	0.024720761705598133
14	5	10	0.030122444126789105
14	5	11	0.04430424267377475
14	6	6	0.0
14	6	7	0.01041917928852877
14	6	8	0.037041440613393206
14	6	9	0.03390518819676661
14	6	10	0.046822875026620636
14	6	11	0.05407521416988459
14	7	7	0.0
14	7	8	0.03971011665218902
14	7	9	0.03771069366203973
14	7	10	0.04897516665397461
14	7	11	0.05670739059416974
14	8	8	0.0
14	8	9	0.00778402319250243
14	8	10	0.04109391759908476
14	8	11	0.05151029342465563
14	9	9	0.0
14	9	10	0.04438652889706418
14	9	11	0.053260393203203193
14	10	10	0.0
14	10	11	0.033673142007813794
14	11	11	0.0
15	0	0	0.0
15	0	1	0.10021858718381774
15	0	2	0.15310936585946944
15	0	3	0.1500736131919049
15	0	4	0.14932056175295316
15	0	5	0.1449233530331791
15	0	6	0.09809008378064775
15	0	7	0.10384830066636666
15	0	8	0.12607532546869302
15	0	9	0.15051706302261283
15	0	10	0.16250157882121394
15	0	11	0.1361481643228404
15	1	1	0.0
15	1	2	0.19492066707909925
15	1	3	0.23840093468587448
15	1	4	0.20597544876991752
15	1	5	0.24821453348604133
15	1	6	0.10960633069265904
15	1	7	0.17835826584286193
15	1	8	0.1933517569751012
15	1	9	0.19728869046851383
15	1	10	0.22606238092756437
15	1	11	0.19920785694733792
15	2	2	0.0
15	2	3	0.19262620673440065
15	2	4	0.1450303197931944
15	2	5	0.20446541123422018
15	2	6	0.16775869841084762
15	2	7	0.16564615524388
15	2	8	0.2362808840476489
15	2	9	0.1261386507645596
15	2	10	0.14907731570355787
15	2	11	0.13184064089289407
15	3	3	0.0
15	3	4	0.1036667085281806
15	3	5	0.06609549311927468
15	3	6	0.1436279317311342
15	3	7	0.09252736018801254
15	3	8	0.12905441557531308
15	3	9	0.16025718815840914
15	3	10	0.12276976116741675
15	3	11	0.12815226405967092
15	4	4	0.0
15	4	5	0.12237871539397424
15	4	6	0.14484426902286499
15	4	7	0.12454166688891338
15	4	8	0.1633048130846164
15	4	9	0.1255675951192199
15	4	10	0.083838036292575
15	4	11	0.09315733287626049
15	5	5	0.0
15	5	6	0.14839916884606705
15	5	7	0.07611486170672238
15	5	8	0.13427871934316096
15	5	9	0.1748819994456264
15	5	10	0.14372996874302366
15	5	11	0.14324961970333888
15	6	6	0.0
15	6	7	0.08894861406328157
15	6	8	0.14901737354794142
15	6	9	0.13487471076852617
15	6	10	0.14183261500334687
15	6	11	0.11904087069409865
15	7	7	0.0
15	7	8	0.1412584961461985
15	7	9	0.1540170271579004
15	7	10	0.12867147992080297
15	7	11	0.11600216392478865
15	8	8	0.0
15	8	9	0.19303345731670082
15	8	10	0.18976301376121418
15	8	11	0.187195160774142
15	9	9	0.0
15	9	10	0.12428749314574308
15	9	11	0.10945338200517865
15	10	10	0.0
15	10	11	0.062097800734171545
15	11	11	0.0
16	0	0	0.0
16	0	1	0.05751016068687612
16	0	2	0.0833341265479768
16	0	3	0.08399806179465183
16	0	4	0.09365907027326237
16	0	5	0.09779233949717193
16	0	6	0.09881967474123729
16	0	7	0.09749622576663824
16	0	8	0.08026796712641224
16	0	9	0.07832842712024493
16	0	10	0.07509707775960806
16	0	11	0.08010752334939752
16	1	1	0.0
16	1	2	0.08689378377305167
16	1	3	0.08785751260688163
16	1	4	0.06815484210240903
16	1	5	0.07843064243373062
16	1	6	0.09396754478672127
16	1	7	0.09414921870917002
16	1	8	0.08454440798202578
16	1	9	0.08702277726981611
16	1	10	0.07990907179845408
16	1	11	0.08877687293897907
16	2	2	0.0
16	2	3	0.0069587793095187015
16	2	4	0.06889058039579098
16	2	5	0.06156509239947246
16	2	6	0.08058142965996272
16	2	7	0.07989912358351008
16	2	8	0.01044877692280958
16	2	9	0.020566592055062453
16	2	10	0.05522469882242831
16	2	11	0.058739044410231145
16	3	3	0.0
16	3	4	0.07047391483010003
16	3	5	0.060192182281267985
16	3	6	0.07801899128400172
16	3	7	0.07848759708015547
16	3	8	0.008889399650104764
16	3	9	0.022547558872957736
16	3	10	0.052654401072345536
16	3	11	0.058035017848339976
16	4	4	0.0
16	4	5	0.07337142527177339
16	4	6	0.09514706173834579
16	4	7	0.09721537365037589
16	4	8	0.06557984462425753
16	4	9	0.07526134949709688
16	4	10	0.0753331454895374
16	4	11	0.05671155729532984
16	5	5	0.0
16	5	6	0.037461968840909236
16	5	7	0.0377826589917291
16	5	8	0.05853037559649594
16	5	9	0.07165518121827127
16	5	10	0.08391568737005173
16	5	11	0.0891577074748966
16	6	6	0.0
16	6	7	0.006442089609182029
16	6	8	0.07870932701437625
16	6	9	0.090285744837127
16	6	10	0.08592881639165739
16	6	11	0.09719128792814047
16	7	7	0.0
16	7	8	0.07938248904570293
16	7	9	0.08934088079577555
16	7	10	0.09618344320409733
16	7	11	0.10076421382632361
16	8	8	0.0
16	8	9	0.01900449595746717
16	8	10	0.052715155271187086
16	8	11	0.05928503329141677
16	9	9	0.0
16	9	10	0.05411357288829777
16	9	11	0.05855202307429863
16	10	10	0.0
16	10	11	0.030456359385595988
16	11	11	0.0
17	0	0	0.0
17	0	1	0.005672971380594905
17	0	2	0.07919640870576988
17	0	3	0.049814137143782675
17	0	4	0.09093709239695863
17	0	5	0.07028710629444838
17	0	6	0.08357818080006521
17	0	7	0.08687404900699956
17	0	8	0.06318525922029528
17	0	9	0.07411966394496154
17	0	10	0.08342828241686945
17	0	11	0.0848759560416706
17	1	1	0.0
17	1	2	0.06747585236079404
17	1	3	0.04011827151768122
17	1	4	0.07758069998843048
17	1	5	0.05939403870344681
17	1	6	0.0803756535671261
17	1	7	0.08363235648734746
17	1	8	0.05292322033793414
17	1	9	0.06278900107066047
17	1	10	0.0824726229975463
17	1	11	0.08370213003454897
17	2	2	0.0
17	2	3	0.03634442934071167
17	2	4	0.028710302290363764
17	2	5	0.04925104708045065
17	2	6	0.07205515964926056
17	2	7	0.07233264923891125
17	2	8	0.029701056987244054
17	2	9	0.015436763109243575
17	2	10	0.03732813648129965
17	2	11	0.03705506835875933
17	3	3	0.0
17	3	4	0.051531542460756814
17	3	5	0.030287009914963678
17	3	6	0.054211686415427444
17	3	7	0.056381426918169775
17	3	8	0.016054440039105597
17	3	9	0.03499652816252753
17	3	10	0.05282353420441451
17	3	11	0.05264946840636805
17	4	4	0.0
17	4	5	0.03342281215430519
17	4	6	0.05846219418008172
17	4	7	0.05757496641908482
17	4	8	0.0445814823495452
17	4	9	0.03151770961488889
17	4	10	0.04840111721203782
17	4	11	0.04792667119583147
17	5	5	0.0
17	5	6	0.04283255419736713
17	5	7	0.04283200681700755
17	5	8	0.024290424123703195
17	5	9	0.04870189655878953
17	5	10	0.06312729976887295
17	5	11	0.06266910622723336
17	6	6	0.0
17	6	7	0.0066531902223378485
17	6	8	0.05266417801098909
17	6	9	0.07233684079004139
17	6	10	0.08982561844753374
17	6	11	0.08928729819144025
17	7	7	0.0
17	7	8	0.05360122850225227
17	7	9	0.07276115976893563
17	7	10	0.09137932615308046
17	7	11	0.09029947563143219
17	8	8	0.0
17	8	9	0.028190456144037045
17	8	10	0.05049273271567029
17	8	11	0.050534668200452174
17	9	9	0.0
17	9	10	0.03672443423587454
17	9	11	0.03633859531538672
17	10	10	0.0
17	10	11	0.003041811769010171
17	11	11	0.0
18	0	0	0.0
18	0	1	0.012760962993458552
18	0	2	0.1637713342099385
18	0	3	0.037240815251595186
18	0	4	0.174923899878225
18	0	5	0.051843605780971566
18	0	6	0.051219822958436065
18	0	7	0.052448862617524974
18	0	8	0.037122954077094136
18	0	9	0.04076754981558475
18	0	10	0.03722367875334953
18	0	11	0.03763202663094489
18	1	1	0.0
18	1	2	0.170453614431608
18	1	3	0.04045407220789154
18	1	4	0.17931702430382757
18	1	5	0.055218040952458976
18	1	6	0.045343514038480255
18	1	7	0.04600647080944327
18	1	8	0.04361303885855401
18	1	9	0.03931172959424051
18	1	10	0.03592210545002672
18	1	11	0.03648491336280131
18	2	2	0.0
18	2	3	0.13238400558714147
18	2	4	0.02922305426454841
18	2	5	0.13170364662073553
18	2	6	0.13185064659855783
18	2	7	0.13140990354681037
18	2	8	0.12223485185222671
18	2	9	0.12398431220614725
18	2	10	0.13594592544887973
18	2	11	0.12539291525672525
18	3	3	0.0
18	3	4	0.1266559534826115
18	3	5	0.010655072501902667
18	3	6	0.02962206306476722
18	3	7	0.03049084462131211
18	3	8	0.006043338001039414
18	3	9	0.014203126133268481
18	3	10	0.015533526637227624
18	3	11	0.016019449696523226
18	4	4	0.0
18	4	5	0.12771904974101744
18	4	6	0.1298863875819265
18	4	7	0.12970363091189085
18	4	8	0.11894431247060311
18	4	9	0.12356740847445735
18	4	10	0.13890075762122933
18	4	11	0.1287565561262909
18	5	5	0.0
18	5	6	0.02449392652568869
18	5	7	0.02778324035616315
18	5	8	0.009603637864347547
18	5	9	0.012115437055302426
18	5	10	0.0157266608676764
18	5	11	0.016243947832117557
18	6	6	0.0
18	6	7	0.004701051733938578
18	6	8	0.02698906723398977
18	6	9	0.02794650453254162
18	6	10	0.016566942256190487
18	6	11	0.011526647049038274
18	7	7	0.0
18	7	8	0.027860715020547606
18	7	9	0.029822479396503548
18	7	10	0.017771473371021786
18	7	11	0.012441287147976255
18	8	8	0.0
18	8	9	0.015155546716673322
18	8	10	0.01762319807867243
18	8	11	0.017538818075263408
18	9	9	0.0
18	9	10	0.01678779507769832
18	9	11	0.0164686683081527
18	10	10	0.0
18	10	11	0.009852612480426615
18	11	11	0.0
19	0	0	0.0
19	0	1	0.012739895144477487
19	0	2	0.022257380642791747
19	0	3	0.023037208918968488
19	0	4	0.038354432924485184
19	0	5	0.037994064149967643
19	0	6	0.05775052454687697
19	0	7	0.054666261981176606
19	0	8	0.02018944874101679
19	0	9	0.02085943750897123
19	0	10	0.05959421031684542
19	0	11	0.050938405943156795
19	1	1	0.0
19	1	2	0.026206818458203014
19	1	3	0.027056782367004522
19	1	4	0.04258502719762497
19	1	5	0.0422024098787724
19	1	6	0.06076653909103404
19	1	7	0.05827348634615661
19	1	8	0.022816801531570813
19	1	9	0.024571000335968648
19	1	10	0.05610473956539863
19	1	11	0.050897039117444365
19	2	2	0.0
19	2	3	0.005657277694884035
19	2	4	0.03070070020944484
19	2	5	0.029317425180536
19	2	6	0.045178391574177544
19	2	7	0.05002958383199842
19	2	8	0.02993346874214335
19	2	9	0.01493296572240811
19	2	10	0.033984002499551025
19	2	11	0.02610162859207321
19	3	3	0.0
19	3	4	0.02833462267242006
19	3	5	0.028542177479454953
19	3	6	0.04439671085494908
19	3	7	0.049724122056304505
19	3	8	0.028921691811299485
19	3	9	0.015688272398469413
19	3	10	0.03463173549334897
19	3	11	0.026697188489379187
19	4	4	0.0
19	4	5	0.01336588517348385
19	4	6	0.05145344400316853
19	4	7	0.04182215152540828
19	4	8	0.03795413809007911
19	4	9	0.024154583141611
19	4	10	0.038059043948921456
19	4	11	0.027785084068684185
19	5	5	0.0
19	5	6	0.04965556874429089
19	5	7	0.0375415183228542
19	5	8	0.041931896069927116
19	5	9	0.022080420084062184
19	5	10	0.03531107008525325
19	5	11	0.025712606105070535
19	6	6	0.0
19	6	7	0.03432885106671059
19	6	8	0.05824288241114588
19	6	9	0.05552252131166877
19	6	10	0.04805153774032078
19	6	11	0.044148531284918135
19	7	7	0.0
19	7	8	0.06098135870040184
19	7	9	0.04373233539458077
19	7	10	0.050459925631457736
19	7	11	0.04282128452496181
19	8	8	0.0
19	8	9	0.031099273701171447
19	8	10	0.03796548133868782
19	8	11	0.036850821749794704
19	9	9	0.0
19	9	10	0.04531828715721531
19	9	11	0.027098458432419648
19	10	10	0.0
19	10	11	0.014817629323260917
19	11	11	0.0
20	0	0	0.0
20	0	1	0.05851706048880345
20	0	2	0.18675030781199098
20	0	3	0.16592381971091186
20	0	4	0.16268266741304416
20	0	5	0.15801249728728806
20	0	6	0.09018019436365421
20	0	7	0.10724395475486403
20	0	8	0.15864163510880758
20	0	9	0.12028264282858459
20	0	10	0.12176379736828835
20	0	11	0.11926651121726195
20	1	1	0.0
20	1	2	0.15984222079369914
20	1	3	0.14921474189514328
20	1	4	0.15174780053011006
20	1	5	0.15505142644536107
20	1	6	0.09993210122171803
20	1	7	0.11527338606534164
20	1	8	0.12556051684438074
20	1	9	0.12014131631720915
20	1	10	0.11495410819792795
20	1	11	0.115866066441491
20	2	2	0.0
20	2	3	0.14430422957258315
20	2	4	0.1416681113162923
20	2	5	0.13391617145043
20	2	6	0.14609783550864108
20	2	7	0.11869026850865794
20	2	8	0.07432209099772535
20	2	9	0.15220559305555525
20	2	10	0.11184399571868653
20	2	11	0.10994448471240048
20	3	3	0.0
20	3	4	0.05947730335104495
20	3	5	0.05084218902958071
20	3	6	0.10610836138471313
20	3	7	0.1382300972463213
20	3	8	0.1543099012545497
20	3	9	0.0806899691997387
20	3	10	0.16540699947432813
20	3	11	0.14625247264106633
20	4	4	0.0
20	4	5	0.07415906203128486
20	4	6	0.07836030803328242
20	4	7	0.1407855487155274
20	4	8	0.1553145902252595
20	4	9	0.11035229320941653
20	4	10	0.1712428660690506
20	4	11	0.14862197568719182
20	5	5	0.0
20	5	6	0.10554263139699316
20	5	7	0.13055465633817676
20	5	8	0.15481399118127825
20	5	9	0.08598455508226266
20	5	10	0.16768920421424127
20	5	11	0.14900162546979345
20	6	6	0.0
20	6	7	0.13733778763005944
20	6	8	0.15743947806871006
20	6	9	0.1185642910643594
20	6	10	0.15601378896130313
20	6	11	0.15387837857244335
20	7	7	0.0
20	7	8	0.13052765648387776
20	7	9	0.11255996571526339
20	7	10	0.1357185797519378
20	7	11	0.13822188862832263
20	8	8	0.0
20	8	9	0.13724091082838186
20	8	10	0.09750485405083964
20	8	11	0.09701432256213138
20	9	9	0.0
20	9	10	0.15944252612649734
20	9	11	0.14625291670745355
20	10	10	0.0
20	10	11	0.0403453011754209
20	11	11	0.0
21	0	0	0.0
21	0	1	0.1494056477257982
21	0	2	0.07688752430284337
21	0	3	0.0756889083004066
21	0	4	0.10342130902408826
21	0	5	0.1036370802624333
21	0	6	0.20925168863032012
21	0	7	0.2066684852121398
21	0	8	0.07729351511554511
21	0	9	0.09741188201075593
21	0	10	0.08185811582079623
21	0	11	0.10501293485117315
21	1	1	0.0
21	1	2	0.13254402047488517
21	1	3	0.13312365040946927
21	1	4	0.11515629814693966
21	1	5	0.09990005126874166
21	1	6	0.1258382050164073
21	1	7	0.1245417604350223
21	1	8	0.15006434286673556
21	1	9	0.10501329669657188
21	1	10	0.11977302608465834
21	1	11	0.12015011927161261
21	2	2	0.0
21	2	3	0.011293789112530223
21	2	4	0.01674214406534702
21	2	5	0.02150478113430836
21	2	6	0.18054083100065554
21	2	7	0.17951567795604434
21	2	8	0.07737634651716056
21	2	9	0.09076363267042872
21	2	10	0.13106131283381045
21	2	11	0.09761832830779711
21	3	3	0.0
21	3	4	0.020976748807333932
21	3	5	0.027979127595153842
21	3	6	0.18274445939678116
21	3	7	0.18221940077710314
21	3	8	0.07449990456662367
21	3	9	0.09500602217644812
21	3	10	0.13624771806280478
21	3	11	0.09508894242817806
21	4	4	0.0
21	4	5	0.010357479241793043
21	4	6	0.14911557250834448
21	4	7	0.1492195089458619
21	4	8	0.09815058825570304
21	4	9	0.06749076909073892
21	4	10	0.07437838346359057
21	4	11	0.10834656101887959
21	5	5	0.0
21	5	6	0.14798611974665618
21	5	7	0.14755472880178785
21	5	8	0.09868503423185757
21	5	9	0.06564348179927607
21	5	10	0.07559578364043773
21	5	11	0.10222027158142737
21	6	6	0.0
21	6	7	0.004094119509682059
21	6	8	0.1635485387960216
21	6	9	0.1621812561970785
21	6	10	0.3798149302660022
21	6	11	0.3121900191763416
21	7	7	0.0
21	7	8	0.1616600629495224
21	7	9	0.15986601058176006
21	7	10	0.37240451980032957
21	7	11	0.3101358495070599
21	8	8	0.0
21	8	9	0.04332034244257229
21	8	10	0.13239089185663033
21	8	11	0.10260252654845328
21	9	9	0.0
21	9	10	0.0664423140121528
21	9	11	0.09025412684213649
21	10	10	0.0
21	10	11	0.04575987869029632
21	11	11	0.0
22	0	0	0.0
22	0	1	0.05989105161929805
22	0	2	0.11586345379338467
22	0	3	0.13869478617318368
22	0	4	0.1408018203111116
22	0	5	0.14460703126470825
22	0	6	0.0804327586539057
22	0	7	0.07887456851579898
22	0	8	0.14327950415850438
22	0	9	0.11958612475448246
22	0	10	0.15327433628616813
22	0	11	0.12068851244081764
22	1	1	0.0
22	1	2	0.11199276345854811
22	1	3	0.13102407189714022
22	1	4	0.13382710894500985
22	1	5	0.12676296842151455
22	1	6	0.0684140951757763
22	1	7	0.10350962109231485
22	1	8	0.1431671256356626
22	1	9	0.10864877913243179
22	1	10	0.1481181003003574
22	1	11	0.12677404722553737
22	2	2	0.0
22	2	3	0.08592837193743565
22	2	4	0.06396237436622831
22	2	5	0.0958590676057481
22	2	6	0.07233408165218051
22	2	7	0.10460260078853525
22	2	8	0.0652207871577009
22	2	9	0.13586067713211472
22	2	10	0.09046549960947288
22	2	11	0.08635765834644009
22	3	3	0.0
22	3	4	0.041365430084385126
22	3	5	0.07667334252557469
22	3	6	0.08565801336111788
22	3	7	0.11392161730460819
22	3	8	0.08997913813300329
22	3	9	0.16025968522538797
22	3	10	0.09630914040244855
22	3	11	0.11814026727289015
22	4	4	0.0
22	4	5	0.07462445953243803
22	4	6	0.08473904679315111
22	4	7	0.11558190905766892
22	4	8	0.07795793249640193
22	4	9	0.1489017510151185
22	4	10	0.08067865515179135
22	4	11	0.11805327886001003
22	5	5	0.0
22	5	6	0.08495939876081593
22	5	7	0.08937672340627094
22	5	8	0.10475922382465797
22	5	9	0.11461312251049094
22	5	10	0.10751607308281168
22	5	11	0.13052228074859937
22	6	6	0.0
22	6	7	0.05335039187577105
22	6	8	0.0878674081062205
22	6	9	0.11569781361627395
22	6	10	0.09692948938371823
22	6	11	0.08770510217714922
22	7	7	0.0
22	7	8	0.11541114779792132
22	7	9	0.07373297848490946
22	7	10	0.12985005313715187
22	7	11	0.11374698939084112
22	8	8	0.0
22	8	9	0.12041753273543442
22	8	10	0.09350997947157969
22	8	11	0.10133772836179433
22	9	9	0.0
22	9	10	0.1440884459559654
22	9	11	0.14214651249882798
22	10	10	0.0
22	10	11	0.049006210259543444
22	11	11	0.0
23	0	0	0.0
23	0	1	0.007832199665005502
23	0	2	0.044988197483189454
23	0	3	0.038352786809158046
23	0	4	0.0504631794985129
23	0	5	0.056287595787627195
23	0	6	0.07412687875636804
23	0	7	0.07318635034068409
23	0	8	0.045478390495027034
23	0	9	0.04517214394613197
23	0	10	0.08670256493147899
23	0	11	0.0868630927671164
23	1	1	0.0
23	1	2	0.040255597540226715
23	1	3	0.035130169500620305
23	1	4	0.04780846789339209
23	1	5	0.05246220566152471
23	1	6	0.07441438511938159
23	1	7	0.07397284091492015
23	1	8	0.04244042649843167
23	1	9	0.04221251733049494
23	1	10	0.07684250979970754
23	1	11	0.07833390002449064
23	2	2	0.0
23	2	3	0.020685740499987063
23	2	4	0.043564908577598885
23	2	5	0.048693430479845756
23	2	6	0.06887958767060312
23	2	7	0.06984773799109167
23	2	8	0.005824939520178211
23	2	9	0.006510052343334826
23	2	10	0.04573279633093015
23	2	11	0.03455561353436692
23	3	3	0.0
23	3	4	0.024505354704844773
23	3	5	0.025745232478873364
23	3	6	0.05001346974997369
23	3	7	0.05117946483344469
23	3	8	0.019384690099485746
23	3	9	0.021278854582184932
23	3	10	0.0375840298940248
23	3	11	0.05204535581765752
23	4	4	0.0
23	4	5	0.006357613009943937
23	4	6	0.039332106421924494
23	4	7	0.04122024133464901
23	4	8	0.03953107336956936
23	4	9	0.040928783599171854
23	4	10	0.04644838138003851
23	4	11	0.06061406515333662
23	5	5	0.0
23	5	6	0.037490626177780505
23	5	7	0.038823669520693896
23	5	8	0.041164781812822265
23	5	9	0.04256628268241459
23	5	10	0.04673404306127979
23	5	11	0.06305421596421659
23	6	6	0.0
23	6	7	0.006053610488257137
23	6	8	0.06608845856637283
23	6	9	0.06580121935492125
23	6	10	0.07043705606237508
23	6	11	0.08206005569429262
23	7	7	0.0
23	7	8	0.06767934798140603
23	7	9	0.06692099111315683
23	7	10	0.07000168374224984
23	7	11	0.08438982487259908
23	8	8	0.0
23	8	9	0.003080248491700675
23	8	10	0.04827603411371122
23	8	11	0.03577373538851745
23	9	9	0.0
23	9	10	0.04933812888764274
23	9	11	0.03538168038640331
23	10	10	0.0
23	10	11	0.030077744605681692
23	11	11	0.0
24	0	0	0.0
24	0	1	0.10509470722747044
24	0	2	0.09281902481894576
24	0	3	0.1211830843968629
24	0	4	0.100168777277446
24	0	5	0.13199841151476463
24	0	6	0.14784383953633923
24	0	7	0.14599242894206088
24	0	8	0.11216321601111
24	0	9	0.08612007758652089
24	0	10	0.1273722978667771
24	0	11	0.13914126265192092
24	1	1	0.0
24	1	2	0.13608137148032862
24	1	3	0.17738571916855292
24	1	4	0.16397774309790236
24	1	5	0.1576816259554195
24	1	6	0.2952785674600796
24	1	7	0.29516721001255436
24	1	8	0.11790687558861161
24	1	9	0.12951135725676452
24	1	10	0.17111414766101823
24	1	11	0.1625252303201619
24	2	2	0.0
24	2	3	0.06858282777906116
24	2	4	0.06901223483991999
24	2	5	0.06402406581426828
24	2	6	0.15484448765724665
24	2	7	0.15292538426806762
24	2	8	0.14126210738293593
24	2	9	0.07980235896848292
24	2	10	0.10462617109258161
24	2	11	0.13520772749408153
24	3	3	0.0
24	3	4	0.06356918017668249
24	3	5	0.059432779775693965
24	3	6	0.08701163218377593
24	3	7	0.0839787586180309
24	3	8	0.16409967509280013
24	3	9	0.12168291933861469
24	3	10	0.103119661162607
24	3	11	0.1283306498914464
24	4	4	0.0
24	4	5	0.06561636217302294
24	4	6	0.06723452942187577
24	4	7	0.0640557598120722
24	4	8	0.14940590056448855
24	4	9	0.11111018685799082
24	4	10	0.1194690199685283
24	4	11	0.1441270165707465
24	5	5	0.0
24	5	6	0.04611362015632274
24	5	7	0.04898150145792545
24	5	8	0.15201283180198985
24	5	9	0.11898157468726088
24	5	10	0.078319779628491
24	5	11	0.10270120618772609
24	6	6	0.0
24	6	7	0.007398613833070382
24	6	8	0.1479248461779207
24	6	9	0.13796104222180192
24	6	10	0.10415294372069184
24	6	11	0.11586993987542353
24	7	7	0.0
24	7	8	0.14964749780852193
24	7	9	0.13621318914834737
24	7	10	0.10146850428604402
24	7	11	0.1170408946815274
24	8	8	0.0
24	8	9	0.07138747095409569
24	8	10	0.12916340169208007
24	8	11	0.10715998267118312
24	9	9	0.0
24	9	10	0.09779424580559448
24	9	11	0.12909579197930957
24	10	10	0.0
24	10	11	0.04827903278534525
24	11	11	0.0
25	0	0	0.0
25	0	1	0.02690176290900823
25	0	2	0.04323808012772946
25	0	3	0.05091851282316171
25	0	4	0.07303603810195977
25	0	5	0.07145100659523605
25	0	6	0.08070390470003327
25	0	7	0.08086407953561185
25	0	8	0.037404500424832184
25	0	9	0.03876964462886347
25	0	10	0.0947021917064785
25	0	11	0.09214525465145067
25	1	1	0.0
25	1	2	0.030924394451032736
25	1	3	0.040780967624311375
25	1	4	0.05587633972970109
25	1	5	0.052963560936883654
25	1	6	0.0786058031367646
25	1	7	0.07618869401171412
25	1	8	0.03199682835481342
25	1	9	0.029376672151939648
25	1	10	0.07693919613282282
25	1	11	0.07205426785672953
25	2	2	0.0
25	2	3	0.043603857525854633
25	2	4	0.06656403537098206
25	2	5	0.06399978063761905
25	2	6	0.08935767473336936
25	2	7	0.07899315213494071
25	2	8	0.03750417266950704
25	2	9	0.017557333093569723
25	2	10	0.08230409521149076
25	2	11	0.07948993370940971
25	3	3	0.0
25	3	4	0.034797043612960134
25	3	5	0.03281724832505342
25	3	6	0.0649569335935192
25	3	7	0.0487731055952558
25	3	8	0.023145655783035023
25	3	9	0.038254090253600305
25	3	10	0.06247012167144437
25	3	11	0.038642922485789086
25	4	4	0.0
25	4	5	0.011480087726069317
25	4	6	0.06495830547822136
25	4	7	0.047497112961903905
25	4	8	0.05235532358222515
25	4	9	0.062160179073192955
25	4	10	0.06486214302970279
25	4	11	0.039110511782839114
25	5	5	0.0
25	5	6	0.06674759792070274
25	5	7	0.04849570762330826
25	5	8	0.048474719149549185
25	5	9	0.05926072227431864
25	5	10	0.06575734356448978
25	5	11	0.04125191563003364
25	6	6	0.0
25	6	7	0.03326374117185874
25	6	8	0.07217853397944811
25	6	9	0.08604456868581367
25	6	10	0.08486095120274868
25	6	11	0.07449200898197374
25	7	7	0.0
25	7	8	0.058872447706654306
25	7	9	0.07876862425420117
25	7	10	0.08515679821948482
25	7	11	0.061546998283718485
25	8	8	0.0
25	8	9	0.02629536898416835
25	8	10	0.07652695476056724
25	8	11	0.06505045391615744
25	9	9	0.0
25	9	10	0.07574388268749925
25	9	11	0.07672267355040827
25	10	10	0.0
25	10	11	0.03746388743267581
25	11	11	0.0
26	0	0	0.0
26	0	1	0.014795953137339677
26	0	2	0.0280680949706135
26	0	3	0.02787191931111888
26	0	4	0.025837552017493732
26	0	5	0.02927167891821198
26	0	6	0.03928871370007515
26	0	7	0.04168995179481493
26	0	8	0.02808519454719349
26	0	9	0.02815775520960318
26	0	10	0.028990025744381153
26	0	11	0.025586385747801116
26	1	1	0.0
26	1	2	0.02211708704451731
26	1	3	0.022720451892160442
26	1	4	0.027083725658710672
26	1	5	0.032674979139830605
26	1	6	0.041913860208741195
26	1	7	0.03549334838852763
26	1	8	0.022102284265968088
26	1	9	0.025134123675936947
26	1	10	0.03349655089078065
26	1	11	0.021977835097702045
26	2	2	0.0
26	2	3	0.00452512884996647
26	2	4	0.009868229555489006
26	2	5	0.025620442884282606
26	2	6	0.027143625075707563
26	2	7	0.036018274737786724
26	2	8	0.003529592105202844
26	2	9	0.014816223052038316
26	2	10	0.02720398585550986
26	2	11	0.0037581254003860713
26	3	3	0.0
26	3	4	0.010779895592332039
26	3	5	0.02814048720775756
26	3	6	0.028495945732213753
26	3	7	0.037816606837422
26	3	8	0.0040157040890011165
26	3	9	0.01120009415371116
26	3	10	0.028025815674268147
26	3	11	0.004849959527755138
26	4	4	0.0
26	4	5	0.022274322213689017
26	4	6	0.02874904458781277
26	4	7	0.035822469272248095
26	4	8	0.009406495443259015
26	4	9	0.020606508086908792
26	4	10	0.025543830788723236
26	4	11	0.010389726007765263
26	5	5	0.0
26	5	6	0.04400024833373528
26	5	7	0.033193305602699244
26	5	8	0.025439003411766522
26	5	9	0.03700662178576005
26	5	10	0.02245790289039267
26	5	11	0.02600064036339303
26	6	6	0.0
26	6	7	0.025474777361028055
26	6	8	0.028002207839043915
26	6	9	0.035538164172213976
26	6	10	0.0443460800714663
26	6	11	0.030138287942777675
26	7	7	0.0
26	7	8	0.03542780913010112
26	7	9	0.04666955673225914
26	7	10	0.03663974977835512
26	7	11	0.04134642849560654
26	8	8	0.0
26	8	9	0.014566900240097552
26	8	10	0.026750345849066826
26	8	11	0.0039290392286741825
26	9	9	0.0
26	9	10	0.03242242801896436
26	9	11	0.015578232930460489
26	10	10	0.0
26	10	11	0.028343201001745068
26	11	11	0.0
27	0	0	0.0
27	0	1	0.024758333144219297
27	0	2	0.07011305573133629
27	0	3	0.07310260267978239
27	0	4	0.09677858326617898
27	0	5	0.09747695329377518
27	0	6	0.11757542558549212
27	0	7	0.09931752529754473
27	0	8	0.06928057403600743
27	0	9	0.07238190605833018
27	0	10	0.058136622790573037
27	0	11	0.05991230277339293
27	1	1	0.0
27	1	2	0.05608115864838809
27	1	3	0.06004950941652884
27	1	4	0.0722583765111443
27	1	5	0.06988897610590944
27	1	6	0.09562704414083152
27	1	7	0.08175251515284057
27	1	8	0.05962516511513101
27	1	9	0.06075702967885101
27	1	10	0.06025681448343515
27	1	11	0.060193214893394624
27	2	2	0.0
27	2	3	0.06513567835237243
27	2	4	0.0727475924077254
27	2	5	0.0458668816752942
27	2	6	0.08427631101924284
27	2	7	0.07968297523525207
27	2	8	0.06219390754552914
27	2	9	0.0656001056671025
27	2	10	0.08173310605952767
27	2	11	0.08315773751068259
27	3	3	0.0
27	3	4	0.02997020867071662
27	3	5	0.05564575850512711
27	3	6	0.047608941100834475
27	3	7	0.06294790525534037
27	3	8	0.007262833579817457
27	3	9	0.003976442904772126
27	3	10	0.049794286549498315
27	3	11	0.051083434781636246
27	4	4	0.0
27	4	5	0.034859177531794676
27	4	6	0.03711760847138301
27	4	7	0.06744352739244219
27	4	8	0.0279928724132595
27	4	9	0.029382854803685365
27	4	10	0.0680742221185296
27	4	11	0.06963133634934451
27	5	5	0.0
27	5	6	0.06149204948977117
27	5	7	0.09018697747510046
27	5	8	0.05316954186159919
27	5	9	0.05578099889584947
27	5	10	0.08881377829777554
27	5	11	0.08923444605252696
27	6	6	0.0
27	6	7	0.04628060480714975
27	6	8	0.04620078025928766
27	6	9	0.04681037495227138
27	6	10	0.08847536919728312
27	6	11	0.09747489193497198
27	7	7	0.0
27	7	8	0.06276626404459504
27	7	9	0.061534490059106176
27	7	10	0.06083737475702606
27	7	11	0.06597580618529546
27	8	8	0.0
27	8	9	0.00629400194207094
27	8	10	0.05456173469597274
27	8	11	0.056730821355527906
27	9	9	0.0
27	9	10	0.051784702706140766
27	9	11	0.05333071037911753
27	10	10	0.0
27	10	11	0.004630604916524473
27	11	11	0.0
28	0	0	0.0
28	0	1	0.043622304957412254
28	0	2	0.04240906382946267
28	0	3	0.041598233217797806
28	0	4	0.0585197248873105
28	0	5	0.057950122508665
28	0	6	0.07172761704900368
28	0	7	0.06845462021078462
28	0	8	0.04781322605868749
28	0	9	0.041564503308919455
28	0	10	0.07174998326308923
28	0	11	0.07740775206093531
28	1	1	0.0
28	1	2	0.0507099379221299
28	1	3	0.0501313596405828
28	1	4	0.06473401273962938
28	1	5	0.06209947993241561
28	1	6	0.07699096853778298
28	1	7	0.07851669828348334
28	1	8	0.06255595800688579
28	1	9	0.05340010026868965
28	1	10	0.039811022023059195
28	1	11	0.04774335058255019
28	2	2	0.0
28	2	3	0.0060278046647519136
28	2	4	0.02090333088773251
28	2	5	0.020739420888472408
28	2	6	0.03778421018112798
28	2	7	0.04063142456390548
28	2	8	0.03302285278706612
28	2	9	0.031128385745216206
28	2	10	0.04231874825981663
28	2	11	0.06100506216674262
28	3	3	0.0
28	3	4	0.020793620705473356
28	3	5	0.02147359552013407
28	3	6	0.03750058597282669
28	3	7	0.03982972032778586
28	3	8	0.03524203796571653
28	3	9	0.02893479911200259
28	3	10	0.041225794300885354
28	3	11	0.059669234399223114
28	4	4	0.0
28	4	5	0.008777653264613557
28	4	6	0.02897421973928373
28	4	7	0.030993150389986113
28	4	8	0.03970270092970514
28	4	9	0.04065713361783382
28	4	10	0.04734927625912633
28	4	11	0.06673523174032425
28	5	5	0.0
28	5	6	0.030963392028888127
28	5	7	0.033265642488249654
28	5	8	0.04088381675731701
28	5	9	0.04020694772138201
28	5	10	0.037911895851891586
28	5	11	0.05873280469364772
28	6	6	0.0
28	6	7	0.006447957670833501
28	6	8	0.05738933741129817
28	6	9	0.05333222132804434
28	6	10	0.05967088814145427
28	6	11	0.07527010182752747
28	7	7	0.0
28	7	8	0.05965509784208345
28	7	9	0.05403680745660076
28	7	10	0.06034023935399091
28	7	11	0.0752531473772251
28	8	8	0.0
28	8	9	0.04288384400285958
28	8	10	0.0508739987124045
28	8	11	0.05162049436307825
28	9	9	0.0
28	9	10	0.053626601728410606
28	9	11	0.038926518962398404
28	10	10	0.0
28	10	11	0.040945335379092285
28	11	11	0.0
29	0	0	0.0
29	0	1	0.12017891096892833
29	0	2	0.0861726414586883
29	0	3	0.0905336669558892
29	0	4	0.08726711145990461
29	0	5	0.09084109737264073
29	0	6	0.1351656751401606
29	0	7	0.11921159489783957
29	0	8	0.12282767142344357
29	0	9	0.0897632116502221
29	0	10	0.13952509050577647
29	0	11	0.1286913037423801
29	1	1	0.0
29	1	2	0.10425448722380679
29	1	3	0.10266878970869583
29	1	4	0.13180096835178268
29	1	5	0.10697404354949766
29	1	6	0.12147322997334413
29	1	7	0.18297478468394301
29	1	8	0.11535960526436762
29	1	9	0.09512688157124573
29	1	10	0.15364780237869127
29	1	11	0.1552780601887207
29	2	2	0.0
29	2	3	0.01623958136442525
29	2	4	0.030502036674079136
29	2	5	0.0525226675902104
29	2	6	0.23175884678130387
29	2	7	0.1237520954800857
29	2	8	0.1284027601287562
29	2	9	0.11155204611477529
29	2	10	0.16983805799100082
29	2	11	0.20016823848454807
29	3	3	0.0
29	3	4	0.038050228907377456
29	3	5	0.06102546410634204
29	3	6	0.22490653195854976
29	3	7	0.12267220663197805
29	3	8	0.13304041394653723
29	3	9	0.11531522590357782
29	3	10	0.17134495917416642
29	3	11	0.19533853381217342
29	4	4	0.0
29	4	5	0.06361968566087509
29	4	6	0.2131394095966243
29	4	7	0.11218726798143168
29	4	8	0.11996608275549193
29	4	9	0.10359028579216877
29	4	10	0.15578454252245139
29	4	11	0.1893726319380221
29	5	5	0.0
29	5	6	0.27610981590255507
29	5	7	0.1392406917527528
29	5	8	0.13540045408022985
29	5	9	0.08026043281400157
29	5	10	0.13871485370023037
29	5	11	0.1507367116795649
29	6	6	0.0
29	6	7	0.2762289000358578
29	6	8	0.2831480297419603
29	6	9	0.1786198709107339
29	6	10	0.40226771904126507
29	6	11	0.4866008124947257
29	7	7	0.0
29	7	8	0.061994525250811186
29	7	9	0.15510492227029282
29	7	10	0.09853030246194976
29	7	11	0.07540397252923867
29	8	8	0.0
29	8	9	0.12669186528319046
29	8	10	0.10637437161453818
29	8	11	0.11647013850410985
29	9	9	0.0
29	9	10	0.1460075013053938
29	9	11	0.16223785756283177
29	10	10	0.0
29	10	11	0.04152342412417056
29	11	11	0.0
30	0	0	0.0
30	0	1	0.04945866875559761
30	0	2	0.07651680582255888
30	0	3	0.07634300716168615
30	0	4	0.09998953361464373
30	0	5	0.09287247168213071
30	0	6	0.10300351027544821
30	0	7	0.11162492387375096
30	0	8	0.0583419643865634
30	0	9	0.060103745896042234
30	0	10	0.14164423076954336
30	0	11	0.14902992985857963
30	1	1	0.0
30	1	2	0.06936550047476689
30	1	3	0.07785107709654847
30	1	4	0.1102973792654666
30	1	5	0.09206653177243425
30	1	6	0.08359032353400835
30	1	7	0.0930078851764847
30	1	8	0.06633945681566378
30	1	9	0.07149442147352619
30	1	10	0.15711158676649575
30	1	11	0.16371624102794158
30	2	2	0.0
30	2	3	0.0285966052999647
30	2	4	0.08402710166928955
30	2	5	0.07102230648361
30	2	6	0.12839632091263412
30	2	7	0.13359509473602885
30	2	8	0.07021371365006981
30	2	9	0.0696565291186872
30	2	10	0.15350317663528584
30	2	11	0.15972803588419993
30	3	3	0.0
30	3	4	0.06553146354199271
30	3	5	0.07494045604653365
30	3	6	0.13978972785698715
30	3	7	0.1446332721869112
30	3	8	0.07606624897411035
30	3	9	0.07607539244022418
30	3	10	0.10425480919975598
30	3	11	0.08071447529687248
30	4	4	0.0
30	4	5	0.05774003070036997
30	4	6	0.14931404435264994
30	4	7	0.13015108867402886
30	4	8	0.11289960201647772
30	4	9	0.1125262041005044
30	4	10	0.08738515974596339
30	4	11	0.08249448943684001
30	5	5	0.0
30	5	6	0.11925260087919014
30	5	7	0.12567761619029624
30	5	8	0.10723571791932045
30	5	9	0.10845323549583555
30	5	10	0.11403611781361178
30	5	11	0.11267301261254943
30	6	6	0.0
30	6	7	0.03897332930064294
30	6	8	0.09692549321771367
30	6	9	0.1036922701074218
30	6	10	0.3062321527561835
30	6	11	0.30103785090209384
30	7	7	0.0
30	7	8	0.08716303800010791
30	7	9	0.09383394764081458
30	7	10	0.3539275398224163
30	7	11	0.3626134227215971
30	8	8	0.0
30	8	9	0.010191890902650838
30	8	10	0.32007482140243154
30	8	11	0.31413454478297353
30	9	9	0.0
30	9	10	0.32764281606878287
30	9	11	0.33204467845675933
30	10	10	0.0
30	10	11	0.017628236968857892
30	11	11	0.0
31	0	0	0.0
31	0	1	0.05968590846908102
31	0	2	0.1072272404859973
31	0	3	0.09736030168051002
31	0	4	0.05309218225823544
31	0	5	0.1411769757767962
31	0	6	0.07686450774416467
31	0	7	0.0792854237639221
31	0	8	0.10429690105502232
31	0	9	0.09719678794539277
31	0	10	0.08241885165466556
31	0	11	0.08481089281940513
31	1	1	0.0
31	1	2	0.09544442070250625
31	1	3	0.09691789383941796
31	1	4	0.08890672519580216
31	1	5	0.12762992953094432
31	1	6	0.0989064837449747
31	1	7	0.09679285113300674
31	1	8	0.10392222903192305
31	1	9	0.09324845248534075
31	1	10	0.06019917231765248
31	1	11	0.06306543948176113
31	2	2	0.0
31	2	3	0.04123839422368292
31	2	4	0.08644249882166832
31	2	5	0.03844304127341047
31	2	6	0.11647851418359778
31	2	7	0.11127849061292494
31	2	8	0.05133704651871085
31	2	9	0.0531824470679112
31	2	10	0.08871211734219742
31	2	11	0.09247749489225043
31	3	3	0.0
31	3	4	0.07521074335272715
31	3	5	0.05599164177192506
31	3	6	0.09777786917175035
31	3	7	0.09415797846451568
31	3	8	0.03054775640111984
31	3	9	0.022159769022323417
31	3	10	0.08890140809558034
31	3	11	0.08587067443022534
31	4	4	0.0
31	4	5	0.10935909988863084
31	4	6	0.05785350849783402
31	4	7	0.07391278518682234
31	4	8	0.0680447854429076
31	4	9	0.05803404846102467
31	4	10	0.07228069106326984
31	4	11	0.06930300886688201
31	5	5	0.0
31	5	6	0.14742414837320603
31	5	7	0.14017318446850757
31	5	8	0.07872671287509547
31	5	9	0.07675025393564283
31	5	10	0.11208712914958596
31	5	11	0.11479554859351992
31	6	6	0.0
31	6	7	0.016887896125840126
31	6	8	0.09969771418400342
31	6	9	0.08702881941803753
31	6	10	0.09897654080918983
31	6	11	0.0933696321781099
31	7	7	0.0
31	7	8	0.10263451746195784
31	7	9	0.08225217844817934
31	7	10	0.09229459200013679
31	7	11	0.09196551254392915
31	8	8	0.0
31	8	9	0.02741310312853784
31	8	10	0.0777555191286865
31	8	11	0.07160166647645383
31	9	9	0.0
31	9	10	0.05743432225710876
31	9	11	0.05447441581213752
31	10	10	0.0
31	10	11	0.008552774990903345
31	11	11	0.0
32	0	0	0.0
32	0	1	0.008890014592200006
32	0	2	0.06554864415003343
32	0	3	0.06657379226428178
32	0	4	0.09516180555017759
32	0	5	0.10673525803285257
32	0	6	0.08999845062718867
32	0	7	0.08561793516794503
32	0	8	0.06588078847605135
32	0	9	0.07117907703066759
32	0	10	0.06585070694154638
32	0	11	0.06967905832999788
32	1	1	0.0
32	1	2	0.05318241539428962
32	1	3	0.053156665783456486
32	1	4	0.08133179763779863
32	1	5	0.09009294884231951
32	1	6	0.08362849297277121
32	1	7	0.08042468613394621
32	1	8	0.05243957096091712
32	1	9	0.059282683240978615
32	1	10	0.0599579093890228
32	1	11	0.0627275314397627
32	2	2	0.0
32	2	3	0.005175066602026599
32	2	4	0.05319108262636924
32	2	5	0.04390889662926352
32	2	6	0.04825449483203398
32	2	7	0.06761861676008582
32	2	8	0.004390139020893991
32	2	9	0.04926330803491114
32	2	10	0.034585013552746006
32	2	11	0.05804923275604581
32	3	3	0.0
32	3	4	0.05404078948171367
32	3	5	0.043152972879397566
32	3	6	0.048514681124589
32	3	7	0.0677624434045435
32	3	8	0.0054631541457954725
32	3	9	0.047743122201443285
32	3	10	0.03483300654688324
32	3	11	0.05858566961795314
32	4	4	0.0
32	4	5	0.04591810232689348
32	4	6	0.06854166718828007
32	4	7	0.0948005022344564
32	4	8	0.05346439741422965
32	4	9	0.08579382300163359
32	4	10	0.08791387708680033
32	4	11	0.10515859272519472
32	5	5	0.0
32	5	6	0.05371919848867351
32	5	7	0.07438241815731905
32	5	8	0.04400302089676847
32	5	9	0.07349750228152924
32	5	10	0.07982439598840599
32	5	11	0.09669696624361426
32	6	6	0.0
32	6	7	0.02597114191051911
32	6	8	0.04975647486155693
32	6	9	0.08162947905391617
32	6	10	0.06010526855150767
32	6	11	0.07516886256952686
32	7	7	0.0
32	7	8	0.06884710327221515
32	7	9	0.05429754590858584
32	7	10	0.08165400446636009
32	7	11	0.061989706843583424
32	8	8	0.0
32	8	9	0.05146070515094597
32	8	10	0.03434562328527492
32	8	11	0.060260935757722345
32	9	9	0.0
32	9	10	0.07084481545898598
32	9	11	0.054868468111785855
32	10	10	0.0
32	10	11	0.03467191645281024
32	11	11	0.0
33	0	0	0.0
33	0	1	0.006041072758579191
33	0	2	0.04910023742124529
33	0	3	0.05228799294024837
33	0	4	0.07626207795223822
33	0	5	0.0720337457771544
33	0	6	0.045563782284914964
33	0	7	0.04641089694974507
33	0	8	0.04939081372486915
33	0	9	0.04934714517467061
33	0	10	0.07745554813320998
33	0	11	0.07782564027099792
33	1	1	0.0
33	1	2	0.04405378496214534
33	1	3	0.04766721903602477
33	1	4	0.06895736965847502
33	1	5	0.0640134098681037
33	1	6	0.03677937574522693
33	1	7	0.03755577214816197
33	1	8	0.043351949310095804
33	1	9	0.0448401251577295
33	1	10	0.07356281763112706
33	1	11	0.07447585417677698
33	2	2	0.0
33	2	3	0.0026223530224567396
33	2	4	0.003522837069959507
33	2	5	0.011775112955939889
33	2	6	0.02684388827374714
33	2	7	0.02753659027572326
33	2	8	0.010642238570217429
33	2	9	0.0027839349051404787
33	2	10	0.04484780560002326
33	2	11	0.04176788921271143
33	3	3	0.0
33	3	4	0.0037388067722159035
33	3	5	0.012211781009293151
33	3	6	0.02647747567964525
33	3	7	0.027384425843576126
33	3	8	0.010513708133094109
33	3	9	0.002873712881275786
33	3	10	0.046747981200261246
33	3	11	0.041798824797009235
33	4	4	0.0
33	4	5	0.012771808011937159
33	4	6	0.0398160931339028
33	4	7	0.040223107439103636
33	4	8	0.012721971414100062
33	4	9	0.003980094008061801
33	4	10	0.04851285202015023
33	4	11	0.044553293519077164
33	5	5	0.0
33	5	6	0.03369143054196109
33	5	7	0.03343245341347938
33	5	8	0.010850367413148454
33	5	9	0.012075200872133852
33	5	10	0.051857378522800424
33	5	11	0.05027192744117908
33	6	6	0.0
33	6	7	0.0036568539049093725
33	6	8	0.024473519433505952
33	6	9	0.026768413691070404
33	6	10	0.05956928758323967
33	6	11	0.058558267795120515
33	7	7	0.0
33	7	8	0.02377234380846891
33	7	9	0.027488611776225365
33	7	10	0.05973487813163973
33	7	11	0.05944845499079987
33	8	8	0.0
33	8	9	0.011349606856736406
33	8	10	0.05031761606035847
33	8	11	0.047663387873743794
33	9	9	0.0
33	9	10	0.04493257400027815
33	9	11	0.04144867451298129
33	10	10	0.0
33	10	11	0.007242677451527264
33	11	11	0.0
34	0	0	0.0
34	0	1	0.007574228403267553
34	0	2	0.045001253149970326
34	0	3	0.0340442888189627
34	0	4	0.04677873550128328
34	0	5	0.04230500540861038
34	0	6	0.0969847876043291
34	0	7	0.09691954524159761
34	0	8	0.03977015279523043
34	0	9	0.0399874139325175
34	0	10	0.04092399643807465
34	0	11	0.03659733633526303
34	1	1	0.0
34	1	2	0.04068627670769268
34	1	3	0.03570727397782381
34	1	4	0.04930358725468796
34	1	5	0.04476910604111755
34	1	6	0.1005091709965508
34	1	7	0.10186480036425691
34	1	8	0.039048994610190776
34	1	9	0.03985024632428791
34	1	10	0.04093212630183756
34	1	11	0.038348199175910196
34	2	2	0.0
34	2	3	0.021995052600174512
34	2	4	0.02261843819726716
34	2	5	0.021471347827862607
34	2	6	0.04012973886393142
34	2	7	0.03988370233856155
34	2	8	0.02094490068682302
34	2	9	0.020650282278023825
34	2	10	0.024931577654552447
34	2	11	0.024415790094064558
34	3	3	0.0
34	3	4	0.010656153373910408
34	3	5	0.005920301852676315
34	3	6	0.020233875306152647
34	3	7	0.018595555820915603
34	3	8	0.0037882935452599716
34	3	9	0.003631942526625241
34	3	10	0.004671890139984045
34	3	11	0.0041264697459789884
34	4	4	0.0
34	4	5	0.008643535840204558
34	4	6	0.02192126682861463
34	4	7	0.022899377340784493
34	4	8	0.009985659245591562
34	4	9	0.009704942537753499
34	4	10	0.0099606966503246
34	4	11	0.010056597160404156
34	5	5	0.0
34	5	6	0.01828515831153358
34	5	7	0.018613467795853867
34	5	8	0.005274454344971833
34	5	9	0.005197005175623896
34	5	10	0.005115442712545332
34	5	11	0.005829872647611053
34	6	6	0.0
34	6	7	0.008634851966311736
34	6	8	0.020006528979840305
34	6	9	0.018045251313780777
34	6	10	0.017882722488700313
34	6	11	0.019094379923979818
34	7	7	0.0
34	7	8	0.02080139857569265
34	7	9	0.019511772226393845
34	7	10	0.0192157375927455
34	7	11	0.018064393467739137
34	8	8	0.0
34	8	9	0.0032570932861601346
34	8	10	0.003828782241571009
34	8	11	0.004483624594870968
34	9	9	0.0
34	9	10	0.003771639450462954
34	9	11	0.003896444559792039
34	10	10	0.0
34	10	11	0.004045523560573751
34	11	11	0.0
35	0	0	0.0
35	0	1	0.010463991551822895
35	0	2	0.22987573389066193
35	0	3	0.09008373951071882
35	0	4	0.10429067787838042
35	0	5	0.09734249405745314
35	0	6	0.08306018189336978
35	0	7	0.12225418148415704
35	0	8	0.08729334266284311
35	0	9	0.08488128111406322
35	0	10	0.07469143808237123
35	0	11	0.07344630487601515
35	1	1	0.0
35	1	2	0.22762000869994595
35	1	3	0.09058581418621485
35	1	4	0.10519920135049314
35	1	5	0.09815868987933199
35	1	6	0.08335411123240559
35	1	7	0.12395015661609653
35	1	8	0.08683793636795692
35	1	9	0.08499053192397883
35	1	10	0.07431453909357612
35	1	11	0.07602677922885666
35	2	2	0.0
35	2	3	0.11463778736038335
35	2	4	0.11549205640739937
35	2	5	0.06930606180591181
35	2	6	0.13436518247381665
35	2	7	0.12591762773276108
35	2	8	0.12340228679917149
35	2	9	0.11847843940014247
35	2	10	0.13238001013129688
35	2	11	0.12773241167443788
35	3	3	0.0
35	3	4	0.03780939388599589
35	3	5	0.0357167762477573
35	3	6	0.07314097176476124
35	3	7	0.08156737828185388
35	3	8	0.053287049783352955
35	3	9	0.042875822065887484
35	3	10	0.05296689414054435
35	3	11	0.043487071380941274
35	4	4	0.0
35	4	5	0.021770592224791906
35	4	6	0.06271416389217425
35	4	7	0.07104085125893529
35	4	8	0.05827519947212213
35	4	9	0.04893624375873538
35	4	10	0.06741994520401084
35	4	11	0.05370527998695646
35	5	5	0.0
35	5	6	0.06497542621409044
35	5	7	0.07367509820983134
35	5	8	0.04737753927139028
35	5	9	0.03812979126814753
35	5	10	0.07425344628331168
35	5	11	0.06312461534422475
35	6	6	0.0
35	6	7	0.06778286729225941
35	6	8	0.08987367584776597
35	6	9	0.08123523660497785
35	6	10	0.08080114614442989
35	6	11	0.07051255818128108
35	7	7	0.0
35	7	8	0.06185096500615682
35	7	9	0.05945099650951026
35	7	10	0.10679439141807884
35	7	11	0.09128350924974829
35	8	8	0.0
35	8	9	0.013059095012394186
35	8	10	0.08925635363751401
35	8	11	0.08356225119731063
35	9	9	0.0
35	9	10	0.08053892552784876
35	9	11	0.07348190408433934
35	10	10	0.0
35	10	11	0.04912514670990825
35	11	11	0.0
36	0	0	0.0
36	0	1	0.07281556998532324
36	0	2	0.1129316448787776
36	0	3	0.11491265778658999
36	0	4	0.11453083695940336
36	0	5	0.11555445088424676
36	0	6	0.11342102200364934
36	0	7	0.11174922866601378
36	0	8	0.11333139350972488
36	0	9	0.1323575194737714
36	0	10	0.20043843878420375
36	0	11	0.21161540011507896
36	1	1	0.0
36	1	2	0.09592121050840063
36	1	3	0.10041620325910117
36	1	4	0.10207358229575902
36	1	5	0.09572684499107709
36	1	6	0.15211734942022304
36	1	7	0.14778712729074073
36	1	8	0.1561743616784952
36	1	9	0.14759905509708915
36	1	10	0.16825089017038408
36	1	11	0.17993567613848427
36	2	2	0.0
36	2	3	0.08744336799777841
36	2	4	0.09290413250541008
36	2	5	0.09409863316382427
36	2	6	0.1383316633413969
36	2	7	0.14047821701503693
36	2	8	0.059806919001445635
36	2	9	0.105631823389146
36	2	10	0.12268289217747963
36	2	11	0.13350697680507295
36	3	3	0.0
36	3	4	0.05983335540753387
36	3	5	0.054109232748942304
36	3	6	0.09480564247814982
36	3	7	0.09454541318638121
36	3	8	0.12267331975499474
36	3	9	0.08886256967298323
36	3	10	0.09900337819681226
36	3	11	0.11292614517560651
36	4	4	0.0
36	4	5	0.02219403769430528
36	4	6	0.10922409876152983
36	4	7	0.10688626604832052
36	4	8	0.11606110811425197
36	4	9	0.07198428629263276
36	4	10	0.09783971462303498
36	4	11	0.1204344256897798
36	5	5	0.0
36	5	6	0.11337232583173318
36	5	7	0.11369293520172619
36	5	8	0.12546188761371013
36	5	9	0.08050473510502343
36	5	10	0.09231836404433125
36	5	11	0.11318010255672561
36	6	6	0.0
36	6	7	0.008578079676027528
36	6	8	0.11833294094049052
36	6	9	0.07720300301025418
36	6	10	0.1283752171366359
36	6	11	0.1520081185244635
36	7	7	0.0
36	7	8	0.11964830625882428
36	7	9	0.07684400284941262
36	7	10	0.12416240525342914
36	7	11	0.14885031412703142
36	8	8	0.0
36	8	9	0.08389221886136511
36	8	10	0.11051485770622094
36	8	11	0.12581653385495883
36	9	9	0.0
36	9	10	0.06854182353799843
36	9	11	0.09443637821368611
36	10	10	0.0
36	10	11	0.045678608936214005
36	11	11	0.0
37	0	0	0.0
37	0	1	0.05626342821858918
37	0	2	0.08591249710718304
37	0	3	0.08323059451017026
37	0	4	0.08583040557241639
37	0	5	0.08520950774916493
37	0	6	0.05386075872124398
37	0	7	0.060125112661033334
37	0	8	0.0932723834656878
37	0	9	0.09639494540538662
37	0	10	0.1299836975140435
37	0	11	0.13798641131378056
37	1	1	0.0
37	1	2	0.09827863163085344
37	1	3	0.0922046136419906
37	1	4	0.09277374737967665
37	1	5	0.09638240463832579
37	1	6	0.07380173274354299
37	1	7	0.07786986247757105
37	1	8	0.08628529308743793
37	1	9	0.09511735767015032
37	1	10	0.12467414734316805
37	1	11	0.11273911920158523
37	2	2	0.0
37	2	3	0.017838856341230395
37	2	4	0.022206655687056494
37	2	5	0.020947435417385588
37	2	6	0.11829857021596009
37	2	7	0.11825818118517485
37	2	8	0.045485875104989054
37	2	9	0.03393466683803528
37	2	10	0.0613724609450843
37	2	11	0.05976482306744225
37	3	3	0.0
37	3	4	0.023036775751011995
37	3	5	0.024015377846923636
37	3	6	0.11547732215060266
37	3	7	0.11982402017681645
37	3	8	0.03614823097546523
37	3	9	0.03639006947756269
37	3	10	0.06487889194779717
37	3	11	0.06722837007265664
37	4	4	0.0
37	4	5	0.006384134295499753
37	4	6	0.09126076816494778
37	4	7	0.09664529337334052
37	4	8	0.038459263314235936
37	4	9	0.034112125921444504
37	4	10	0.05543419738585816
37	4	11	0.05358865411414398
37	5	5	0.0
37	5	6	0.09140301119780994
37	5	7	0.09681467630338966
37	5	8	0.040000289027754016
37	5	9	0.032864517171980974
37	5	10	0.05571331195617723
37	5	11	0.055272388941569994
37	6	6	0.0
37	6	7	0.005811666788575489
37	6	8	0.11140398475600732
37	6	9	0.12669461001942087
37	6	10	0.12754759935216742
37	6	11	0.12813001076860975
37	7	7	0.0
37	7	8	0.1175925177993893
37	7	9	0.12979780382047015
37	7	10	0.12760106278958133
37	7	11	0.12660978841583076
37	8	8	0.0
37	8	9	0.03760474824364306
37	8	10	0.05603813756352717
37	8	11	0.06272247791017264
37	9	9	0.0
37	9	10	0.04932170223301751
37	9	11	0.04912168336188252
37	10	10	0.0
37	10	11	0.015651547943838814
37	11	11	0.0
38	0	0	0.0
38	0	1	0.08172074666141782
38	0	2	0.12027300286749032
38	0	3	0.1279289190262034
38	0	4	0.15231519106843194
38	0	5	0.13626881224240606
38	0	6	0.1038927257739033
38	0	7	0.104560491704774
38	0	8	0.10963617989659724
38	0	9	0.10673928901375263
38	0	10	0.11293731624073189
38	0	11	0.09881683702730015
38	1	1	0.0
38	1	2	0.1422156367775056
38	1	3	0.133043587456811
38	1	4	0.11330996828453266
38	1	5	0.128446652025616
38	1	6	0.2538152040761048
38	1	7	0.25329883611119897
38	1	8	0.10050251289374046
38	1	9	0.16503415607351002
38	1	10	0.14631770548470513
38	1	11	0.149007190803772
38	2	2	0.0
38	2	3	0.06460775108425132
38	2	4	0.04983584111696615
38	2	5	0.10389161152795445
38	2	6	0.14401120153843472
38	2	7	0.1312950347185602
38	2	8	0.0811520916134878
38	2	9	0.07478107697509806
38	2	10	0.12460389661586468
38	2	11	0.09412281551237633
38	3	3	0.0
38	3	4	0.07605753814141991
38	3	5	0.11719758988780882
38	3	6	0.17336750927046296
38	3	7	0.15714753273402948
38	3	8	0.09301219791848325
38	3	9	0.0672953370973488
38	3	10	0.14702678606795416
38	3	11	0.07971098957551703
38	4	4	0.0
38	4	5	0.13561389889819253
38	4	6	0.20875086241155572
38	4	7	0.19330889291271802
38	4	8	0.07235806001748557
38	4	9	0.10805075685387067
38	4	10	0.13388534129158103
38	4	11	0.0982861927202876
38	5	5	0.0
38	5	6	0.099162979824996
38	5	7	0.08499122451269159
38	5	8	0.1282673462301318
38	5	9	0.12327054171711183
38	5	10	0.11604361388219786
38	5	11	0.16587521111011938
38	6	6	0.0
38	6	7	0.024674273637288024
38	6	8	0.1602188420465609
38	6	9	0.12359959133954845
38	6	10	0.17044124680285222
38	6	11	0.21849643452594592
38	7	7	0.0
38	7	8	0.16006896682904426
38	7	9	0.11337859490846114
38	7	10	0.1733424002129027
38	7	11	0.2209370539156339
38	8	8	0.0
38	8	9	0.10559978879128806
38	8	10	0.11890210236447274
38	8	11	0.09257672790118932
38	9	9	0.0
38	9	10	0.14806750025264392
38	9	11	0.09189967327234427
38	10	10	0.0
38	10	11	0.11260705841311847
38	11	11	0.0
39	0	0	0.0
39	0	1	0.12093126736749582
39	0	2	0.10039693205521871
39	0	3	0.09414058797119651
39	0	4	0.10536521688345601
39	0	5	0.09641230240799814
39	0	6	0.09513749018765338
39	0	7	0.12052969943397329
39	0	8	0.0918419414310847
39	0	9	0.09279366348494023
39	0	10	0.10307934484421821
39	0	11	0.1137263059145539
39	1	1	0.0
39	1	2	0.0765590215796692
39	1	3	0.08126365016210002
39	1	4	0.11344292360263353
39	1	5	0.08298142608191483
39	1	6	0.08446478016412584
39	1	7	0.08257864024221817
39	1	8	0.11912770887215629
39	1	9	0.14137714197784135
39	1	10	0.15538089281449174
39	1	11	0.1624370938018842
39	2	2	0.0
39	2	3	0.039243355784719824
39	2	4	0.08188075774887693
39	2	5	0.04889076611834753
39	2	6	0.08159456000839782
39	2	7	0.07248589074083611
39	2	8	0.0917277929595457
39	2	9	0.08138039549930909
39	2	10	0.10928847756986215
39	2	11	0.09820602300186465
39	3	3	0.0
39	3	4	0.07799139514236231
39	3	5	0.049029875606947826
39	3	6	0.09045666324323065
39	3	7	0.08143761595874821
39	3	8	0.08741954699689813
39	3	9	0.06824989266146986
39	3	10	0.10546491075069753
39	3	11	0.08285520511128652
39	4	4	0.0
39	4	5	0.07385833470425496
39	4	6	0.11202817684375077
39	4	7	0.08978010378109502
39	4	8	0.11750806583881968
39	4	9	0.06771394262625563
39	4	10	0.11521653611271176
39	4	11	0.09033955275219796
39	5	5	0.0
39	5	6	0.0780725770623576
39	5	7	0.05399160375986867
39	5	8	0.07799250247012424
39	5	9	0.06378974635435952
39	5	10	0.11001716112400572
39	5	11	0.09818558536574074
39	6	6	0.0
39	6	7	0.08699398987641871
39	6	8	0.07667092412589227
39	6	9	0.12582549704291068
39	6	10	0.10924350253878856
39	6	11	0.14636068094938537
39	7	7	0.0
39	7	8	0.11447012180360616
39	7	9	0.1049045980222445
39	7	10	0.1398653302717321
39	7	11	0.1350602428947809
39	8	8	0.0
39	8	9	0.07945737922284479
39	8	10	0.05901167835600063
39	8	11	0.09848524563710725
39	9	9	0.0
39	9	10	0.08873497261288321
39	9	11	0.06257748197924684
39	10	10	0.0
39	10	11	0.06183799370603538
39	11	11	0.0
40	0	0	0.0
40	0	1	0.05651732542562592
40	0	2	0.06901872446833295
40	0	3	0.06847193568937655
40	0	4	0.07011320169279381
40	0	5	0.06773731212379061
40	0	6	0.0917683640451287
40	0	7	0.08956377603608416
40	0	8	0.07056861531837058
40	0	9	0.06789057002752089
40	0	10	0.0884714427535073
40	0	11	0.07844782413667417
40	1	1	0.0
40	1	2	0.09444891623575132
40	1	3	0.09351997804637904
40	1	4	0.04603396414628225
40	1	5	0.046778280613671085
40	1	6	0.08420959961308654
40	1	7	0.08289030437531437
40	1	8	0.04915246637428936
40	1	9	0.04903744686716891
40	1	10	0.15484701546347424
40	1	11	0.16023154575568696
40	2	2	0.0
40	2	3	0.007445370003188146
40	2	4	0.10881737369854819
40	2	5	0.09272474629397039
40	2	6	0.18622280907147798
40	2	7	0.18681807225366356
40	2	8	0.0806302391668396
40	2	9	0.08036920127051417
40	2	10	0.0941255598765565
40	2	11	0.09123829286763793
40	3	3	0.0
40	3	4	0.10912564039444987
40	3	5	0.09292804696651728
40	3	6	0.18482083580693143
40	3	7	0.185418702734205
40	3	8	0.08134481650695306
40	3	9	0.08123733723969054
40	3	10	0.09420569656704174
40	3	11	0.09161780250997253
40	4	4	0.0
40	4	5	0.017122008798469323
40	4	6	0.04680795155363739
40	4	7	0.045316238961095226
40	4	8	0.02820189930198467
40	4	9	0.02631571991223609
40	4	10	0.38619461862544996
40	4	11	0.3959779586009972
40	5	5	0.0
40	5	6	0.043427289827377535
40	5	7	0.043226657263585364
40	5	8	0.015165801910370647
40	5	9	0.016896663076477126
40	5	10	0.34483039649494457
40	5	11	0.3538049510032579
40	6	6	0.0
40	6	7	0.004233755962923169
40	6	8	0.053117857425331746
40	6	9	0.05077999990026001
40	6	10	0.4969840955644031
40	6	11	0.5392657629410678
40	7	7	0.0
40	7	8	0.05200130417370019
40	7	9	0.0496392903762171
40	7	10	0.4949717794967
40	7	11	0.5373453993779549
40	8	8	0.0
40	8	9	0.009731118115632853
40	8	10	0.30563932360155377
40	8	11	0.31531742868037327
40	9	9	0.0
40	9	10	0.2965616953573772
40	9	11	0.3117214134974347
40	10	10	0.0
40	10	11	0.013332979279948632
40	11	11	0.0
41	0	0	0.0
41	0	1	0.03512620058128219
41	0	2	0.12911398085048797
41	0	3	0.1307366337767512
41	0	4	0.15701888841641
41	0	5	0.1465678123947898
41	0	6	0.18149525881461281
41	0	7	0.18765866440255688
41	0	8	0.1294324147728098
41	0	9	0.12807331018734272
41	0	10	0.12522516083117807
41	0	11	0.129800983802667
41	1	1	0.0
41	1	2	0.09706724142329975
41	1	3	0.0981173366979036
41	1	4	0.1267774008781085
41	1	5	0.11825097478913653
41	1	6	0.1523149108802357
41	1	7	0.15370287211306993
41	1	8	0.09796531438828036
41	1	9	0.09775842179967711
41	1	10	0.09762206018668487
41	1	11	0.09773103656918604
41	2	2	0.0
41	2	3	0.004363007879131759
41	2	4	0.018303878340596047
41	2	5	0.05371067672913256
41	2	6	0.07435646590805986
41	2	7	0.06972374325862173
41	2	8	0.004014068241860736
41	2	9	0.003279453659346547
41	2	10	0.01734654492240076
41	2	11	0.0033427859458725483
41	3	3	0.0
41	3	4	0.01761518455819435
41	3	5	0.05733517978308687
41	3	6	0.07380532055749031
41	3	7	0.06882209363874818
41	3	8	0.002627339864171072
41	3	9	0.004068370719435233
41	3	10	0.020248033124145727
41	3	11	0.004265745494417295
41	4	4	0.0
41	4	5	0.042926193776226466
41	4	6	0.058702408189593186
41	4	7	0.06929173547428996
41	4	8	0.018008503540969147
41	4	9	0.017617461167705222
41	4	10	0.032025702256047194
41	4	11	0.01765590206237057
41	5	5	0.0
41	5	6	0.08528970915194549
41	5	7	0.09834499833689994
41	5	8	0.056749093594568444
41	5	9	0.05643610503010306
41	5	10	0.038360195776596315
41	5	11	0.05646603300641706
41	6	6	0.0
41	6	7	0.019307067771128807
41	6	8	0.07401967735087683
41	6	9	0.07412088049941874
41	6	10	0.08195619882480354
41	6	11	0.074054090041557
41	7	7	0.0
41	7	8	0.06917960493914367
41	7	9	0.06881517948933763
41	7	10	0.07929634605982126
41	7	11	0.06902681799049158
41	8	8	0.0
41	8	9	0.003948006251392849
41	8	10	0.019350069481612192
41	8	11	0.004235950899096586
41	9	9	0.0
41	9	10	0.020629018707022252
41	9	11	0.0025412812035715527
41	10	10	0.0
41	10	11	0.020993121971533045
41	11	11	0.0
42	0	0	0.0
42	0	1	0.04256040625877573
42	0	2	0.10978829016122038
42	0	3	0.10731930057045247
42	0	4	0.09760617961639359
42	0	5	0.11963241014897864
42	0	6	0.10164704039826208
42	0	7	0.09833586168351545
42	0	8	0.10220772162210778
42	0	9	0.1032558675661619
42	0	10	0.09857972591271391
42	0	11	0.09554300919398884
42	1	1	0.0
42	1	2	0.07627712009994614
42	1	3	0.07193497987282171
42	1	4	0.07325435283526435
42	1	5	0.08465634101176756
42	1	6	0.11929141711919161
42	1	7	0.1139764352245781
42	1	8	0.06122721732890568
42	1	9	0.06067538391275207
42	1	10	0.05940618541035292
42	1	11	0.06274717151381992
42	2	2	0.0
42	2	3	0.019549544772105243
42	2	4	0.033741832174116304
42	2	5	0.03326012277480661
42	2	6	0.08658830800246253
42	2	7	0.06923305140858904
42	2	8	0.021776858701486823
42	2	9	0.022559500579604652
42	2	10	0.07193414648500696
42	2	11	0.0606815614654872
42	3	3	0.0
42	3	4	0.03373988940802519
42	3	5	0.03894443561898697
42	3	6	0.09292280663225938
42	3	7	0.07604292366022491
42	3	8	0.013887645744034671
42	3	9	0.014200047300249707
42	3	10	0.050692850961240765
42	3	11	0.04592694750317605
42	4	4	0.0
42	4	5	0.023275524440838996
42	4	6	0.08922993634705403
42	4	7	0.07826704227236884
42	4	8	0.02807191908777895
42	4	9	0.028061237916944037
42	4	10	0.044804507010667294
42	4	11	0.03963409307107213
42	5	5	0.0
42	5	6	0.08835641827583617
42	5	7	0.0802032835698059
42	5	8	0.029650220674966477
42	5	9	0.030453556336709653
42	5	10	0.06007062093181048
42	5	11	0.050492412889298066
42	6	6	0.0
42	6	7	0.02346339150885136
42	6	8	0.08409621730174877
42	6	9	0.08592216081828496
42	6	10	0.08244826459781507
42	6	11	0.07765574421796373
42	7	7	0.0
42	7	8	0.07153076880308618
42	7	9	0.07125548291887185
42	7	10	0.07751333127589533
42	7	11	0.07068288797790956
42	8	8	0.0
42	8	9	0.008391427053481948
42	8	10	0.04160593554570369
42	8	11	0.03394690908771736
42	9	9	0.0
42	9	10	0.04074057117767893
42	9	11	0.033290518079269305
42	10	10	0.0
42	10	11	0.014171648595038278
42	11	11	0.0
43	0	0	0.0
43	0	1	0.17021955804902558
43	0	2	0.234492469915782
43	0	3	0.21151161502912838
43	0	4	0.23595460528110035
43	0	5	0.23527162112677677
43	0	6	0.37124804245946397
43	0	7	0.22327815814753685
43	0	8	0.20084390146062756
43	0	9	0.21758963182086194
43	0	10	0.24337714293566215
43	0	11	0.16857065164727386
43	1	1	0.0
43	1	2	0.1529328651963077
43	1	3	0.11979347451954152
43	1	4	0.17120078092314034
43	1	5	0.14555382060032868
43	1	6	0.09946300719587389
43	1	7	0.11075831261825644
43	1	8	0.1427781431048927
43	1	9	0.11890821063811836
43	1	10	0.17214101832042172
43	1	11	0.13955573891824968
43	2	2	0.0
43	2	3	0.11910862928493224
43	2	4	0.09066364304185923
43	2	5	0.05717984737529191
43	2	6	0.1127705723190916
43	2	7	0.12225958718770435
43	2	8	0.07883642977706704
43	2	9	0.09309891834080744
43	2	10	0.07353690749434787
43	2	11	0.11666842587211972
43	3	3	0.0
43	3	4	0.1558085360944296
43	3	5	0.12754888152900318
43	3	6	0.1118061339162151
43	3	7	0.1482193953246765
43	3	8	0.15178513845228514
43	3	9	0.14421195925543417
43	3	10	0.1401590695986111
43	3	11	0.15907777169223453
43	4	4	0.0
43	4	5	0.05619809246611514
43	4	6	0.1232536676880597
43	4	7	0.13359474136793453
43	4	8	0.07618362897620655
43	4	9	0.08065668962633887
43	4	10	0.06286182155346741
43	4	11	0.09209545340155063
43	5	5	0.0
43	5	6	0.07279855700738999
43	5	7	0.09311144264656976
43	5	8	0.07847591445463376
43	5	9	0.09001113465881234
43	5	10	0.07259480112074133
43	5	11	0.11355432278557998
43	6	6	0.0
43	6	7	0.03254266951186028
43	6	8	0.09292233070408519
43	6	9	0.09036780976869438
43	6	10	0.11852315382980079
43	6	11	0.09980957737396517
43	7	7	0.0
43	7	8	0.10619503771723386
43	7	9	0.10638198607587597
43	7	10	0.13068486363331358
43	7	11	0.11454826023804748
43	8	8	0.0
43	8	9	0.036580096311700616
43	8	10	0.08921821063487019
43	8	11	0.08571117934557967
43	9	9	0.0
43	9	10	0.08714339837199125
43	9	11	0.09154561205735799
43	10	10	0.0
43	10	11	0.12287832843914004
43	11	11	0.0
