pccLatency2 rtt_200ms_bdw_600Kbps
pccLatency2 pcc tensor(0.2489, device='cuda:0') 0.001464 0.000094 0.001461 0.002097 0.000007 0.000037 0.012874 0.000041 0.000536 0.000023 0.000151 0.001358 0.979859
pccLatency2 pcc tensor(0.2445, device='cuda:0') 0.001324 0.000090 0.001549 0.002218 0.000006 0.000036 0.011291 0.000039 0.000537 0.000023 0.000151 0.001325 0.981410
pccLatency2 pcc tensor(0.2521, device='cuda:0') 0.001469 0.000094 0.001464 0.002097 0.000007 0.000037 0.012953 0.000041 0.000537 0.000023 0.000151 0.001360 0.979768
pccLatency2 pcc tensor(2.6621, device='cuda:0') 0.000295 0.000033 0.000129 0.000333 0.000002 0.000002 0.002018 0.000004 0.000127 0.000003 0.000060 0.000590 0.996405
pccLatency2 pcc tensor(0.2542, device='cuda:0') 0.001310 0.000089 0.001557 0.002228 0.000006 0.000036 0.011144 0.000039 0.000537 0.000023 0.000151 0.001322 0.981556
pccLatency2 pcc tensor(0.2300, device='cuda:0') 0.001344 0.000091 0.001542 0.002201 0.000006 0.000036 0.011546 0.000039 0.000539 0.000023 0.000151 0.001332 0.981150
pccLatency2 pcc tensor(0.2241, device='cuda:0') 0.001351 0.000090 0.001495 0.002151 0.000006 0.000036 0.011615 0.000039 0.000531 0.000022 0.000150 0.001327 0.981188
pccLatency2 pcc tensor(0.2257, device='cuda:0') 0.001440 0.000094 0.001503 0.002139 0.000007 0.000038 0.012664 0.000041 0.000542 0.000023 0.000151 0.001358 0.980000
pccLatency2 pcc tensor(0.2284, device='cuda:0') 0.001440 0.000095 0.001543 0.002174 0.000007 0.000039 0.012713 0.000041 0.000549 0.000024 0.000152 0.001366 0.979858
pccLatency2 pcc tensor(0.2334, device='cuda:0') 0.001453 0.000095 0.001506 0.002137 0.000007 0.000038 0.012827 0.000041 0.000544 0.000023 0.000151 0.001363 0.979815