pccLatency3 rtt_200ms_bdw_600Kbps
pccLatency3 pcc tensor(2.5276, device='cuda:0') 0.000279 0.000034 0.000147 0.000343 0.000002 0.000002 0.002060 0.000004 0.000137 0.000003 0.000059 0.000604 0.996324
pccLatency3 pcc tensor(0.2139, device='cuda:0') 0.001387 0.000092 0.001538 0.002185 0.000007 0.000037 0.012054 0.000040 0.000543 0.000023 0.000151 0.001346 0.980595
pccLatency3 pcc tensor(0.2130, device='cuda:0') 0.001391 0.000092 0.001491 0.002144 0.000007 0.000036 0.012037 0.000040 0.000534 0.000022 0.000150 0.001339 0.980717
pccLatency3 pcc tensor(0.2132, device='cuda:0') 0.001379 0.000092 0.001509 0.002161 0.000006 0.000036 0.011928 0.000040 0.000536 0.000023 0.000151 0.001339 0.980800
pccLatency3 pcc tensor(0.2711, device='cuda:0') 0.001287 0.000088 0.001551 0.002227 0.000006 0.000035 0.010875 0.000038 0.000534 0.000022 0.000150 0.001313 0.981872
pccLatency3 pcc tensor(2.5190, device='cuda:0') 0.000278 0.000034 0.000148 0.000344 0.000002 0.000002 0.002061 0.000004 0.000138 0.000003 0.000059 0.000605 0.996321
pccLatency3 pcc tensor(0.3045, device='cuda:0') 0.001260 0.000088 0.001607 0.002281 0.000006 0.000036 0.010649 0.000038 0.000541 0.000023 0.000151 0.001314 0.982003
pccLatency3 pcc tensor(0.2159, device='cuda:0') 0.001408 0.000093 0.001539 0.002177 0.000007 0.000038 0.012332 0.000041 0.000545 0.000023 0.000152 0.001354 0.980291
pccLatency3 pcc tensor(0.2892, device='cuda:0') 0.001275 0.000089 0.001592 0.002270 0.000006 0.000036 0.010771 0.000039 0.000540 0.000023 0.000151 0.001316 0.981893
pccLatency3 pcc tensor(0.2261, device='cuda:0') 0.001377 0.000093 0.001572 0.002219 0.000007 0.000038 0.011967 0.000040 0.000548 0.000023 0.000152 0.001349 0.980615
