11, 2, [2],[[0.     0.     0.0395 0.     0.     0.     0.0001 0.     0.     0.
  0.0001 0.9604]], [11],1
10, 6, [6],[[0. 0. 0. 0. 0. 0. 0. 0. 0. 0. 1. 0.]], [10],1
0, 19, [19],[[0.9929 0.     0.     0.0001 0.     0.0018 0.0005 0.0047 0.     0.
  0.     0.    ]], [0],1
4, 12, [12 15],[[0.     0.5965 0.     0.     0.3672 0.     0.     0.     0.0363 0.
  0.     0.    ]
 [0.     0.     0.     0.     0.9995 0.     0.     0.     0.0005 0.
  0.     0.    ]], [1 4],2
4, 5, [5],[[0.     0.     0.     0.     0.2362 0.0001 0.     0.     0.7636 0.
  0.     0.    ]], [8],1
11, 27, [27],[[0. 0. 0. 0. 0. 0. 0. 0. 0. 0. 0. 1.]], [11],1
7, 11, [11 13  3],[[0.1742 0.     0.2822 0.078  0.     0.2829 0.1022 0.0806 0.     0.
  0.     0.    ]
 [0.2089 0.     0.     0.2581 0.     0.1912 0.1752 0.1666 0.     0.
  0.     0.    ]
 [0.0012 0.     0.     0.     0.     0.9982 0.0003 0.0003 0.     0.
  0.     0.    ]], [5 3 5],3
10, 7, [7],[[0. 0. 0. 0. 0. 0. 0. 0. 0. 0. 1. 0.]], [10],1
0, 2, [ 2 13  3],[[0.2219 0.     0.     0.3111 0.     0.0454 0.2644 0.1572 0.     0.
  0.     0.    ]
 [0.2164 0.     0.     0.253  0.     0.1284 0.2191 0.1832 0.     0.
  0.     0.    ]
 [0.0002 0.     0.     0.     0.     0.9997 0.0001 0.     0.     0.
  0.     0.    ]], [3 3 5],3
8, 18, [18],[[0.     0.0009 0.     0.     0.9806 0.     0.     0.     0.0185 0.
  0.     0.    ]], [4],1
2, 6, [ 6 13],[[0.1284 0.     0.0804 0.0285 0.     0.     0.1873 0.5754 0.     0.
  0.     0.    ]
 [0.     0.     1.     0.     0.     0.     0.     0.     0.     0.
  0.     0.    ]], [7 2],2
9, 28, [28],[[0. 0. 0. 0. 0. 0. 1. 0. 0. 0. 0. 0.]], [6],1
2, 18, [18],[[0.0004 0.     0.     0.0001 0.     0.999  0.0001 0.0004 0.     0.
  0.     0.    ]], [5],1
4, 29, [29],[[0.     0.     0.     0.     0.9999 0.     0.     0.     0.0001 0.
  0.     0.    ]], [4],1
11, 15, [15],[[0. 0. 0. 0. 0. 0. 0. 0. 0. 0. 0. 1.]], [11],1
11, 25, [25],[[0. 0. 0. 0. 0. 0. 0. 0. 0. 0. 0. 1.]], [11],1
7, 20, [20],[[0.     0.     0.     0.9999 0.     0.     0.     0.     0.     0.
  0.     0.    ]], [3],1
7, 6, [6],[[0.0007 0.     0.0001 0.     0.     0.991  0.0006 0.0077 0.     0.
  0.     0.    ]], [5],1
4, 6, [6 3],[[0.     0.     0.     0.     0.5457 0.     0.     0.     0.4543 0.
  0.     0.    ]
 [0.     0.     0.     0.     1.     0.     0.     0.     0.     0.
  0.     0.    ]], [4 4],2
6, 9, [ 9 13 24 13 24 13 24],[[0.1812 0.     0.     0.312  0.     0.     0.3345 0.1724 0.     0.
  0.     0.    ]
 [0.3414 0.     0.     0.2482 0.     0.     0.1942 0.2161 0.     0.
  0.     0.    ]
 [0.2991 0.     0.     0.2637 0.     0.     0.2779 0.1593 0.     0.
  0.     0.    ]
 [0.3414 0.     0.     0.2482 0.     0.     0.1942 0.2161 0.     0.
  0.     0.    ]
 [0.2991 0.     0.     0.2637 0.     0.     0.2779 0.1593 0.     0.
  0.     0.    ]
 [0.3414 0.     0.     0.2482 0.     0.     0.1942 0.2161 0.     0.
  0.     0.    ]
 [1.     1.     1.     1.     1.     1.     1.     1.     1.     1.
  1.     1.    ]], [6 0 0 0 0 0 0],7
3, 19, [19],[[0.     0.     0.     0.9998 0.     0.0001 0.     0.     0.     0.
  0.     0.    ]], [3],1
8, 12, [12],[[0.     0.9999 0.     0.     0.     0.     0.     0.     0.     0.
  0.     0.    ]], [1],1
10, 4, [4],[[0. 0. 0. 0. 0. 0. 0. 0. 0. 0. 1. 0.]], [10],1
5, 14, [14],[[0.0228 0.     0.9766 0.0001 0.     0.     0.0004 0.     0.     0.
  0.     0.    ]], [2],1
10, 10, [10 13],[[0.0281 0.     0.     0.2977 0.     0.     0.     0.6742 0.     0.
  0.     0.    ]
 [0.028  0.     0.     0.0018 0.     0.     0.     0.9702 0.     0.
  0.     0.    ]], [7 7],2
3, 22, [22],[[0.     0.     0.9998 0.0002 0.     0.     0.     0.     0.     0.
  0.     0.    ]], [2],1
6, 17, [17],[[0.0054 0.     0.008  0.0002 0.     0.971  0.004  0.0114 0.     0.
  0.     0.    ]], [5],1
3, 6, [6],[[0.     0.     0.     0.     0.     0.9524 0.0006 0.     0.     0.047
  0.     0.    ]], [5],1
0, 29, [29],[[0.0005 0.     0.     0.     0.     0.0268 0.     0.     0.0001 0.9726
  0.     0.    ]], [9],1
3, 14, [14 13 24 13 24 13 24],[[0.289  0.     0.0354 0.4622 0.     0.     0.1007 0.1127 0.     0.
  0.     0.    ]
 [0.2803 0.     0.     0.3085 0.     0.     0.25   0.1613 0.     0.
  0.     0.    ]
 [0.2359 0.     0.     0.3048 0.     0.     0.2589 0.2004 0.     0.
  0.     0.    ]
 [0.2803 0.     0.     0.3085 0.     0.     0.25   0.1613 0.     0.
  0.     0.    ]
 [0.2359 0.     0.     0.3048 0.     0.     0.2589 0.2004 0.     0.
  0.     0.    ]
 [0.2803 0.     0.     0.3085 0.     0.     0.25   0.1613 0.     0.
  0.     0.    ]
 [1.     1.     1.     1.     1.     1.     1.     1.     1.     1.
  1.     1.    ]], [3 3 3 3 3 3 3],7
2, 24, [24 13],[[0.2295 0.     0.     0.3412 0.     0.0635 0.1899 0.1758 0.     0.
  0.     0.    ]
 [0.8168 0.     0.     0.0046 0.     0.0055 0.1249 0.0482 0.     0.
  0.     0.    ]], [3 0],2
9, 29, [29],[[0.     0.     0.0001 0.     0.     0.001  0.     0.0001 0.     0.9921
  0.0066 0.0001]], [9],1
5, 6, [6],[[0.0001 0.     0.     0.     0.     0.9997 0.0001 0.0001 0.     0.0001
  0.     0.    ]], [5],1
11, 3, [3],[[0.     0.     0.0737 0.     0.     0.     0.     0.     0.     0.
  0.     0.9262]], [11],1
8, 22, [22  3],[[0.     0.     0.     0.     0.4946 0.     0.     0.     0.5054 0.
  0.     0.    ]
 [0.     0.     0.     0.     1.     0.     0.     0.     0.     0.
  0.     0.    ]], [8 4],2
1, 8, [8],[[0.     0.9998 0.     0.     0.0001 0.     0.     0.     0.     0.
  0.     0.0001]], [1],1
1, 7, [7],[[0.     0.9997 0.     0.     0.0002 0.     0.     0.     0.0001 0.
  0.     0.    ]], [1],1
3, 30, [30  3],[[0.4699 0.     0.     0.5301 0.     0.     0.     0.     0.     0.
  0.     0.    ]
 [0.7363 0.     0.     0.2637 0.     0.     0.     0.     0.     0.
  0.     0.    ]], [3 0],2
2, 11, [11 13],[[0.4053 0.     0.5493 0.0453 0.     0.     0.     0.     0.     0.
  0.     0.    ]
 [0.     0.     1.     0.     0.     0.     0.     0.     0.     0.
  0.     0.    ]], [2 2],2
5, 4, [4 3],[[0.     0.     0.     0.     0.     0.6974 0.     0.     0.     0.3026
  0.     0.    ]
 [0.     0.     0.     0.     0.     0.031  0.     0.     0.     0.969
  0.     0.    ]], [5 9],2
7, 24, [24 13  3],[[0.2449 0.     0.     0.2007 0.     0.1188 0.1984 0.2371 0.     0.
  0.     0.    ]
 [0.2089 0.     0.     0.2581 0.     0.1912 0.1752 0.1666 0.     0.
  0.     0.    ]
 [0.0012 0.     0.     0.     0.     0.9982 0.0003 0.0003 0.     0.
  0.     0.    ]], [0 3 5],3
2, 26, [26],[[0. 0. 1. 0. 0. 0. 0. 0. 0. 0. 0. 0.]], [2],1
5, 19, [19],[[0.     0.     0.     0.     0.     0.8618 0.1367 0.     0.     0.0015
  0.     0.    ]], [5],1
7, 8, [ 8 13 24 13 24 13 24],[[0.205  0.     0.     0.0723 0.     0.     0.2576 0.4652 0.     0.
  0.     0.    ]
 [0.2583 0.     0.     0.3191 0.     0.     0.2166 0.206  0.     0.
  0.     0.    ]
 [0.278  0.     0.     0.2278 0.     0.     0.2252 0.2691 0.     0.
  0.     0.    ]
 [0.2583 0.     0.     0.3191 0.     0.     0.2166 0.206  0.     0.
  0.     0.    ]
 [0.278  0.     0.     0.2278 0.     0.     0.2252 0.2691 0.     0.
  0.     0.    ]
 [0.2583 0.     0.     0.3191 0.     0.     0.2166 0.206  0.     0.
  0.     0.    ]
 [1.     1.     1.     1.     1.     1.     1.     1.     1.     1.
  1.     1.    ]], [7 3 0 3 0 3 0],7
4, 17, [17  3],[[0.     0.     0.     0.     0.6352 0.     0.     0.     0.3648 0.
  0.     0.    ]
 [0.     0.     0.     0.     1.     0.     0.     0.     0.     0.
  0.     0.    ]], [4 4],2
2, 7, [7],[[0. 0. 1. 0. 0. 0. 0. 0. 0. 0. 0. 0.]], [2],1
3, 16, [16],[[0.     0.0001 0.     0.9998 0.     0.     0.     0.     0.     0.
  0.     0.    ]], [3],1
9, 20, [20],[[0.     0.     0.     0.     0.     0.     0.     0.     0.     0.0008
  0.0448 0.9544]], [11],1
6, 8, [ 8 13 24 13 24 13 24],[[0.0818 0.     0.5696 0.0747 0.     0.     0.0844 0.1895 0.     0.
  0.     0.    ]
 [0.3414 0.     0.     0.2482 0.     0.     0.1942 0.2161 0.     0.
  0.     0.    ]
 [0.2991 0.     0.     0.2637 0.     0.     0.2779 0.1593 0.     0.
  0.     0.    ]
 [0.3414 0.     0.     0.2482 0.     0.     0.1942 0.2161 0.     0.
  0.     0.    ]
 [0.2991 0.     0.     0.2637 0.     0.     0.2779 0.1593 0.     0.
  0.     0.    ]
 [0.3414 0.     0.     0.2482 0.     0.     0.1942 0.2161 0.     0.
  0.     0.    ]
 [1.     1.     1.     1.     1.     1.     1.     1.     1.     1.
  1.     1.    ]], [2 0 0 0 0 0 0],7
4, 27, [27],[[0.     0.0001 0.     0.     0.9997 0.     0.     0.     0.0002 0.
  0.     0.    ]], [4],1
10, 12, [12],[[0. 0. 0. 0. 0. 0. 0. 0. 0. 0. 1. 0.]], [10],1
5, 18, [18],[[0. 0. 1. 0. 0. 0. 0. 0. 0. 0. 0. 0.]], [2],1
9, 16, [16],[[0.     0.     0.     0.     0.     0.2016 0.     0.0004 0.     0.7977
  0.     0.0002]], [9],1
1, 24, [24],[[0.     0.9998 0.     0.0001 0.     0.     0.     0.     0.     0.
  0.     0.    ]], [1],1
9, 23, [23],[[0. 0. 1. 0. 0. 0. 0. 0. 0. 0. 0. 0.]], [2],1
8, 32, [32],[[0.     0.006  0.     0.     0.9931 0.     0.     0.     0.0009 0.
  0.     0.    ]], [4],1
11, 22, [22],[[0. 0. 0. 0. 0. 0. 0. 0. 0. 0. 0. 1.]], [11],1
9, 14, [14],[[0. 0. 0. 0. 0. 0. 0. 0. 0. 0. 1. 0.]], [10],1
4, 22, [22],[[0.     0.003  0.     0.     0.8529 0.     0.     0.     0.144  0.
  0.     0.    ]], [4],1
11, 26, [26],[[0. 0. 0. 0. 0. 0. 0. 0. 0. 0. 0. 1.]], [11],1
11, 11, [11],[[0.    0.    0.972 0.    0.    0.    0.    0.    0.    0.    0.    0.028]], [2],1
7, 22, [22],[[0.0004 0.     0.0012 0.     0.     0.9824 0.0028 0.0131 0.     0.
  0.     0.    ]], [5],1
8, 25, [25],[[0.     0.0003 0.     0.     0.7974 0.     0.     0.     0.2023 0.
  0.     0.    ]], [4],1
0, 20, [20],[[0.0002 0.     0.     0.     0.     0.9994 0.0001 0.0003 0.     0.
  0.     0.    ]], [5],1
8, 27, [27],[[0. 0. 0. 0. 0. 0. 0. 0. 1. 0. 0. 0.]], [8],1
6, 7, [7 3],[[0.     0.     0.     0.     0.4935 0.     0.     0.     0.5065 0.
  0.     0.    ]
 [0.     0.     0.     0.     0.0026 0.     0.     0.     0.9974 0.
  0.     0.    ]], [8 8],2
11, 19, [19],[[0.0005 0.     0.     0.9982 0.     0.0013 0.     0.     0.     0.
  0.     0.    ]], [3],1
3, 20, [20],[[0.     0.     0.     0.9965 0.     0.0035 0.     0.     0.     0.
  0.     0.    ]], [3],1
7, 21, [21],[[0.0006 0.     0.     0.0012 0.     0.     0.     0.9981 0.     0.
  0.     0.    ]], [7],1
8, 2, [2],[[0. 0. 0. 0. 0. 0. 0. 0. 0. 0. 0. 1.]], [11],1
9, 25, [25],[[0.     0.     0.     0.     0.     0.     0.     0.     0.     0.0002
  0.0357 0.9642]], [11],1
10, 13, [13],[[0.     0.     0.     0.     0.     0.     0.     0.     0.     0.0031
  0.9964 0.0005]], [10],1
0, 12, [12],[[0.0003 0.     0.     0.     0.     0.9991 0.0002 0.0005 0.     0.
  0.     0.    ]], [5],1
11, 4, [4],[[0. 0. 0. 0. 0. 0. 0. 0. 0. 0. 0. 1.]], [11],1
3, 11, [11 13 24 13 24 13 24],[[0.1629 0.     0.3108 0.0835 0.     0.     0.1207 0.3221 0.     0.
  0.     0.    ]
 [0.2803 0.     0.     0.3085 0.     0.     0.25   0.1613 0.     0.
  0.     0.    ]
 [0.2359 0.     0.     0.3048 0.     0.     0.2589 0.2004 0.     0.
  0.     0.    ]
 [0.2803 0.     0.     0.3085 0.     0.     0.25   0.1613 0.     0.
  0.     0.    ]
 [0.2359 0.     0.     0.3048 0.     0.     0.2589 0.2004 0.     0.
  0.     0.    ]
 [0.2803 0.     0.     0.3085 0.     0.     0.25   0.1613 0.     0.
  0.     0.    ]
 [1.     1.     1.     1.     1.     1.     1.     1.     1.     1.
  1.     1.    ]], [7 3 3 3 3 3 3],7
6, 32, [32],[[0.1004 0.     0.     0.     0.     0.     0.8994 0.0001 0.     0.
  0.     0.0001]], [6],1
5, 5, [5],[[0.8379 0.     0.134  0.0001 0.     0.     0.0076 0.0204 0.     0.
  0.     0.    ]], [0],1
9, 6, [6],[[0.     0.     0.     0.     0.     0.     0.     0.     0.     0.9997
  0.0003 0.    ]], [9],1
10, 2, [2],[[0.     0.     0.     0.     0.     0.     0.     0.     0.     0.
  0.9548 0.0452]], [10],1
1, 1, [1],[[0.     0.9987 0.     0.     0.0005 0.     0.     0.     0.0007 0.
  0.     0.0001]], [1],1
4, 13, [13],[[0. 0. 1. 0. 0. 0. 0. 0. 0. 0. 0. 0.]], [2],1
6, 10, [10],[[0.     0.     0.     0.     0.     0.0001 0.0014 0.     0.     0.9985
  0.     0.    ]], [9],1
7, 27, [27],[[0.0032 0.     0.0002 0.0001 0.     0.0024 0.0007 0.9935 0.     0.
  0.     0.    ]], [7],1
5, 31, [31],[[0.     0.     0.9989 0.     0.     0.     0.0009 0.0001 0.     0.
  0.     0.    ]], [2],1
6, 31, [31],[[0.0003 0.     0.0008 0.0001 0.     0.0002 0.8591 0.1394 0.     0.
  0.     0.    ]], [6],1
10, 27, [27],[[0.     0.     0.     0.     0.004  0.     0.     0.0001 0.0403 0.
  0.9555 0.    ]], [10],1
6, 18, [18 13 24 13 24 13 24],[[0.6168 0.     0.0771 0.1801 0.     0.     0.0898 0.0362 0.     0.
  0.     0.    ]
 [0.3414 0.     0.     0.2482 0.     0.     0.1942 0.2161 0.     0.
  0.     0.    ]
 [0.2991 0.     0.     0.2637 0.     0.     0.2779 0.1593 0.     0.
  0.     0.    ]
 [0.3414 0.     0.     0.2482 0.     0.     0.1942 0.2161 0.     0.
  0.     0.    ]
 [0.2991 0.     0.     0.2637 0.     0.     0.2779 0.1593 0.     0.
  0.     0.    ]
 [0.3414 0.     0.     0.2482 0.     0.     0.1942 0.2161 0.     0.
  0.     0.    ]
 [1.     1.     1.     1.     1.     1.     1.     1.     1.     1.
  1.     1.    ]], [0 0 0 0 0 0 0],7
10, 8, [ 8 15],[[0.     0.     0.     0.     0.6244 0.     0.     0.     0.1142 0.
  0.2615 0.    ]
 [0.     0.     0.     0.     0.     0.     0.     0.     0.     0.
  1.     0.    ]], [ 4 10],2
0, 30, [30],[[0.0009 0.     0.0015 0.     0.     0.7767 0.0039 0.217  0.     0.
  0.     0.    ]], [5],1
2, 12, [12],[[0.0009 0.     0.     0.     0.     0.9953 0.0006 0.0032 0.     0.
  0.     0.    ]], [5],1
10, 16, [16],[[0.     0.     0.     0.     0.     0.0012 0.     0.     0.     0.
  0.9988 0.    ]], [10],1
3, 5, [ 5 13 24 13 24 13 24],[[0.1672 0.     0.261  0.2708 0.     0.     0.1327 0.1683 0.     0.
  0.     0.    ]
 [0.2803 0.     0.     0.3085 0.     0.     0.25   0.1613 0.     0.
  0.     0.    ]
 [0.2359 0.     0.     0.3048 0.     0.     0.2589 0.2004 0.     0.
  0.     0.    ]
 [0.2803 0.     0.     0.3085 0.     0.     0.25   0.1613 0.     0.
  0.     0.    ]
 [0.2359 0.     0.     0.3048 0.     0.     0.2589 0.2004 0.     0.
  0.     0.    ]
 [0.2803 0.     0.     0.3085 0.     0.     0.25   0.1613 0.     0.
  0.     0.    ]
 [1.     1.     1.     1.     1.     1.     1.     1.     1.     1.
  1.     1.    ]], [3 3 3 3 3 3 3],7
9, 21, [21],[[0.     0.     0.     0.     0.     0.     0.     0.     0.     0.9999
  0.     0.    ]], [9],1
10, 11, [11],[[0. 0. 0. 0. 0. 0. 0. 0. 0. 0. 1. 0.]], [10],1
4, 8, [8],[[0.     0.9942 0.     0.     0.0042 0.     0.     0.     0.0015 0.
  0.     0.0001]], [1],1
5, 29, [29],[[0.     0.     0.     0.     0.     0.2528 0.0002 0.7466 0.     0.0003
  0.     0.    ]], [7],1
4, 32, [32],[[0.     0.     0.     0.     0.9999 0.     0.     0.     0.     0.
  0.     0.    ]], [4],1
6, 22, [22],[[0.0175 0.     0.002  0.0052 0.     0.0012 0.9172 0.0568 0.     0.
  0.     0.    ]], [6],1
8, 14, [14],[[0.     0.9995 0.     0.     0.0002 0.     0.     0.     0.0002 0.
  0.     0.0001]], [1],1
3, 10, [10],[[0.0001 0.     0.     0.9972 0.     0.     0.     0.0026 0.     0.
  0.     0.    ]], [3],1
5, 26, [26],[[0.0019 0.     0.0027 0.0001 0.     0.9947 0.0003 0.0003 0.     0.
  0.     0.    ]], [5],1
6, 23, [23 13  3],[[0.2383 0.     0.     0.1734 0.     0.0634 0.2882 0.2366 0.     0.
  0.     0.    ]
 [0.1026 0.     0.     0.0746 0.     0.6996 0.0583 0.0649 0.     0.
  0.     0.    ]
 [0.0007 0.     0.     0.0001 0.     0.998  0.0003 0.0008 0.     0.
  0.     0.    ]], [6 5 5],3
4, 21, [21],[[0.     0.     0.     0.     0.9998 0.     0.     0.     0.0002 0.
  0.     0.    ]], [4],1
3, 24, [24 13 24 13 24 13 24],[[0.2359 0.     0.     0.3048 0.     0.     0.2589 0.2004 0.     0.
  0.     0.    ]
 [0.2803 0.     0.     0.3085 0.     0.     0.25   0.1613 0.     0.
  0.     0.    ]
 [0.2359 0.     0.     0.3048 0.     0.     0.2589 0.2004 0.     0.
  0.     0.    ]
 [0.2803 0.     0.     0.3085 0.     0.     0.25   0.1613 0.     0.
  0.     0.    ]
 [0.2359 0.     0.     0.3048 0.     0.     0.2589 0.2004 0.     0.
  0.     0.    ]
 [0.2803 0.     0.     0.3085 0.     0.     0.25   0.1613 0.     0.
  0.     0.    ]
 [1.     1.     1.     1.     1.     1.     1.     1.     1.     1.
  1.     1.    ]], [3 3 3 3 3 3 3],7
8, 10, [10],[[0. 0. 0. 0. 0. 0. 0. 0. 1. 0. 0. 0.]], [8],1
9, 3, [3],[[0.     0.     0.     0.     0.9702 0.     0.     0.     0.0297 0.
  0.     0.    ]], [4],1
9, 27, [27],[[0.     0.     0.     0.     0.     0.     0.     0.     0.     0.9999
  0.     0.    ]], [9],1
1, 4, [4],[[0. 1. 0. 0. 0. 0. 0. 0. 0. 0. 0. 0.]], [1],1
1, 16, [16],[[0.     0.9999 0.     0.     0.0001 0.     0.     0.     0.     0.
  0.     0.    ]], [1],1
10, 3, [3],[[0.     0.     0.     0.     0.     0.     0.     0.     0.     0.
  0.9999 0.0001]], [10],1
1, 21, [21],[[0. 1. 0. 0. 0. 0. 0. 0. 0. 0. 0. 0.]], [1],1
0, 9, [ 9 13 24 13 24 13 24],[[0.1796 0.     0.     0.3178 0.     0.     0.3297 0.1729 0.     0.
  0.     0.    ]
 [0.2483 0.     0.     0.2902 0.     0.     0.2514 0.2101 0.     0.
  0.     0.    ]
 [0.2484 0.     0.     0.2783 0.     0.     0.2467 0.2266 0.     0.
  0.     0.    ]
 [0.2483 0.     0.     0.2902 0.     0.     0.2514 0.2101 0.     0.
  0.     0.    ]
 [0.2484 0.     0.     0.2783 0.     0.     0.2467 0.2266 0.     0.
  0.     0.    ]
 [0.2483 0.     0.     0.2902 0.     0.     0.2514 0.2101 0.     0.
  0.     0.    ]
 [1.     1.     1.     1.     1.     1.     1.     1.     1.     1.
  1.     1.    ]], [6 3 3 3 3 3 3],7
4, 23, [23],[[0. 0. 1. 0. 0. 0. 0. 0. 0. 0. 0. 0.]], [2],1
7, 31, [31],[[0.0001 0.0046 0.     0.995  0.     0.     0.     0.0003 0.     0.
  0.     0.    ]], [3],1
4, 18, [18],[[0. 0. 0. 0. 1. 0. 0. 0. 0. 0. 0. 0.]], [4],1
8, 1, [ 1 38 35 38 35 38 35],[[0.     0.6997 0.     0.     0.2053 0.     0.     0.     0.095  0.
  0.     0.    ]
 [0.     0.6997 0.     0.     0.2053 0.     0.     0.     0.095  0.
  0.     0.    ]
 [0.     0.6997 0.     0.     0.2053 0.     0.     0.     0.095  0.
  0.     0.    ]
 [0.     0.6997 0.     0.     0.2053 0.     0.     0.     0.095  0.
  0.     0.    ]
 [0.     0.6997 0.     0.     0.2053 0.     0.     0.     0.095  0.
  0.     0.    ]
 [0.     0.6997 0.     0.     0.2053 0.     0.     0.     0.095  0.
  0.     0.    ]
 [1.     1.     1.     1.     1.     1.     1.     1.     1.     1.
  1.     1.    ]], [1 1 1 1 1 1 1],7
2, 17, [17 13],[[0.2368 0.     0.     0.0351 0.     0.5276 0.0877 0.1128 0.     0.
  0.     0.    ]
 [0.8168 0.     0.     0.0046 0.     0.0055 0.1249 0.0482 0.     0.
  0.     0.    ]], [5 0],2
3, 27, [27],[[0.     0.0001 0.     0.9999 0.     0.     0.     0.     0.     0.
  0.     0.    ]], [3],1
9, 12, [12],[[0. 0. 0. 0. 0. 0. 0. 0. 0. 1. 0. 0.]], [9],1
3, 12, [12],[[0.     0.     0.     0.9999 0.     0.     0.     0.     0.     0.
  0.     0.    ]], [3],1
8, 24, [24],[[0.     0.     0.     0.     0.     0.     0.     0.     0.     0.0001
  0.0002 0.9997]], [11],1
1, 13, [13],[[0.     0.9997 0.     0.0002 0.     0.     0.     0.0001 0.     0.
  0.     0.    ]], [1],1
11, 24, [24],[[0.     0.     0.2235 0.     0.     0.     0.     0.     0.     0.
  0.     0.7765]], [11],1
3, 7, [7],[[0.     0.     0.     0.9996 0.     0.0004 0.     0.     0.     0.
  0.     0.    ]], [3],1
6, 16, [16],[[0. 0. 0. 0. 0. 0. 1. 0. 0. 0. 0. 0.]], [6],1
4, 28, [28],[[0. 0. 0. 0. 1. 0. 0. 0. 0. 0. 0. 0.]], [4],1
9, 18, [18],[[0.     0.     0.9624 0.     0.     0.     0.     0.     0.     0.
  0.     0.0375]], [2],1
10, 5, [5],[[0. 0. 0. 0. 0. 0. 0. 0. 0. 0. 1. 0.]], [10],1
7, 3, [3],[[0.0012 0.     0.0004 0.     0.     0.9978 0.0003 0.0003 0.     0.
  0.     0.    ]], [5],1
2, 25, [25],[[0.     0.     0.     0.     0.     0.7527 0.0297 0.     0.     0.2175
  0.     0.    ]], [5],1
9, 32, [32],[[0.     0.     0.     0.     0.     0.0001 0.     0.     0.     0.9999
  0.     0.    ]], [9],1
10, 17, [17],[[0. 0. 0. 0. 0. 0. 0. 0. 0. 0. 1. 0.]], [10],1
9, 15, [15],[[0.     0.     0.     0.     0.     0.     0.0002 0.     0.     0.9998
  0.     0.    ]], [9],1
8, 23, [23],[[0. 0. 1. 0. 0. 0. 0. 0. 0. 0. 0. 0.]], [2],1
10, 22, [22],[[0. 0. 0. 0. 0. 0. 0. 0. 0. 0. 0. 1.]], [11],1
5, 20, [20 13],[[0.     0.     0.2783 0.     0.     0.     0.09   0.6317 0.     0.
  0.     0.    ]
 [0.     0.     1.     0.     0.     0.     0.     0.     0.     0.
  0.     0.    ]], [7 2],2
1, 11, [11],[[0.     0.9995 0.     0.0001 0.0001 0.     0.     0.0001 0.0001 0.
  0.     0.0002]], [1],1
11, 20, [20],[[0.    0.    0.    0.    0.    0.    0.    0.    0.    0.    0.995 0.005]], [10],1
5, 9, [9],[[0.     0.     0.9991 0.     0.     0.     0.     0.     0.     0.
  0.     0.0008]], [2],1
2, 29, [29],[[0. 0. 1. 0. 0. 0. 0. 0. 0. 0. 0. 0.]], [2],1
8, 7, [7],[[0.     0.0003 0.     0.     0.7875 0.     0.     0.     0.2122 0.
  0.     0.    ]], [4],1
7, 12, [12 13 24 13 24 13 24],[[0.5455 0.     0.     0.     0.     0.     0.0734 0.3811 0.     0.
  0.     0.    ]
 [0.3794 0.     0.     0.     0.     0.     0.3181 0.3025 0.     0.
  0.     0.    ]
 [0.36   0.     0.     0.     0.     0.     0.2916 0.3484 0.     0.
  0.     0.    ]
 [0.3794 0.     0.     0.     0.     0.     0.3181 0.3025 0.     0.
  0.     0.    ]
 [0.36   0.     0.     0.     0.     0.     0.2916 0.3484 0.     0.
  0.     0.    ]
 [0.3794 0.     0.     0.     0.     0.     0.3181 0.3025 0.     0.
  0.     0.    ]
 [1.     1.     1.     1.     1.     1.     1.     1.     1.     1.
  1.     1.    ]], [0 0 0 0 0 0 0],7
6, 19, [19],[[0.0046 0.     0.0014 0.     0.     0.0078 0.1094 0.8767 0.     0.
  0.     0.    ]], [7],1
3, 23, [23 13 24 13 24 13 24],[[0.2436 0.     0.     0.191  0.     0.0731 0.2532 0.239  0.     0.
  0.     0.    ]
 [0.272  0.     0.     0.2994 0.     0.0297 0.2425 0.1565 0.     0.
  0.     0.    ]
 [0.2359 0.     0.     0.3048 0.     0.     0.2589 0.2004 0.     0.
  0.     0.    ]
 [0.2803 0.     0.     0.3085 0.     0.     0.25   0.1613 0.     0.
  0.     0.    ]
 [0.2359 0.     0.     0.3048 0.     0.     0.2589 0.2004 0.     0.
  0.     0.    ]
 [0.2803 0.     0.     0.3085 0.     0.     0.25   0.1613 0.     0.
  0.     0.    ]
 [1.     1.     1.     1.     1.     1.     1.     1.     1.     1.
  1.     1.    ]], [6 3 3 3 3 3 3],7
7, 4, [ 4 13  3],[[0.     0.     0.     0.     0.     0.5197 0.     0.4803 0.     0.
  0.     0.    ]
 [0.     0.     0.     0.     0.     0.5344 0.     0.4656 0.     0.
  0.     0.    ]
 [0.     0.     0.     0.     0.     0.9997 0.     0.0003 0.     0.
  0.     0.    ]], [5 5 5],3
5, 21, [21],[[0.0013 0.     0.     0.0018 0.     0.0346 0.0001 0.9621 0.     0.
  0.     0.    ]], [7],1
6, 5, [ 5 13 24 13 24 13 24],[[0.4704 0.     0.1293 0.2499 0.     0.     0.0929 0.0576 0.     0.
  0.     0.    ]
 [0.3414 0.     0.     0.2482 0.     0.     0.1942 0.2161 0.     0.
  0.     0.    ]
 [0.2991 0.     0.     0.2637 0.     0.     0.2779 0.1593 0.     0.
  0.     0.    ]
 [0.3414 0.     0.     0.2482 0.     0.     0.1942 0.2161 0.     0.
  0.     0.    ]
 [0.2991 0.     0.     0.2637 0.     0.     0.2779 0.1593 0.     0.
  0.     0.    ]
 [0.3414 0.     0.     0.2482 0.     0.     0.1942 0.2161 0.     0.
  0.     0.    ]
 [1.     1.     1.     1.     1.     1.     1.     1.     1.     1.
  1.     1.    ]], [0 0 0 0 0 0 0],7
5, 1, [1],[[0.     0.     0.     0.     0.     0.9601 0.012  0.     0.     0.0278
  0.     0.    ]], [5],1
2, 30, [30 13],[[0.     0.     0.     0.     0.     0.3523 0.     0.     0.     0.6477
  0.     0.    ]
 [0.     0.     0.     0.     0.     0.9884 0.     0.     0.     0.0116
  0.     0.    ]], [9 5],2
5, 7, [7],[[0. 0. 1. 0. 0. 0. 0. 0. 0. 0. 0. 0.]], [2],1
7, 25, [25],[[0.     0.     0.     0.     0.     0.9998 0.0001 0.     0.     0.
  0.     0.    ]], [5],1
5, 10, [10],[[0.0001 0.     0.     0.     0.     0.9997 0.0001 0.0002 0.     0.
  0.     0.    ]], [5],1
5, 25, [25],[[0. 0. 0. 0. 0. 0. 0. 0. 0. 1. 0. 0.]], [9],1
4, 1, [1 3],[[0.    0.    0.    0.    0.664 0.    0.    0.    0.336 0.    0.    0.   ]
 [0.    0.    0.    0.    1.    0.    0.    0.    0.    0.    0.    0.   ]], [4 4],2
5, 17, [17],[[0. 0. 0. 0. 0. 0. 0. 0. 0. 1. 0. 0.]], [9],1
6, 20, [20],[[0.     0.     0.     0.9951 0.     0.0047 0.     0.     0.0001 0.
  0.     0.    ]], [3],1
1, 28, [28],[[0. 1. 0. 0. 0. 0. 0. 0. 0. 0. 0. 0.]], [1],1
2, 16, [16],[[0. 0. 1. 0. 0. 0. 0. 0. 0. 0. 0. 0.]], [2],1
0, 17, [17 13 24 13 24 13 24],[[0.2183 0.     0.     0.1104 0.     0.     0.2423 0.4289 0.     0.
  0.     0.    ]
 [0.2483 0.     0.     0.2902 0.     0.     0.2514 0.2101 0.     0.
  0.     0.    ]
 [0.2484 0.     0.     0.2783 0.     0.     0.2467 0.2266 0.     0.
  0.     0.    ]
 [0.2483 0.     0.     0.2902 0.     0.     0.2514 0.2101 0.     0.
  0.     0.    ]
 [0.2484 0.     0.     0.2783 0.     0.     0.2467 0.2266 0.     0.
  0.     0.    ]
 [0.2483 0.     0.     0.2902 0.     0.     0.2514 0.2101 0.     0.
  0.     0.    ]
 [1.     1.     1.     1.     1.     1.     1.     1.     1.     1.
  1.     1.    ]], [7 3 3 3 3 3 3],7
11, 18, [18],[[0.     0.     0.     0.     0.0006 0.     0.     0.     0.     0.0127
  0.9865 0.0001]], [10],1
7, 1, [ 1 13 24 13 24 13 24],[[0.1784 0.     0.2024 0.1097 0.     0.     0.2019 0.3076 0.     0.
  0.     0.    ]
 [0.2583 0.     0.     0.3191 0.     0.     0.2166 0.206  0.     0.
  0.     0.    ]
 [0.278  0.     0.     0.2278 0.     0.     0.2252 0.2691 0.     0.
  0.     0.    ]
 [0.2583 0.     0.     0.3191 0.     0.     0.2166 0.206  0.     0.
  0.     0.    ]
 [0.278  0.     0.     0.2278 0.     0.     0.2252 0.2691 0.     0.
  0.     0.    ]
 [0.2583 0.     0.     0.3191 0.     0.     0.2166 0.206  0.     0.
  0.     0.    ]
 [1.     1.     1.     1.     1.     1.     1.     1.     1.     1.
  1.     1.    ]], [7 3 0 3 0 3 0],7
0, 5, [5],[[0.0004 0.     0.     0.     0.     0.9996 0.     0.     0.     0.
  0.     0.    ]], [5],1
7, 23, [23 13  3],[[0.2363 0.     0.     0.2846 0.     0.101  0.1814 0.1966 0.     0.
  0.     0.    ]
 [0.2089 0.     0.     0.2581 0.     0.1912 0.1752 0.1666 0.     0.
  0.     0.    ]
 [0.0012 0.     0.     0.     0.     0.9982 0.0003 0.0003 0.     0.
  0.     0.    ]], [3 3 5],3
1, 20, [20],[[0.     0.9996 0.     0.0001 0.0001 0.     0.     0.     0.0001 0.
  0.     0.0001]], [1],1
4, 24, [24],[[0. 0. 0. 0. 0. 0. 0. 0. 0. 0. 0. 1.]], [11],1
0, 10, [10],[[0.     0.     0.     0.     0.     0.0001 0.9846 0.0011 0.     0.0142
  0.     0.    ]], [6],1
9, 31, [31],[[0.     0.006  0.     0.0001 0.     0.     0.     0.     0.04   0.
  0.9538 0.    ]], [10],1
2, 31, [31],[[0.     0.     0.9999 0.0001 0.     0.     0.     0.     0.     0.
  0.     0.    ]], [2],1
9, 24, [24],[[0.     0.     0.     0.     0.     0.     0.     0.     0.     0.0001
  0.002  0.9979]], [11],1
3, 29, [29],[[0. 0. 0. 1. 0. 0. 0. 0. 0. 0. 0. 0.]], [3],1
8, 17, [17  3],[[0.     0.     0.     0.     0.4905 0.     0.     0.     0.5095 0.
  0.     0.    ]
 [0.     0.     0.     0.     1.     0.     0.     0.     0.     0.
  0.     0.    ]], [8 4],2
1, 32, [32],[[0.     0.9993 0.     0.     0.0001 0.     0.     0.     0.0006 0.
  0.     0.    ]], [1],1
9, 10, [10],[[0.     0.     0.     0.0001 0.     0.0001 0.     0.0005 0.     0.9989
  0.0004 0.    ]], [9],1
5, 16, [16],[[0.     0.     0.     0.     0.     0.9896 0.0036 0.006  0.     0.0007
  0.     0.    ]], [5],1
2, 22, [22],[[0. 0. 1. 0. 0. 0. 0. 0. 0. 0. 0. 0.]], [2],1
7, 13, [13  3],[[0.2089 0.     0.     0.2581 0.     0.1912 0.1752 0.1666 0.     0.
  0.     0.    ]
 [0.0012 0.     0.     0.     0.     0.9982 0.0003 0.0003 0.     0.
  0.     0.    ]], [3 5],2
7, 5, [5],[[0.0007 0.     0.     0.     0.     0.9985 0.     0.     0.     0.0008
  0.     0.    ]], [5],1
3, 28, [28],[[0.     0.0012 0.     0.9988 0.     0.     0.     0.     0.     0.
  0.     0.    ]], [3],1
0, 21, [21],[[0.9932 0.     0.     0.     0.     0.0001 0.     0.0067 0.     0.
  0.     0.    ]], [0],1
7, 14, [14],[[0.0001 0.     0.     0.     0.     0.772  0.0004 0.     0.     0.2275
  0.     0.    ]], [5],1
0, 14, [14],[[0.     0.     0.     0.     0.     0.877  0.001  0.     0.     0.1219
  0.     0.    ]], [5],1
1, 10, [10],[[0. 1. 0. 0. 0. 0. 0. 0. 0. 0. 0. 0.]], [1],1
0, 32, [32],[[0.939  0.     0.     0.0008 0.     0.0003 0.     0.0566 0.     0.0032
  0.     0.    ]], [0],1
2, 4, [4],[[0. 0. 1. 0. 0. 0. 0. 0. 0. 0. 0. 0.]], [2],1
8, 8, [8 3],[[0.     0.0507 0.     0.     0.556  0.     0.     0.     0.3932 0.
  0.     0.    ]
 [0.     0.     0.     0.     1.     0.     0.     0.     0.     0.
  0.     0.    ]], [4 4],2
3, 4, [4],[[0.     0.0037 0.     0.9961 0.     0.     0.     0.     0.0001 0.
  0.     0.    ]], [3],1
11, 13, [13],[[0. 0. 0. 0. 0. 0. 0. 0. 0. 0. 0. 1.]], [11],1
0, 7, [7],[[0.0001 0.     0.     0.     0.     0.999  0.0001 0.0008 0.     0.
  0.     0.    ]], [5],1
9, 19, [19],[[0.     0.     0.     0.     0.     0.     0.     0.     0.     0.
  0.0001 0.9999]], [11],1
9, 13, [13],[[0. 0. 1. 0. 0. 0. 0. 0. 0. 0. 0. 0.]], [2],1
10, 15, [15],[[0. 0. 0. 0. 0. 0. 0. 0. 0. 0. 1. 0.]], [10],1
10, 24, [24],[[0.     0.     0.     0.     0.     0.     0.     0.     0.     0.0002
  0.0001 0.9998]], [11],1
7, 16, [16],[[0.0005 0.     0.     0.     0.     0.0001 0.     0.9994 0.     0.
  0.     0.    ]], [7],1
0, 3, [3],[[0.0002 0.     0.     0.     0.     0.9997 0.0001 0.     0.     0.
  0.     0.    ]], [5],1
1, 18, [18],[[0.     0.9999 0.     0.     0.     0.     0.     0.     0.     0.
  0.     0.    ]], [1],1
1, 14, [14],[[0. 1. 0. 0. 0. 0. 0. 0. 0. 0. 0. 0.]], [1],1
6, 15, [15],[[0. 0. 0. 0. 0. 0. 1. 0. 0. 0. 0. 0.]], [6],1
9, 4, [4],[[0.     0.     0.     0.     0.     0.0001 0.1171 0.     0.     0.8828
  0.     0.    ]], [9],1
4, 7, [7],[[0.     0.0001 0.     0.     0.7496 0.     0.     0.     0.2502 0.
  0.     0.    ]], [4],1
2, 3, [3],[[0.0028 0.     0.0003 0.0001 0.     0.9959 0.0005 0.0004 0.     0.
  0.     0.    ]], [5],1
4, 16, [16],[[0.     0.161  0.     0.     0.8382 0.     0.     0.     0.0008 0.
  0.     0.    ]], [4],1
0, 15, [15],[[0.0007 0.     0.     0.0005 0.     0.9934 0.     0.0054 0.     0.
  0.     0.    ]], [5],1
5, 22, [22],[[0.0001 0.     0.     0.     0.     0.996  0.0003 0.0036 0.     0.
  0.     0.    ]], [5],1
4, 25, [25],[[0.     0.9423 0.     0.     0.0432 0.     0.     0.0001 0.0144 0.
  0.     0.    ]], [1],1
10, 28, [28],[[0. 0. 0. 0. 0. 0. 0. 0. 0. 0. 1. 0.]], [10],1
6, 2, [ 2 13 24 13 24 13 24],[[0.2909 0.     0.     0.1536 0.     0.     0.2981 0.2574 0.     0.
  0.     0.    ]
 [0.3414 0.     0.     0.2482 0.     0.     0.1942 0.2161 0.     0.
  0.     0.    ]
 [0.2991 0.     0.     0.2637 0.     0.     0.2779 0.1593 0.     0.
  0.     0.    ]
 [0.3414 0.     0.     0.2482 0.     0.     0.1942 0.2161 0.     0.
  0.     0.    ]
 [0.2991 0.     0.     0.2637 0.     0.     0.2779 0.1593 0.     0.
  0.     0.    ]
 [0.3414 0.     0.     0.2482 0.     0.     0.1942 0.2161 0.     0.
  0.     0.    ]
 [1.     1.     1.     1.     1.     1.     1.     1.     1.     1.
  1.     1.    ]], [6 0 0 0 0 0 0],7
6, 21, [21],[[0. 0. 0. 0. 0. 0. 1. 0. 0. 0. 0. 0.]], [6],1
2, 19, [19],[[0.     0.     0.9998 0.     0.     0.     0.0001 0.0001 0.     0.
  0.     0.    ]], [2],1
7, 32, [32],[[0.0002 0.     0.     0.     0.     0.0232 0.     0.9674 0.     0.0001
  0.0092 0.    ]], [7],1
1, 22, [22],[[0. 1. 0. 0. 0. 0. 0. 0. 0. 0. 0. 0.]], [1],1
11, 9, [9],[[0. 0. 0. 0. 0. 0. 0. 0. 0. 0. 0. 1.]], [11],1
5, 24, [24],[[0.     0.     0.     0.     0.     0.     0.     0.     0.     0.0001
  0.0292 0.9707]], [11],1
0, 31, [31],[[0.0026 0.     0.0001 0.     0.     0.0371 0.2099 0.7503 0.     0.
  0.     0.    ]], [7],1
3, 1, [ 1 13 24 13 24 13 24],[[0.1098 0.     0.1973 0.0351 0.     0.     0.2376 0.4202 0.     0.
  0.     0.    ]
 [0.2803 0.     0.     0.3085 0.     0.     0.25   0.1613 0.     0.
  0.     0.    ]
 [0.2359 0.     0.     0.3048 0.     0.     0.2589 0.2004 0.     0.
  0.     0.    ]
 [0.2803 0.     0.     0.3085 0.     0.     0.25   0.1613 0.     0.
  0.     0.    ]
 [0.2359 0.     0.     0.3048 0.     0.     0.2589 0.2004 0.     0.
  0.     0.    ]
 [0.2803 0.     0.     0.3085 0.     0.     0.25   0.1613 0.     0.
  0.     0.    ]
 [1.     1.     1.     1.     1.     1.     1.     1.     1.     1.
  1.     1.    ]], [7 3 3 3 3 3 3],7
6, 6, [ 6 13 24 13 24 13 24],[[0.2941 0.     0.0283 0.     0.     0.     0.2276 0.4499 0.     0.
  0.     0.    ]
 [0.4541 0.     0.     0.     0.     0.     0.2584 0.2875 0.     0.
  0.     0.    ]
 [0.4062 0.     0.     0.     0.     0.     0.3774 0.2163 0.     0.
  0.     0.    ]
 [0.4541 0.     0.     0.     0.     0.     0.2584 0.2875 0.     0.
  0.     0.    ]
 [0.4062 0.     0.     0.     0.     0.     0.3774 0.2163 0.     0.
  0.     0.    ]
 [0.4541 0.     0.     0.     0.     0.     0.2584 0.2875 0.     0.
  0.     0.    ]
 [1.     1.     1.     1.     1.     1.     1.     1.     1.     1.
  1.     1.    ]], [7 0 0 0 0 0 0],7
9, 1, [1],[[0.     0.     0.     0.     0.     0.     0.     0.     0.     0.
  0.9997 0.0003]], [10],1
9, 2, [2],[[0.     0.     0.0026 0.     0.     0.     0.     0.     0.     0.0066
  0.0028 0.988 ]], [11],1
5, 12, [12],[[0.0598 0.     0.     0.7163 0.     0.2232 0.0001 0.0006 0.0001 0.
  0.     0.    ]], [3],1
5, 28, [28 13],[[0.     0.     0.6842 0.     0.     0.3158 0.     0.     0.     0.
  0.     0.    ]
 [0.     0.     1.     0.     0.     0.     0.     0.     0.     0.
  0.     0.    ]], [2 2],2
5, 2, [ 2 15],[[0.     0.     0.0366 0.     0.4235 0.     0.     0.     0.     0.
  0.     0.5399]
 [0.     0.     0.9979 0.     0.0021 0.     0.     0.     0.     0.
  0.     0.    ]], [11  2],2
5, 32, [32],[[0.     0.     0.     0.     0.     0.0001 0.     0.     0.     0.9999
  0.     0.    ]], [9],1
9, 7, [7],[[0.     0.     0.     0.     0.     0.     0.0004 0.     0.     0.0027
  0.     0.9969]], [11],1
0, 23, [23 13 24 13 24 13 24],[[0.2993 0.     0.     0.1692 0.     0.     0.2615 0.27   0.     0.
  0.     0.    ]
 [0.2483 0.     0.     0.2902 0.     0.     0.2514 0.2101 0.     0.
  0.     0.    ]
 [0.2484 0.     0.     0.2783 0.     0.     0.2467 0.2266 0.     0.
  0.     0.    ]
 [0.2483 0.     0.     0.2902 0.     0.     0.2514 0.2101 0.     0.
  0.     0.    ]
 [0.2484 0.     0.     0.2783 0.     0.     0.2467 0.2266 0.     0.
  0.     0.    ]
 [0.2483 0.     0.     0.2902 0.     0.     0.2514 0.2101 0.     0.
  0.     0.    ]
 [1.     1.     1.     1.     1.     1.     1.     1.     1.     1.
  1.     1.    ]], [0 3 3 3 3 3 3],7
1, 9, [9],[[0.     0.9999 0.     0.     0.     0.     0.     0.     0.     0.
  0.     0.    ]], [1],1
2, 15, [15],[[0. 0. 1. 0. 0. 0. 0. 0. 0. 0. 0. 0.]], [2],1
11, 28, [28],[[0.     0.     0.     0.     0.     0.     0.     0.     0.     0.0001
  0.     0.9999]], [11],1
11, 8, [ 8 13],[[0.     0.     0.     0.     0.     0.     0.     0.     0.7072 0.2928
  0.     0.    ]
 [0.     0.     0.     0.     0.     0.     0.     0.     0.006  0.994
  0.     0.    ]], [8 9],2
11, 10, [10],[[0. 0. 0. 0. 0. 0. 0. 0. 0. 0. 0. 1.]], [11],1
10, 18, [18],[[0. 0. 0. 0. 0. 0. 0. 0. 0. 0. 1. 0.]], [10],1
3, 21, [21],[[0.0012 0.     0.     0.9922 0.     0.     0.     0.0066 0.     0.
  0.     0.    ]], [3],1
6, 25, [25],[[0.0001 0.     0.     0.     0.     0.9997 0.0002 0.0001 0.     0.
  0.     0.    ]], [5],1
4, 14, [14 15],[[0.     0.3923 0.     0.     0.3447 0.     0.     0.     0.2631 0.
  0.     0.    ]
 [0.     0.     0.     0.     0.9995 0.     0.     0.     0.0005 0.
  0.     0.    ]], [1 4],2
2, 28, [28],[[0. 0. 1. 0. 0. 0. 0. 0. 0. 0. 0. 0.]], [2],1
6, 30, [30],[[0.0001 0.     0.     0.     0.     0.0003 0.     0.     0.     0.9995
  0.     0.    ]], [9],1
10, 31, [31],[[0.     0.     0.     0.     0.0002 0.0002 0.     0.     0.9993 0.
  0.0003 0.    ]], [8],1
10, 20, [20],[[0.     0.     0.     0.     0.     0.     0.     0.     0.0001 0.
  0.9999 0.    ]], [10],1
11, 30, [30],[[0.0002 0.0003 0.     0.     0.1191 0.     0.     0.     0.0692 0.8054
  0.0059 0.    ]], [9],1
8, 16, [16],[[0. 0. 0. 0. 0. 0. 0. 0. 1. 0. 0. 0.]], [8],1
2, 21, [21],[[0. 0. 1. 0. 0. 0. 0. 0. 0. 0. 0. 0.]], [2],1
9, 9, [9],[[0. 0. 0. 0. 1. 0. 0. 0. 0. 0. 0. 0.]], [4],1
6, 3, [3],[[0.0007 0.     0.     0.0001 0.     0.998  0.0003 0.0008 0.     0.
  0.     0.    ]], [5],1
10, 19, [19],[[0. 0. 0. 0. 0. 0. 0. 0. 0. 0. 1. 0.]], [10],1
1, 29, [29],[[0. 1. 0. 0. 0. 0. 0. 0. 0. 0. 0. 0.]], [1],1
6, 12, [12],[[0.0143 0.     0.0241 0.0005 0.     0.0062 0.0828 0.872  0.     0.
  0.     0.    ]], [7],1
1, 26, [26],[[0. 1. 0. 0. 0. 0. 0. 0. 0. 0. 0. 0.]], [1],1
5, 13, [13],[[0. 0. 1. 0. 0. 0. 0. 0. 0. 0. 0. 0.]], [2],1
8, 15, [15],[[0. 0. 0. 0. 0. 0. 0. 0. 1. 0. 0. 0.]], [8],1
1, 23, [23],[[0.     0.9985 0.     0.0012 0.     0.     0.     0.0002 0.0001 0.
  0.     0.0001]], [1],1
9, 30, [30],[[0.     0.     0.     0.     0.     0.     0.     0.     0.     0.9961
  0.     0.0039]], [9],1
5, 8, [8],[[0.7577 0.     0.     0.0002 0.0001 0.0038 0.1505 0.0878 0.     0.
  0.     0.    ]], [0],1
3, 15, [15],[[0. 0. 0. 1. 0. 0. 0. 0. 0. 0. 0. 0.]], [3],1
0, 1, [ 1 13 24 13 24 13 24],[[0.2699 0.     0.0611 0.4039 0.     0.     0.1255 0.1395 0.     0.
  0.     0.    ]
 [0.2483 0.     0.     0.2902 0.     0.     0.2514 0.2101 0.     0.
  0.     0.    ]
 [0.2484 0.     0.     0.2783 0.     0.     0.2467 0.2266 0.     0.
  0.     0.    ]
 [0.2483 0.     0.     0.2902 0.     0.     0.2514 0.2101 0.     0.
  0.     0.    ]
 [0.2484 0.     0.     0.2783 0.     0.     0.2467 0.2266 0.     0.
  0.     0.    ]
 [0.2483 0.     0.     0.2902 0.     0.     0.2514 0.2101 0.     0.
  0.     0.    ]
 [1.     1.     1.     1.     1.     1.     1.     1.     1.     1.
  1.     1.    ]], [3 3 3 3 3 3 3],7
4, 26, [26],[[0. 0. 0. 0. 1. 0. 0. 0. 0. 0. 0. 0.]], [4],1
2, 1, [ 1 13],[[0.2193 0.     0.     0.     0.     0.174  0.2632 0.3434 0.     0.
  0.     0.    ]
 [0.8206 0.     0.     0.     0.     0.0055 0.1255 0.0484 0.     0.
  0.     0.    ]], [7 0],2
0, 24, [24 13  3],[[0.2376 0.     0.     0.2662 0.     0.0434 0.236  0.2167 0.     0.
  0.     0.    ]
 [0.2164 0.     0.     0.253  0.     0.1284 0.2191 0.1832 0.     0.
  0.     0.    ]
 [0.0002 0.     0.     0.     0.     0.9997 0.0001 0.     0.     0.
  0.     0.    ]], [3 3 5],3
10, 32, [32],[[0.     0.     0.     0.004  0.     0.     0.     0.9959 0.     0.
  0.0001 0.    ]], [7],1
1, 27, [27],[[0. 1. 0. 0. 0. 0. 0. 0. 0. 0. 0. 0.]], [1],1
3, 25, [25],[[0.     0.     0.     0.9997 0.     0.0003 0.     0.     0.     0.
  0.     0.    ]], [3],1
7, 30, [30],[[0.0035 0.     0.0002 0.0001 0.     0.995  0.0006 0.0007 0.     0.
  0.     0.    ]], [5],1
4, 19, [19],[[0.     0.     0.     0.     0.2031 0.0001 0.     0.     0.7967 0.
  0.     0.    ]], [8],1
11, 29, [29  3],[[0.     0.     0.     0.2834 0.     0.5579 0.     0.     0.1587 0.
  0.     0.    ]
 [0.     0.     0.     0.0027 0.     0.7518 0.     0.     0.2455 0.
  0.     0.    ]], [5 5],2
1, 2, [2],[[0.     0.9997 0.     0.0001 0.     0.     0.     0.0001 0.     0.
  0.     0.    ]], [1],1
2, 27, [27],[[0. 0. 1. 0. 0. 0. 0. 0. 0. 0. 0. 0.]], [2],1
0, 6, [ 6 13 24 13 24 13 24],[[0.217  0.     0.     0.1268 0.     0.     0.1185 0.5378 0.     0.
  0.     0.    ]
 [0.2483 0.     0.     0.2902 0.     0.     0.2514 0.2101 0.     0.
  0.     0.    ]
 [0.2484 0.     0.     0.2783 0.     0.     0.2467 0.2266 0.     0.
  0.     0.    ]
 [0.2483 0.     0.     0.2902 0.     0.     0.2514 0.2101 0.     0.
  0.     0.    ]
 [0.2484 0.     0.     0.2783 0.     0.     0.2467 0.2266 0.     0.
  0.     0.    ]
 [0.2483 0.     0.     0.2902 0.     0.     0.2514 0.2101 0.     0.
  0.     0.    ]
 [1.     1.     1.     1.     1.     1.     1.     1.     1.     1.
  1.     1.    ]], [7 3 3 3 3 3 3],7
2, 13, [13],[[0. 0. 1. 0. 0. 0. 0. 0. 0. 0. 0. 0.]], [2],1
0, 27, [27],[[0.0022 0.0004 0.     0.9973 0.     0.     0.     0.0001 0.     0.
  0.     0.    ]], [3],1
4, 20, [20],[[0.     0.8503 0.     0.     0.0968 0.     0.     0.0001 0.0526 0.
  0.     0.0001]], [1],1
4, 10, [10],[[0.     0.0009 0.     0.     0.9976 0.     0.     0.     0.0016 0.
  0.     0.    ]], [4],1
2, 20, [20],[[0.0004 0.     0.     0.     0.     0.999  0.0001 0.0005 0.     0.
  0.     0.    ]], [5],1
5, 23, [23],[[0. 0. 1. 0. 0. 0. 0. 0. 0. 0. 0. 0.]], [2],1
3, 32, [32],[[0.7736 0.     0.     0.2135 0.     0.     0.     0.0127 0.     0.0001
  0.     0.    ]], [0],1
8, 20, [20],[[0.     0.9844 0.     0.     0.0085 0.     0.     0.0001 0.0069 0.
  0.     0.0001]], [1],1
7, 9, [9],[[0.0043 0.     0.     0.0019 0.     0.982  0.0036 0.0082 0.     0.
  0.     0.    ]], [5],1
0, 18, [18],[[0.0003 0.     0.     0.     0.     0.9992 0.0001 0.0003 0.     0.
  0.     0.    ]], [5],1
11, 31, [31],[[0.0001 0.     0.     0.9998 0.     0.0001 0.     0.     0.0001 0.
  0.     0.    ]], [3],1
1, 31, [31],[[0.     0.9981 0.     0.     0.0011 0.     0.     0.     0.0009 0.
  0.     0.    ]], [1],1
2, 2, [2],[[0. 0. 1. 0. 0. 0. 0. 0. 0. 0. 0. 0.]], [2],1
9, 8, [8],[[0.     0.     0.     0.     0.     0.     0.     0.     0.     0.
  0.9969 0.0031]], [10],1
10, 23, [23],[[0.     0.     0.     0.     0.0116 0.     0.     0.     0.0015 0.
  0.9869 0.    ]], [10],1
9, 5, [5],[[0. 0. 0. 0. 0. 0. 0. 0. 0. 0. 0. 1.]], [11],1
1, 12, [12],[[0.0003 0.9972 0.     0.0024 0.     0.     0.     0.     0.     0.
  0.     0.    ]], [1],1
3, 3, [3],[[0.0797 0.     0.0014 0.0286 0.     0.7332 0.085  0.0721 0.     0.
  0.     0.    ]], [5],1
0, 28, [28],[[0.9999 0.     0.     0.     0.     0.     0.     0.     0.     0.
  0.     0.    ]], [0],1
7, 19, [19 13 24 13 24 13 24],[[0.     0.     0.6265 0.     0.     0.     0.1931 0.1804 0.     0.
  0.     0.    ]
 [0.     0.     0.     0.     0.     0.     0.5126 0.4874 0.     0.
  0.     0.    ]
 [0.     0.     0.     0.     0.     0.     0.4556 0.5444 0.     0.
  0.     0.    ]
 [0.     0.     0.     0.     0.     0.     0.5126 0.4874 0.     0.
  0.     0.    ]
 [0.     0.     0.     0.     0.     0.     0.4556 0.5444 0.     0.
  0.     0.    ]
 [0.     0.     0.     0.     0.     0.     0.5126 0.4874 0.     0.
  0.     0.    ]
 [1.     1.     1.     1.     1.     1.     1.     1.     1.     1.
  1.     1.    ]], [2 6 7 6 7 6 7],7
11, 17, [17],[[0. 0. 0. 0. 0. 0. 0. 0. 0. 0. 0. 1.]], [11],1
4, 3, [3],[[0. 0. 0. 0. 1. 0. 0. 0. 0. 0. 0. 0.]], [4],1
1, 6, [6],[[0.     0.9998 0.     0.     0.     0.     0.     0.     0.0001 0.
  0.     0.0001]], [1],1
6, 24, [24 13 24 13 24 13 24],[[0.2991 0.     0.     0.2637 0.     0.     0.2779 0.1593 0.     0.
  0.     0.    ]
 [0.3414 0.     0.     0.2482 0.     0.     0.1942 0.2161 0.     0.
  0.     0.    ]
 [0.2991 0.     0.     0.2637 0.     0.     0.2779 0.1593 0.     0.
  0.     0.    ]
 [0.3414 0.     0.     0.2482 0.     0.     0.1942 0.2161 0.     0.
  0.     0.    ]
 [0.2991 0.     0.     0.2637 0.     0.     0.2779 0.1593 0.     0.
  0.     0.    ]
 [0.3414 0.     0.     0.2482 0.     0.     0.1942 0.2161 0.     0.
  0.     0.    ]
 [1.     1.     1.     1.     1.     1.     1.     1.     1.     1.
  1.     1.    ]], [0 0 0 0 0 0 0],7
10, 29, [29],[[0. 0. 0. 0. 0. 0. 0. 0. 0. 0. 1. 0.]], [10],1
2, 23, [23 13],[[0.2473 0.     0.     0.2177 0.     0.0422 0.2656 0.2272 0.     0.
  0.     0.    ]
 [0.8168 0.     0.     0.0046 0.     0.0055 0.1249 0.0482 0.     0.
  0.     0.    ]], [6 0],2
6, 28, [28],[[0.     0.     0.     0.     0.     0.     0.9999 0.     0.     0.
  0.     0.0001]], [6],1
2, 8, [8],[[0.0006 0.     0.0003 0.     0.     0.9974 0.0004 0.0013 0.     0.
  0.     0.    ]], [5],1
4, 11, [11 15],[[0.     0.0698 0.     0.     0.6773 0.     0.     0.     0.253  0.
  0.     0.    ]
 [0.     0.     0.     0.     0.9995 0.     0.     0.     0.0005 0.
  0.     0.    ]], [4 4],2
3, 13, [13 24 13 24 13 24 13],[[0.272  0.     0.     0.2994 0.     0.0297 0.2425 0.1565 0.     0.
  0.     0.    ]
 [0.2359 0.     0.     0.3048 0.     0.     0.2589 0.2004 0.     0.
  0.     0.    ]
 [0.2803 0.     0.     0.3085 0.     0.     0.25   0.1613 0.     0.
  0.     0.    ]
 [0.2359 0.     0.     0.3048 0.     0.     0.2589 0.2004 0.     0.
  0.     0.    ]
 [0.2803 0.     0.     0.3085 0.     0.     0.25   0.1613 0.     0.
  0.     0.    ]
 [0.2359 0.     0.     0.3048 0.     0.     0.2589 0.2004 0.     0.
  0.     0.    ]
 [1.     1.     1.     1.     1.     1.     1.     1.     1.     1.
  1.     1.    ]], [3 3 3 3 3 3 3],7
8, 21, [21],[[0. 0. 0. 0. 0. 0. 0. 0. 1. 0. 0. 0.]], [8],1
0, 16, [16],[[0.     0.     0.     0.     0.     0.0001 0.     0.9985 0.     0.0014
  0.     0.    ]], [7],1
11, 21, [21],[[0. 0. 0. 0. 0. 0. 0. 0. 0. 0. 0. 1.]], [11],1
0, 8, [8],[[0.0001 0.     0.     0.     0.     0.9997 0.0001 0.     0.     0.0001
  0.     0.    ]], [5],1
6, 27, [27],[[0.     0.     0.0006 0.     0.     0.0001 0.1637 0.     0.     0.0006
  0.     0.8349]], [11],1
7, 18, [18 13 24 13 24 13 24],[[0.2165 0.     0.2218 0.2935 0.     0.     0.133  0.1353 0.     0.
  0.     0.    ]
 [0.2583 0.     0.     0.3191 0.     0.     0.2166 0.206  0.     0.
  0.     0.    ]
 [0.278  0.     0.     0.2278 0.     0.     0.2252 0.2691 0.     0.
  0.     0.    ]
 [0.2583 0.     0.     0.3191 0.     0.     0.2166 0.206  0.     0.
  0.     0.    ]
 [0.278  0.     0.     0.2278 0.     0.     0.2252 0.2691 0.     0.
  0.     0.    ]
 [0.2583 0.     0.     0.3191 0.     0.     0.2166 0.206  0.     0.
  0.     0.    ]
 [1.     1.     1.     1.     1.     1.     1.     1.     1.     1.
  1.     1.    ]], [3 3 0 3 0 3 0],7
8, 13, [13],[[0. 0. 1. 0. 0. 0. 0. 0. 0. 0. 0. 0.]], [2],1
8, 3, [3],[[0.     0.     0.0006 0.     0.9993 0.     0.     0.     0.     0.
  0.     0.    ]], [4],1
7, 2, [ 2 13  3],[[0.2447 0.     0.     0.4327 0.     0.033  0.1349 0.1546 0.     0.
  0.     0.    ]
 [0.2089 0.     0.     0.2581 0.     0.1912 0.1752 0.1666 0.     0.
  0.     0.    ]
 [0.0012 0.     0.     0.     0.     0.9982 0.0003 0.0003 0.     0.
  0.     0.    ]], [3 3 5],3
8, 30, [30],[[0.     0.9697 0.     0.     0.0108 0.     0.     0.     0.0195 0.
  0.     0.    ]], [1],1
2, 14, [14],[[0. 0. 1. 0. 0. 0. 0. 0. 0. 0. 0. 0.]], [2],1
5, 27, [27],[[0.     0.     0.     0.     0.     0.9995 0.0002 0.0002 0.     0.
  0.     0.    ]], [5],1
10, 14, [14],[[0. 0. 0. 0. 0. 0. 0. 0. 0. 0. 1. 0.]], [10],1
2, 5, [ 5 13],[[0.1522 0.     0.4719 0.0911 0.     0.0914 0.0936 0.0998 0.     0.
  0.     0.    ]
 [0.     0.     1.     0.     0.     0.     0.     0.     0.     0.
  0.     0.    ]], [2 2],2
0, 26, [26],[[0.     0.     0.     0.9999 0.     0.     0.     0.0001 0.     0.
  0.     0.    ]], [3],1
11, 16, [16],[[0. 0. 0. 0. 0. 0. 0. 0. 0. 0. 0. 1.]], [11],1
5, 11, [11],[[0. 0. 1. 0. 0. 0. 0. 0. 0. 0. 0. 0.]], [2],1
0, 22, [22],[[0.9998 0.     0.     0.0001 0.     0.     0.     0.0001 0.     0.
  0.     0.    ]], [0],1
6, 4, [4],[[0.     0.     0.     0.     0.     0.     0.9373 0.     0.     0.0626
  0.     0.    ]], [6],1
8, 29, [29],[[0.     0.     0.     0.     0.     0.0001 0.     0.     0.9999 0.
  0.     0.    ]], [8],1
11, 23, [23],[[0.     0.     0.0011 0.     0.     0.     0.     0.     0.     0.
  0.     0.9989]], [11],1
1, 19, [19],[[0.     0.9997 0.     0.     0.     0.     0.     0.     0.     0.
  0.     0.0002]], [1],1
5, 15, [15],[[0.     0.     0.     0.0004 0.     0.0614 0.0002 0.9379 0.     0.0001
  0.     0.    ]], [7],1
11, 6, [6],[[0. 0. 0. 0. 0. 0. 0. 0. 0. 0. 0. 1.]], [11],1
8, 5, [5],[[0.     0.     0.     0.     0.2932 0.     0.     0.     0.7067 0.
  0.     0.    ]], [8],1
10, 26, [26],[[0. 0. 0. 0. 0. 0. 0. 0. 0. 0. 0. 1.]], [11],1
11, 7, [7],[[0.     0.     0.     0.     0.0001 0.     0.006  0.     0.0003 0.9252
  0.     0.0684]], [9],1
10, 9, [9],[[0.     0.     0.     0.     0.     0.     0.     0.     0.     0.
  0.9997 0.0003]], [10],1
6, 29, [29],[[0.     0.     0.     0.     0.     0.     0.1693 0.     0.     0.8306
  0.     0.    ]], [9],1
8, 9, [9],[[0.     0.     0.0004 0.     0.0003 0.     0.     0.     0.     0.0003
  0.     0.9989]], [11],1
5, 3, [ 3 13],[[0.     0.     0.039  0.     0.     0.     0.5958 0.     0.     0.133
  0.     0.2322]
 [0.     0.     1.     0.     0.     0.     0.     0.     0.     0.
  0.     0.    ]], [6 2],2
10, 1, [1],[[0. 0. 0. 0. 0. 0. 0. 0. 0. 0. 1. 0.]], [10],1
6, 11, [11 13  3],[[0.2696 0.     0.1298 0.0564 0.     0.109  0.1751 0.26   0.     0.
  0.     0.    ]
 [0.1026 0.     0.     0.0746 0.     0.6996 0.0583 0.0649 0.     0.
  0.     0.    ]
 [0.0007 0.     0.     0.0001 0.     0.998  0.0003 0.0008 0.     0.
  0.     0.    ]], [0 5 5],3
7, 28, [28],[[0.     0.     0.     0.     0.     0.0221 0.0884 0.8803 0.     0.0092
  0.     0.    ]], [7],1
1, 30, [30],[[0.     0.9997 0.     0.     0.     0.     0.     0.     0.0002 0.
  0.     0.    ]], [1],1
8, 11, [11],[[0.     0.9998 0.     0.     0.0001 0.     0.     0.     0.0001 0.
  0.     0.    ]], [1],1
0, 13, [13  3],[[0.2164 0.     0.     0.253  0.     0.1284 0.2191 0.1832 0.     0.
  0.     0.    ]
 [0.0002 0.     0.     0.     0.     0.9997 0.0001 0.     0.     0.
  0.     0.    ]], [3 5],2
2, 10, [10],[[0. 0. 1. 0. 0. 0. 0. 0. 0. 0. 0. 0.]], [2],1
9, 11, [11],[[0.     0.     0.0001 0.     0.     0.     0.     0.     0.     0.
  0.     0.9999]], [11],1
6, 1, [1],[[0.     0.     0.     0.     0.     0.1265 0.0001 0.     0.     0.8734
  0.     0.    ]], [9],1
4, 30, [30],[[0.     0.0003 0.     0.     0.246  0.     0.     0.     0.7536 0.
  0.     0.    ]], [8],1
4, 9, [9],[[0.     0.0001 0.0058 0.     0.9902 0.     0.     0.     0.     0.0001
  0.0005 0.0032]], [4],1
9, 26, [26],[[0. 0. 0. 0. 0. 0. 0. 0. 0. 1. 0. 0.]], [9],1
6, 26, [26],[[0. 0. 0. 0. 0. 0. 1. 0. 0. 0. 0. 0.]], [6],1
11, 32, [32],[[0.0001 0.0004 0.0003 0.0002 0.     0.0001 0.     0.0136 0.9841 0.0011
  0.     0.    ]], [8],1
11, 14, [14],[[0.     0.     0.     0.     0.     0.     0.     0.     0.0001 0.004
  0.0029 0.9929]], [11],1
7, 15, [15],[[0.     0.     0.     0.     0.     0.0001 0.     0.9999 0.     0.
  0.     0.    ]], [7],1
11, 5, [5],[[0.     0.     0.     0.     0.     0.     0.     0.     0.     0.
  0.0007 0.9992]], [11],1
1, 5, [5],[[0.     0.9992 0.     0.     0.0005 0.     0.     0.     0.0002 0.
  0.     0.0001]], [1],1
11, 1, [1],[[0. 0. 0. 0. 0. 0. 0. 0. 0. 0. 0. 1.]], [11],1
1, 17, [17],[[0.     0.9996 0.     0.     0.0001 0.     0.     0.     0.0002 0.
  0.     0.0001]], [1],1
3, 17, [17],[[0.0001 0.     0.     0.     0.     0.9997 0.0001 0.0001 0.     0.
  0.     0.    ]], [5],1
11, 12, [12],[[0. 0. 0. 0. 0. 0. 0. 0. 0. 0. 0. 1.]], [11],1
8, 6, [6 3],[[0.     0.     0.     0.     0.6685 0.     0.     0.     0.3315 0.
  0.     0.    ]
 [0.     0.     0.     0.     1.     0.     0.     0.     0.     0.
  0.     0.    ]], [4 4],2
10, 21, [21],[[0.     0.     0.     0.     0.     0.     0.     0.     0.0013 0.
  0.9987 0.    ]], [10],1
0, 4, [4],[[0.9992 0.     0.     0.0004 0.     0.0001 0.     0.0003 0.     0.
  0.     0.    ]], [0],1
3, 2, [ 2 13 24 13 24 13 24],[[0.2526 0.     0.     0.3501 0.     0.     0.2271 0.1702 0.     0.
  0.     0.    ]
 [0.2803 0.     0.     0.3085 0.     0.     0.25   0.1613 0.     0.
  0.     0.    ]
 [0.2359 0.     0.     0.3048 0.     0.     0.2589 0.2004 0.     0.
  0.     0.    ]
 [0.2803 0.     0.     0.3085 0.     0.     0.25   0.1613 0.     0.
  0.     0.    ]
 [0.2359 0.     0.     0.3048 0.     0.     0.2589 0.2004 0.     0.
  0.     0.    ]
 [0.2803 0.     0.     0.3085 0.     0.     0.25   0.1613 0.     0.
  0.     0.    ]
 [1.     1.     1.     1.     1.     1.     1.     1.     1.     1.
  1.     1.    ]], [3 3 3 3 3 3 3],7
2, 32, [32],[[0.     0.0009 0.9952 0.0005 0.     0.     0.     0.0001 0.     0.003
  0.     0.0001]], [2],1
6, 14, [14],[[0.     0.     0.     0.     0.     0.9999 0.0001 0.     0.     0.
  0.     0.    ]], [5],1
9, 22, [22],[[0.     0.     0.     0.     0.     0.     0.     0.     0.     0.8508
  0.     0.1491]], [9],1
9, 17, [17],[[0.0001 0.     0.     0.     0.0034 0.     0.     0.     0.0506 0.9371
  0.0088 0.    ]], [9],1
1, 3, [3],[[0.     0.9999 0.     0.     0.     0.     0.     0.     0.     0.
  0.     0.    ]], [1],1
3, 8, [ 8 13 24 13 24 13 24],[[0.2204 0.     0.1173 0.1341 0.     0.     0.1513 0.3768 0.     0.
  0.     0.    ]
 [0.2803 0.     0.     0.3085 0.     0.     0.25   0.1613 0.     0.
  0.     0.    ]
 [0.2359 0.     0.     0.3048 0.     0.     0.2589 0.2004 0.     0.
  0.     0.    ]
 [0.2803 0.     0.     0.3085 0.     0.     0.25   0.1613 0.     0.
  0.     0.    ]
 [0.2359 0.     0.     0.3048 0.     0.     0.2589 0.2004 0.     0.
  0.     0.    ]
 [0.2803 0.     0.     0.3085 0.     0.     0.25   0.1613 0.     0.
  0.     0.    ]
 [1.     1.     1.     1.     1.     1.     1.     1.     1.     1.
  1.     1.    ]], [7 3 3 3 3 3 3],7
8, 4, [4],[[0. 0. 0. 0. 0. 0. 0. 0. 1. 0. 0. 0.]], [8],1
4, 4, [4],[[0. 0. 0. 0. 1. 0. 0. 0. 0. 0. 0. 0.]], [4],1
3, 31, [31],[[0.     0.     0.     0.9998 0.     0.0001 0.     0.     0.     0.
  0.     0.    ]], [3],1
