11, 2, [2],[[0.     0.     0.0001 0.     0.     0.     0.     0.     0.     0.0009
  0.0103 0.9887]], [11],1
10, 6, [6],[[0. 0. 0. 0. 0. 0. 0. 0. 0. 0. 1. 0.]], [10],1
0, 19, [19],[[0.0004 0.     0.0003 0.     0.     0.958  0.0055 0.0358 0.     0.
  0.     0.    ]], [5],1
4, 12, [12  3 13  3 13  3 13],[[0.     0.     0.     0.     0.6013 0.     0.     0.     0.3987 0.
  0.     0.    ]
 [0.     0.     0.     0.     0.4383 0.     0.     0.     0.5617 0.
  0.     0.    ]
 [0.     0.     0.     0.     0.5103 0.     0.     0.     0.4897 0.
  0.     0.    ]
 [0.     0.     0.     0.     0.4383 0.     0.     0.     0.5617 0.
  0.     0.    ]
 [0.     0.     0.     0.     0.5103 0.     0.     0.     0.4897 0.
  0.     0.    ]
 [0.     0.     0.     0.     0.4383 0.     0.     0.     0.5617 0.
  0.     0.    ]
 [1.     1.     1.     1.     1.     1.     1.     1.     1.     1.
  1.     1.    ]], [4 8 4 8 4 8 4],7
4, 5, [ 5  3 13  3 13  3 13],[[0.     0.     0.     0.     0.5694 0.     0.     0.     0.4306 0.
  0.     0.    ]
 [0.     0.     0.     0.     0.4383 0.     0.     0.     0.5617 0.
  0.     0.    ]
 [0.     0.     0.     0.     0.5103 0.     0.     0.     0.4897 0.
  0.     0.    ]
 [0.     0.     0.     0.     0.4383 0.     0.     0.     0.5617 0.
  0.     0.    ]
 [0.     0.     0.     0.     0.5103 0.     0.     0.     0.4897 0.
  0.     0.    ]
 [0.     0.     0.     0.     0.4383 0.     0.     0.     0.5617 0.
  0.     0.    ]
 [1.     1.     1.     1.     1.     1.     1.     1.     1.     1.
  1.     1.    ]], [4 8 4 8 4 8 4],7
11, 27, [27],[[0. 0. 0. 0. 0. 0. 0. 0. 0. 0. 0. 1.]], [11],1
7, 11, [11],[[0. 0. 1. 0. 0. 0. 0. 0. 0. 0. 0. 0.]], [2],1
10, 7, [7],[[0.     0.     0.     0.     0.     0.     0.     0.     0.0001 0.
  0.9998 0.    ]], [10],1
0, 2, [2],[[0.     0.     0.     0.     0.     0.     0.     0.     0.     0.0026
  0.0001 0.9973]], [11],1
8, 18, [18  3 13],[[0.     0.     0.     0.     0.6267 0.     0.     0.     0.3733 0.
  0.     0.    ]
 [0.     0.     0.     0.     0.337  0.     0.     0.     0.663  0.
  0.     0.    ]
 [0.     0.     0.     0.     0.8381 0.     0.     0.     0.1619 0.
  0.     0.    ]], [4 8 4],3
2, 6, [6],[[0.0001 0.     0.     0.     0.     0.9998 0.0001 0.     0.     0.
  0.     0.    ]], [5],1
9, 28, [28],[[0. 0. 0. 0. 0. 0. 0. 0. 0. 1. 0. 0.]], [9],1
2, 18, [18 13],[[0.2588 0.     0.135  0.3188 0.     0.     0.1324 0.1549 0.     0.
  0.     0.    ]
 [0.0001 0.     0.9999 0.     0.     0.     0.     0.     0.     0.
  0.     0.    ]], [3 2],2
4, 29, [29],[[0.     0.     0.     0.     0.9999 0.     0.     0.     0.     0.
  0.     0.    ]], [4],1
11, 15, [15],[[0.058  0.     0.0301 0.     0.     0.     0.9117 0.0001 0.     0.
  0.     0.    ]], [6],1
11, 25, [25],[[0. 0. 0. 0. 0. 0. 0. 0. 0. 0. 0. 1.]], [11],1
7, 20, [20],[[0.012  0.     0.0015 0.002  0.     0.0009 0.9586 0.025  0.     0.
  0.     0.    ]], [6],1
7, 6, [6],[[0.0008 0.     0.     0.     0.     0.9989 0.0001 0.0001 0.     0.0001
  0.     0.    ]], [5],1
4, 6, [ 6  3 13  3 13  3 13],[[0.     0.     0.     0.     0.3014 0.     0.     0.     0.6986 0.
  0.     0.    ]
 [0.     0.     0.     0.     0.4383 0.     0.     0.     0.5617 0.
  0.     0.    ]
 [0.     0.     0.     0.     0.5103 0.     0.     0.     0.4897 0.
  0.     0.    ]
 [0.     0.     0.     0.     0.4383 0.     0.     0.     0.5617 0.
  0.     0.    ]
 [0.     0.     0.     0.     0.5103 0.     0.     0.     0.4897 0.
  0.     0.    ]
 [0.     0.     0.     0.     0.4383 0.     0.     0.     0.5617 0.
  0.     0.    ]
 [1.     1.     1.     1.     1.     1.     1.     1.     1.     1.
  1.     1.    ]], [8 8 4 8 4 8 4],7
6, 9, [9],[[0.1763 0.     0.0005 0.7017 0.     0.0005 0.0791 0.0419 0.     0.
  0.     0.    ]], [3],1
3, 19, [19],[[0.0007 0.     0.     0.9983 0.     0.0006 0.0004 0.     0.     0.
  0.     0.    ]], [3],1
8, 12, [12],[[0. 0. 0. 0. 0. 0. 0. 0. 0. 0. 1. 0.]], [10],1
10, 4, [4],[[0. 0. 0. 0. 0. 0. 0. 0. 0. 0. 1. 0.]], [10],1
5, 14, [14],[[0.0011 0.     0.     0.0001 0.     0.9986 0.0001 0.0001 0.     0.
  0.     0.    ]], [5],1
10, 10, [10],[[0. 0. 0. 0. 0. 0. 0. 0. 0. 0. 1. 0.]], [10],1
3, 22, [22],[[0.     0.     0.     0.9953 0.     0.0013 0.     0.     0.0034 0.
  0.     0.    ]], [3],1
6, 17, [17],[[0.0008 0.     0.     0.     0.     0.998  0.0002 0.001  0.     0.
  0.     0.    ]], [5],1
3, 6, [6],[[0.0072 0.     0.     0.     0.     0.9801 0.0021 0.0105 0.     0.
  0.     0.    ]], [5],1
0, 29, [29],[[0.0072 0.     0.     0.     0.     0.991  0.0002 0.0017 0.     0.
  0.     0.    ]], [5],1
3, 14, [14],[[0. 0. 1. 0. 0. 0. 0. 0. 0. 0. 0. 0.]], [2],1
2, 24, [24 13],[[0.2668 0.     0.     0.2353 0.     0.     0.3092 0.1887 0.     0.
  0.     0.    ]
 [0.9569 0.     0.     0.0089 0.     0.     0.0178 0.0164 0.     0.
  0.     0.    ]], [6 0],2
9, 29, [29],[[0.     0.     0.     0.     0.     0.     0.     0.     0.     0.9999
  0.     0.    ]], [9],1
5, 6, [6],[[0.     0.     0.     0.     0.     0.9996 0.0002 0.     0.     0.0001
  0.     0.    ]], [5],1
11, 3, [3],[[0.     0.     0.0001 0.     0.     0.     0.     0.     0.     0.0373
  0.0428 0.9197]], [11],1
8, 22, [22 38],[[0.     0.6208 0.     0.     0.3447 0.     0.     0.     0.0345 0.
  0.     0.    ]
 [0.     0.9987 0.     0.     0.0012 0.     0.     0.     0.0002 0.
  0.     0.    ]], [1 1],2
1, 8, [8],[[0.     0.9948 0.     0.     0.0031 0.     0.     0.     0.002  0.
  0.     0.0001]], [1],1
1, 7, [7],[[0.     0.9997 0.     0.     0.     0.     0.     0.     0.0001 0.
  0.     0.0001]], [1],1
3, 30, [30],[[0.056  0.     0.     0.9431 0.     0.0004 0.0002 0.0002 0.     0.
  0.     0.    ]], [3],1
2, 11, [11],[[0.0047 0.     0.0003 0.0003 0.     0.9939 0.0005 0.0004 0.     0.
  0.     0.    ]], [5],1
5, 4, [4],[[0.     0.     0.     0.     0.     0.9997 0.0002 0.0001 0.     0.
  0.     0.    ]], [5],1
7, 24, [24],[[0.     0.     0.     0.     0.     0.     0.     0.     0.     0.0001
  0.0297 0.9702]], [11],1
2, 26, [26],[[0. 0. 1. 0. 0. 0. 0. 0. 0. 0. 0. 0.]], [2],1
5, 19, [19],[[0.0001 0.     0.     0.     0.     0.9902 0.0084 0.0013 0.     0.
  0.     0.    ]], [5],1
7, 8, [8],[[0.0001 0.     0.     0.     0.     0.9997 0.0001 0.0001 0.     0.
  0.     0.    ]], [5],1
4, 17, [17  3 13  3 13  3 13],[[0.     0.     0.     0.     0.3652 0.     0.     0.     0.6348 0.
  0.     0.    ]
 [0.     0.     0.     0.     0.4383 0.     0.     0.     0.5617 0.
  0.     0.    ]
 [0.     0.     0.     0.     0.5103 0.     0.     0.     0.4897 0.
  0.     0.    ]
 [0.     0.     0.     0.     0.4383 0.     0.     0.     0.5617 0.
  0.     0.    ]
 [0.     0.     0.     0.     0.5103 0.     0.     0.     0.4897 0.
  0.     0.    ]
 [0.     0.     0.     0.     0.4383 0.     0.     0.     0.5617 0.
  0.     0.    ]
 [1.     1.     1.     1.     1.     1.     1.     1.     1.     1.
  1.     1.    ]], [8 8 4 8 4 8 4],7
2, 7, [7],[[0.0003 0.     0.     0.     0.     0.9995 0.0001 0.0001 0.     0.
  0.     0.    ]], [5],1
3, 16, [16],[[0.     0.     0.     0.9973 0.     0.     0.     0.0026 0.     0.
  0.     0.    ]], [3],1
9, 20, [20],[[0.     0.     0.     0.     0.0038 0.     0.     0.     0.0007 0.8729
  0.1223 0.0003]], [9],1
6, 8, [8],[[0.0004 0.9979 0.     0.0008 0.     0.0001 0.     0.     0.     0.0008
  0.     0.0001]], [1],1
4, 27, [27],[[0.     0.0003 0.     0.     0.9992 0.     0.     0.     0.0005 0.
  0.     0.    ]], [4],1
10, 12, [12],[[0.     0.     0.     0.     0.0002 0.     0.     0.     0.     0.
  0.9998 0.    ]], [10],1
5, 18, [18 13 24 13 24 13 24],[[0.6682 0.     0.0723 0.1398 0.     0.     0.0894 0.0303 0.     0.
  0.     0.    ]
 [0.2384 0.     0.     0.1909 0.     0.     0.3114 0.2593 0.     0.
  0.     0.    ]
 [0.3294 0.     0.     0.1363 0.     0.     0.3402 0.1942 0.     0.
  0.     0.    ]
 [0.2384 0.     0.     0.1909 0.     0.     0.3114 0.2593 0.     0.
  0.     0.    ]
 [0.3294 0.     0.     0.1363 0.     0.     0.3402 0.1942 0.     0.
  0.     0.    ]
 [0.2384 0.     0.     0.1909 0.     0.     0.3114 0.2593 0.     0.
  0.     0.    ]
 [1.     1.     1.     1.     1.     1.     1.     1.     1.     1.
  1.     1.    ]], [0 6 6 6 6 6 6],7
9, 16, [16],[[0. 0. 0. 0. 0. 0. 0. 0. 0. 1. 0. 0.]], [9],1
1, 24, [24],[[0.     0.9998 0.     0.0001 0.     0.     0.     0.     0.     0.
  0.     0.    ]], [1],1
9, 23, [23],[[0. 0. 1. 0. 0. 0. 0. 0. 0. 0. 0. 0.]], [2],1
8, 32, [32],[[0. 1. 0. 0. 0. 0. 0. 0. 0. 0. 0. 0.]], [1],1
11, 22, [22],[[0. 0. 0. 0. 0. 0. 0. 0. 0. 0. 0. 1.]], [11],1
9, 14, [14],[[0. 0. 0. 0. 0. 0. 0. 0. 0. 0. 1. 0.]], [10],1
4, 22, [22],[[0.     0.9998 0.     0.     0.0001 0.     0.     0.     0.     0.
  0.     0.    ]], [1],1
11, 26, [26],[[0. 0. 0. 0. 0. 0. 0. 0. 0. 0. 0. 1.]], [11],1
11, 11, [11],[[0.     0.     0.     0.     0.     0.     0.     0.     0.     0.
  0.0192 0.9807]], [11],1
7, 22, [22],[[0.     0.     0.     0.     0.     0.9382 0.0002 0.0001 0.     0.0615
  0.     0.    ]], [5],1
8, 25, [25 15],[[0.     0.     0.     0.     0.6848 0.     0.     0.     0.3152 0.
  0.     0.    ]
 [0.     0.     0.     0.     0.     0.     0.     0.     1.     0.
  0.     0.    ]], [4 8],2
0, 20, [20],[[0.0422 0.     0.0034 0.8067 0.     0.0502 0.0132 0.0844 0.     0.
  0.     0.    ]], [3],1
8, 27, [27],[[0.     0.     0.     0.     0.     0.     0.     0.     0.     0.
  0.0211 0.9788]], [11],1
6, 7, [ 7 13 24 13 24 13 24],[[0.1347 0.     0.     0.     0.     0.     0.315  0.5502 0.     0.
  0.     0.    ]
 [0.3647 0.     0.     0.     0.     0.     0.3482 0.2871 0.     0.
  0.     0.    ]
 [0.3607 0.     0.     0.     0.     0.     0.3446 0.2947 0.     0.
  0.     0.    ]
 [0.3647 0.     0.     0.     0.     0.     0.3482 0.2871 0.     0.
  0.     0.    ]
 [0.3607 0.     0.     0.     0.     0.     0.3446 0.2947 0.     0.
  0.     0.    ]
 [0.3647 0.     0.     0.     0.     0.     0.3482 0.2871 0.     0.
  0.     0.    ]
 [1.     1.     1.     1.     1.     1.     1.     1.     1.     1.
  1.     1.    ]], [7 0 0 0 0 0 0],7
11, 19, [19],[[0. 0. 0. 0. 0. 0. 0. 0. 0. 0. 0. 1.]], [11],1
3, 20, [20],[[0.0019 0.     0.939  0.0364 0.     0.0001 0.0082 0.0143 0.     0.
  0.     0.    ]], [2],1
7, 21, [21],[[0.     0.     0.     0.0001 0.     0.     0.     0.9997 0.     0.0001
  0.     0.    ]], [7],1
8, 2, [ 2  3 13],[[0.     0.     0.     0.     0.3281 0.     0.     0.     0.6719 0.
  0.     0.    ]
 [0.     0.     0.     0.     0.337  0.     0.     0.     0.663  0.
  0.     0.    ]
 [0.     0.     0.     0.     0.8381 0.     0.     0.     0.1619 0.
  0.     0.    ]], [8 8 4],3
9, 25, [25],[[0.     0.     0.     0.     0.0038 0.     0.     0.0007 0.0001 0.1796
  0.8158 0.    ]], [10],1
10, 13, [13],[[0.     0.     0.     0.     0.     0.     0.     0.     0.     0.
  0.9999 0.    ]], [10],1
0, 12, [12],[[0.9811 0.0013 0.0001 0.0072 0.0001 0.0007 0.0039 0.0055 0.0001 0.
  0.     0.    ]], [0],1
11, 4, [4],[[0. 0. 0. 0. 0. 0. 0. 0. 0. 0. 0. 1.]], [11],1
3, 11, [11],[[0. 0. 1. 0. 0. 0. 0. 0. 0. 0. 0. 0.]], [2],1
6, 32, [32],[[0.     0.     0.     0.     0.     0.     0.9997 0.     0.     0.
  0.     0.0003]], [6],1
5, 5, [5],[[0.0017 0.     0.0001 0.0001 0.     0.9979 0.0001 0.0002 0.     0.
  0.     0.    ]], [5],1
9, 6, [6],[[0. 0. 0. 0. 0. 0. 0. 0. 0. 1. 0. 0.]], [9],1
10, 2, [2],[[0. 0. 0. 0. 0. 0. 0. 0. 0. 0. 1. 0.]], [10],1
1, 1, [1],[[0.     0.9993 0.     0.     0.0002 0.     0.     0.     0.0003 0.
  0.     0.0001]], [1],1
4, 13, [13  3 13  3 13  3 13],[[0.     0.     0.     0.     0.5103 0.     0.     0.     0.4897 0.
  0.     0.    ]
 [0.     0.     0.     0.     0.4383 0.     0.     0.     0.5617 0.
  0.     0.    ]
 [0.     0.     0.     0.     0.5103 0.     0.     0.     0.4897 0.
  0.     0.    ]
 [0.     0.     0.     0.     0.4383 0.     0.     0.     0.5617 0.
  0.     0.    ]
 [0.     0.     0.     0.     0.5103 0.     0.     0.     0.4897 0.
  0.     0.    ]
 [0.     0.     0.     0.     0.4383 0.     0.     0.     0.5617 0.
  0.     0.    ]
 [1.     1.     1.     1.     1.     1.     1.     1.     1.     1.
  1.     1.    ]], [4 8 4 8 4 8 4],7
6, 10, [10],[[0.     0.     0.0001 0.     0.     0.0001 0.9998 0.     0.     0.
  0.     0.    ]], [6],1
7, 27, [27],[[0.0647 0.     0.     0.0005 0.     0.0014 0.     0.9328 0.     0.0007
  0.     0.    ]], [7],1
5, 31, [31],[[0.0001 0.     0.     0.     0.     0.0005 0.0232 0.9762 0.     0.
  0.     0.    ]], [7],1
6, 31, [31],[[0. 0. 1. 0. 0. 0. 0. 0. 0. 0. 0. 0.]], [2],1
10, 27, [27],[[0. 0. 0. 0. 0. 0. 0. 0. 0. 0. 1. 0.]], [10],1
6, 18, [18 13 24 13 24 13 24],[[0.2335 0.     0.267  0.2498 0.     0.     0.1132 0.1364 0.     0.
  0.     0.    ]
 [0.2527 0.     0.     0.3073 0.     0.     0.2412 0.1989 0.     0.
  0.     0.    ]
 [0.2497 0.     0.     0.3077 0.     0.     0.2386 0.204  0.     0.
  0.     0.    ]
 [0.2527 0.     0.     0.3073 0.     0.     0.2412 0.1989 0.     0.
  0.     0.    ]
 [0.2497 0.     0.     0.3077 0.     0.     0.2386 0.204  0.     0.
  0.     0.    ]
 [0.2527 0.     0.     0.3073 0.     0.     0.2412 0.1989 0.     0.
  0.     0.    ]
 [1.     1.     1.     1.     1.     1.     1.     1.     1.     1.
  1.     1.    ]], [2 3 3 3 3 3 3],7
10, 8, [8],[[0. 0. 0. 0. 0. 0. 0. 0. 0. 0. 1. 0.]], [10],1
0, 30, [30],[[0.0077 0.     0.991  0.0001 0.     0.     0.0004 0.0008 0.     0.
  0.     0.    ]], [2],1
2, 12, [12],[[0.0001 0.     0.     0.     0.     0.9993 0.0001 0.0005 0.     0.
  0.     0.    ]], [5],1
10, 16, [16 13],[[0.     0.     0.     0.     0.     0.6052 0.     0.3948 0.     0.
  0.     0.    ]
 [0.     0.     0.     0.     0.     0.0288 0.     0.9712 0.     0.
  0.     0.    ]], [5 7],2
3, 5, [5],[[0.0003 0.     0.9997 0.     0.     0.     0.     0.     0.     0.
  0.     0.    ]], [2],1
9, 21, [21 13],[[0.     0.     0.     0.     0.     0.     0.326  0.     0.     0.674
  0.     0.    ]
 [0.     0.     0.     0.     0.     0.     0.9954 0.     0.     0.0046
  0.     0.    ]], [9 6],2
10, 11, [11],[[0. 0. 0. 0. 0. 0. 0. 0. 0. 0. 1. 0.]], [10],1
4, 8, [ 8  3 13  3 13  3 13],[[0.     0.     0.     0.     0.6186 0.     0.     0.     0.3814 0.
  0.     0.    ]
 [0.     0.     0.     0.     0.4383 0.     0.     0.     0.5617 0.
  0.     0.    ]
 [0.     0.     0.     0.     0.5103 0.     0.     0.     0.4897 0.
  0.     0.    ]
 [0.     0.     0.     0.     0.4383 0.     0.     0.     0.5617 0.
  0.     0.    ]
 [0.     0.     0.     0.     0.5103 0.     0.     0.     0.4897 0.
  0.     0.    ]
 [0.     0.     0.     0.     0.4383 0.     0.     0.     0.5617 0.
  0.     0.    ]
 [1.     1.     1.     1.     1.     1.     1.     1.     1.     1.
  1.     1.    ]], [4 8 4 8 4 8 4],7
5, 29, [29],[[0.0004 0.     0.     0.     0.     0.9993 0.0001 0.0001 0.     0.0001
  0.     0.    ]], [5],1
4, 32, [32],[[0.     0.9935 0.     0.     0.0064 0.     0.     0.     0.0001 0.
  0.     0.    ]], [1],1
6, 22, [22],[[0.0001 0.     0.2168 0.0009 0.     0.0093 0.7089 0.0641 0.     0.
  0.     0.    ]], [6],1
8, 14, [14  3 13],[[0.     0.     0.     0.     0.607  0.     0.     0.     0.393  0.
  0.     0.    ]
 [0.     0.     0.     0.     0.337  0.     0.     0.     0.663  0.
  0.     0.    ]
 [0.     0.     0.     0.     0.8381 0.     0.     0.     0.1619 0.
  0.     0.    ]], [4 8 4],3
3, 10, [10],[[0.     0.     0.     0.0003 0.     0.     0.     0.9978 0.     0.
  0.0019 0.    ]], [7],1
5, 26, [26 13],[[0.     0.     0.7135 0.     0.     0.1779 0.1086 0.     0.     0.
  0.     0.    ]
 [0.     0.     0.     0.     0.     0.1137 0.8863 0.     0.     0.
  0.     0.    ]], [2 6],2
6, 23, [23 13  3],[[0.2248 0.     0.     0.2585 0.     0.2285 0.1315 0.1567 0.     0.
  0.     0.    ]
 [0.2098 0.     0.     0.2552 0.     0.1695 0.2003 0.1652 0.     0.
  0.     0.    ]
 [0.0001 0.     0.     0.     0.     0.9998 0.0001 0.     0.     0.
  0.     0.    ]], [3 3 5],3
4, 21, [21],[[0.     0.     0.     0.     0.9987 0.     0.     0.0002 0.0002 0.
  0.0009 0.    ]], [4],1
3, 24, [24],[[0.     0.     0.     0.     0.     0.     0.     0.     0.     0.
  0.7419 0.258 ]], [10],1
8, 10, [10],[[0.     0.0017 0.     0.     0.     0.     0.     0.     0.998  0.
  0.0002 0.    ]], [8],1
9, 3, [3],[[0.     0.     0.     0.     0.9832 0.     0.     0.     0.0167 0.
  0.     0.    ]], [4],1
9, 27, [27],[[0.     0.     0.     0.     0.     0.0002 0.     0.     0.     0.9998
  0.     0.    ]], [9],1
1, 4, [4],[[0. 1. 0. 0. 0. 0. 0. 0. 0. 0. 0. 0.]], [1],1
1, 16, [16],[[0. 1. 0. 0. 0. 0. 0. 0. 0. 0. 0. 0.]], [1],1
10, 3, [3],[[0.     0.     0.     0.     0.     0.     0.     0.     0.     0.
  0.9999 0.0001]], [10],1
1, 21, [21],[[0. 1. 0. 0. 0. 0. 0. 0. 0. 0. 0. 0.]], [1],1
0, 9, [9],[[0.     0.997  0.     0.     0.0029 0.     0.     0.     0.     0.
  0.     0.    ]], [1],1
4, 23, [23  3 13  3 13  3 13],[[0.     0.     0.     0.     0.5761 0.     0.     0.     0.4239 0.
  0.     0.    ]
 [0.     0.     0.     0.     0.4383 0.     0.     0.     0.5617 0.
  0.     0.    ]
 [0.     0.     0.     0.     0.5103 0.     0.     0.     0.4897 0.
  0.     0.    ]
 [0.     0.     0.     0.     0.4383 0.     0.     0.     0.5617 0.
  0.     0.    ]
 [0.     0.     0.     0.     0.5103 0.     0.     0.     0.4897 0.
  0.     0.    ]
 [0.     0.     0.     0.     0.4383 0.     0.     0.     0.5617 0.
  0.     0.    ]
 [1.     1.     1.     1.     1.     1.     1.     1.     1.     1.
  1.     1.    ]], [4 8 4 8 4 8 4],7
7, 31, [31],[[0.     0.     0.0005 0.7205 0.     0.1846 0.0001 0.0028 0.0915 0.
  0.     0.    ]], [3],1
4, 18, [18  3 13  3 13  3 13],[[0.     0.     0.     0.     0.4695 0.     0.     0.     0.5305 0.
  0.     0.    ]
 [0.     0.     0.     0.     0.4383 0.     0.     0.     0.5617 0.
  0.     0.    ]
 [0.     0.     0.     0.     0.5103 0.     0.     0.     0.4897 0.
  0.     0.    ]
 [0.     0.     0.     0.     0.4383 0.     0.     0.     0.5617 0.
  0.     0.    ]
 [0.     0.     0.     0.     0.5103 0.     0.     0.     0.4897 0.
  0.     0.    ]
 [0.     0.     0.     0.     0.4383 0.     0.     0.     0.5617 0.
  0.     0.    ]
 [1.     1.     1.     1.     1.     1.     1.     1.     1.     1.
  1.     1.    ]], [8 8 4 8 4 8 4],7
8, 1, [1],[[0.     0.9986 0.     0.     0.0012 0.     0.     0.     0.0002 0.
  0.     0.    ]], [1],1
2, 17, [17 13],[[0.3302 0.     0.0608 0.2027 0.     0.     0.1493 0.2571 0.     0.
  0.     0.    ]
 [0.0001 0.     0.9999 0.     0.     0.     0.     0.     0.     0.
  0.     0.    ]], [0 2],2
3, 27, [27],[[0.     0.     0.     0.9999 0.     0.     0.     0.0001 0.     0.
  0.     0.    ]], [3],1
9, 12, [12],[[0.     0.     0.     0.     0.     0.     0.     0.     0.     0.
  0.0157 0.9843]], [11],1
3, 12, [12 13],[[0.     0.     0.0419 0.4381 0.     0.     0.3785 0.1415 0.     0.
  0.     0.    ]
 [0.     0.     1.     0.     0.     0.     0.     0.     0.     0.
  0.     0.    ]], [3 2],2
8, 24, [24  3 13],[[0.     0.     0.     0.     0.4134 0.     0.     0.     0.5866 0.
  0.     0.    ]
 [0.     0.     0.     0.     0.337  0.     0.     0.     0.663  0.
  0.     0.    ]
 [0.     0.     0.     0.     0.8381 0.     0.     0.     0.1619 0.
  0.     0.    ]], [8 8 4],3
1, 13, [13],[[0.     0.9996 0.     0.0003 0.     0.     0.     0.0001 0.     0.
  0.     0.    ]], [1],1
11, 24, [24],[[0.     0.     0.     0.     0.     0.     0.     0.     0.     0.0001
  0.0206 0.9793]], [11],1
3, 7, [7],[[0. 0. 1. 0. 0. 0. 0. 0. 0. 0. 0. 0.]], [2],1
6, 16, [16],[[0. 0. 0. 0. 0. 0. 1. 0. 0. 0. 0. 0.]], [6],1
4, 28, [28],[[0. 0. 0. 0. 1. 0. 0. 0. 0. 0. 0. 0.]], [4],1
9, 18, [18],[[0.     0.     0.0012 0.     0.     0.     0.     0.     0.     0.
  0.     0.9988]], [11],1
10, 5, [5],[[0. 0. 0. 0. 0. 0. 0. 0. 0. 0. 1. 0.]], [10],1
7, 3, [3],[[0.     0.     0.     0.     0.9984 0.     0.     0.     0.0016 0.
  0.     0.    ]], [4],1
2, 25, [25],[[0.0003 0.     0.9328 0.     0.     0.0036 0.0631 0.0001 0.     0.
  0.     0.    ]], [2],1
9, 32, [32],[[0.     0.     0.     0.     0.     0.0001 0.     0.0002 0.     0.9997
  0.     0.    ]], [9],1
10, 17, [17],[[0. 0. 0. 0. 0. 0. 0. 0. 0. 0. 1. 0.]], [10],1
9, 15, [15],[[0.     0.     0.     0.     0.     0.     0.0001 0.     0.     0.9998
  0.     0.    ]], [9],1
8, 23, [23  3 13],[[0.     0.     0.     0.     0.5572 0.     0.     0.     0.4428 0.
  0.     0.    ]
 [0.     0.     0.     0.     0.337  0.     0.     0.     0.663  0.
  0.     0.    ]
 [0.     0.     0.     0.     0.8381 0.     0.     0.     0.1619 0.
  0.     0.    ]], [4 8 4],3
10, 22, [22],[[0.     0.     0.     0.     0.     0.     0.     0.     0.     0.
  0.0053 0.9946]], [11],1
5, 20, [20 13 24 13 24 13 24],[[0.1386 0.     0.1357 0.0288 0.     0.     0.2241 0.4728 0.     0.
  0.     0.    ]
 [0.2384 0.     0.     0.1909 0.     0.     0.3114 0.2593 0.     0.
  0.     0.    ]
 [0.3294 0.     0.     0.1363 0.     0.     0.3402 0.1942 0.     0.
  0.     0.    ]
 [0.2384 0.     0.     0.1909 0.     0.     0.3114 0.2593 0.     0.
  0.     0.    ]
 [0.3294 0.     0.     0.1363 0.     0.     0.3402 0.1942 0.     0.
  0.     0.    ]
 [0.2384 0.     0.     0.1909 0.     0.     0.3114 0.2593 0.     0.
  0.     0.    ]
 [1.     1.     1.     1.     1.     1.     1.     1.     1.     1.
  1.     1.    ]], [7 6 6 6 6 6 6],7
1, 11, [11],[[0.     0.9998 0.     0.     0.0001 0.     0.     0.     0.0001 0.
  0.     0.    ]], [1],1
11, 20, [20],[[0.     0.     0.     0.     0.     0.     0.     0.     0.     0.
  0.9998 0.0002]], [10],1
5, 9, [9],[[0.0003 0.     0.     0.     0.     0.9996 0.     0.     0.     0.0001
  0.     0.    ]], [5],1
2, 29, [29],[[0. 0. 1. 0. 0. 0. 0. 0. 0. 0. 0. 0.]], [2],1
8, 7, [7],[[0.     0.0001 0.     0.0001 0.7833 0.     0.     0.0011 0.2135 0.
  0.0019 0.    ]], [4],1
7, 12, [12],[[0.0003 0.     0.0007 0.     0.     0.0587 0.7776 0.1627 0.     0.
  0.     0.    ]], [6],1
6, 19, [19],[[0.9998 0.     0.     0.     0.     0.0001 0.     0.0001 0.     0.
  0.     0.    ]], [0],1
3, 23, [23],[[0. 0. 1. 0. 0. 0. 0. 0. 0. 0. 0. 0.]], [2],1
7, 4, [4],[[0.     0.     0.     0.     0.     0.0333 0.0097 0.9568 0.     0.0002
  0.     0.    ]], [7],1
5, 21, [21 13 24 13 24 13 24],[[0.     0.     0.     0.     0.     0.2658 0.0536 0.6445 0.     0.0361
  0.     0.    ]
 [0.     0.     0.     0.     0.     0.0654 0.51   0.4246 0.     0.
  0.     0.    ]
 [0.     0.     0.     0.     0.     0.4586 0.3446 0.1967 0.     0.
  0.     0.    ]
 [0.     0.     0.     0.     0.     0.0654 0.51   0.4246 0.     0.
  0.     0.    ]
 [0.     0.     0.     0.     0.     0.4586 0.3446 0.1967 0.     0.
  0.     0.    ]
 [0.     0.     0.     0.     0.     0.0654 0.51   0.4246 0.     0.
  0.     0.    ]
 [1.     1.     1.     1.     1.     1.     1.     1.     1.     1.
  1.     1.    ]], [7 6 5 6 5 6 5],7
6, 5, [5],[[0.0012 0.     0.     0.0001 0.     0.9985 0.0001 0.0001 0.     0.
  0.     0.    ]], [5],1
5, 1, [ 1 13 24 13 24 13 24],[[0.1264 0.     0.     0.     0.     0.1588 0.3159 0.3989 0.     0.
  0.     0.    ]
 [0.2808 0.     0.     0.     0.     0.047  0.3668 0.3054 0.     0.
  0.     0.    ]
 [0.2502 0.     0.     0.     0.     0.3439 0.2584 0.1475 0.     0.
  0.     0.    ]
 [0.2808 0.     0.     0.     0.     0.047  0.3668 0.3054 0.     0.
  0.     0.    ]
 [0.2502 0.     0.     0.     0.     0.3439 0.2584 0.1475 0.     0.
  0.     0.    ]
 [0.2808 0.     0.     0.     0.     0.047  0.3668 0.3054 0.     0.
  0.     0.    ]
 [1.     1.     1.     1.     1.     1.     1.     1.     1.     1.
  1.     1.    ]], [7 6 5 6 5 6 5],7
2, 30, [30],[[0.8497 0.     0.0677 0.0002 0.     0.0003 0.0275 0.0547 0.     0.
  0.     0.    ]], [0],1
5, 7, [7],[[0.0083 0.     0.     0.     0.     0.9533 0.0117 0.0267 0.     0.
  0.     0.    ]], [5],1
7, 25, [25],[[0.0001 0.     0.     0.     0.     0.9996 0.0002 0.0001 0.     0.
  0.     0.    ]], [5],1
5, 10, [10],[[0.     0.     0.     0.     0.     0.9961 0.     0.     0.     0.
  0.0039 0.    ]], [5],1
5, 25, [25],[[0.     0.     0.     0.     0.     0.9997 0.0002 0.0001 0.     0.
  0.     0.    ]], [5],1
4, 1, [ 1  3 13  3 13  3 13],[[0.     0.     0.     0.     0.6044 0.     0.     0.     0.3956 0.
  0.     0.    ]
 [0.     0.     0.     0.     0.4383 0.     0.     0.     0.5617 0.
  0.     0.    ]
 [0.     0.     0.     0.     0.5103 0.     0.     0.     0.4897 0.
  0.     0.    ]
 [0.     0.     0.     0.     0.4383 0.     0.     0.     0.5617 0.
  0.     0.    ]
 [0.     0.     0.     0.     0.5103 0.     0.     0.     0.4897 0.
  0.     0.    ]
 [0.     0.     0.     0.     0.4383 0.     0.     0.     0.5617 0.
  0.     0.    ]
 [1.     1.     1.     1.     1.     1.     1.     1.     1.     1.
  1.     1.    ]], [4 8 4 8 4 8 4],7
5, 17, [17],[[0.     0.     0.     0.     0.     0.9996 0.0002 0.     0.     0.0001
  0.     0.    ]], [5],1
6, 20, [20],[[0.0002 0.     0.     0.     0.     0.8371 0.0001 0.     0.     0.1627
  0.     0.    ]], [5],1
1, 28, [28],[[0.     0.115  0.     0.0001 0.005  0.0133 0.     0.0004 0.8661 0.
  0.     0.    ]], [8],1
2, 16, [16],[[0. 0. 1. 0. 0. 0. 0. 0. 0. 0. 0. 0.]], [2],1
0, 17, [17],[[0.0002 0.     0.     0.     0.     0.8853 0.0001 0.0041 0.     0.1103
  0.     0.    ]], [5],1
11, 18, [18],[[0. 0. 0. 0. 0. 0. 0. 0. 0. 0. 0. 1.]], [11],1
7, 1, [ 1 13 24 13],[[0.3745 0.     0.     0.     0.     0.     0.3206 0.3048 0.     0.
  0.     0.    ]
 [0.4926 0.     0.     0.     0.     0.     0.3929 0.1144 0.     0.
  0.     0.    ]
 [0.     0.     0.     0.     0.     0.     0.6125 0.3875 0.     0.
  0.     0.    ]
 [0.     0.     0.     0.     0.     0.     0.7745 0.2255 0.     0.
  0.     0.    ]], [0 0 6 6],4
0, 5, [ 5 13],[[0.31   0.     0.1849 0.3509 0.     0.     0.0788 0.0753 0.     0.
  0.     0.    ]
 [0.0001 0.     0.0416 0.     0.     0.     0.9577 0.0006 0.     0.
  0.     0.    ]], [3 6],2
7, 23, [23],[[0. 0. 1. 0. 0. 0. 0. 0. 0. 0. 0. 0.]], [2],1
1, 20, [20],[[0.     0.9995 0.     0.0001 0.0001 0.     0.     0.     0.0002 0.
  0.     0.0001]], [1],1
4, 24, [24],[[0.     0.     0.     0.     0.0003 0.     0.     0.     0.     0.
  0.9997 0.    ]], [10],1
0, 10, [10],[[1. 0. 0. 0. 0. 0. 0. 0. 0. 0. 0. 0.]], [0],1
9, 31, [31],[[0.     0.     0.     0.     0.     0.     0.     0.     0.     0.9983
  0.0017 0.    ]], [9],1
2, 31, [31],[[0.     0.     0.0001 0.8482 0.0001 0.0816 0.     0.0004 0.0695 0.
  0.     0.    ]], [3],1
9, 24, [24],[[0.     0.     0.     0.     0.     0.     0.     0.     0.     0.
  0.     0.9999]], [11],1
3, 29, [29],[[0.     0.     0.     0.9999 0.     0.     0.     0.0001 0.     0.
  0.     0.    ]], [3],1
8, 17, [17  3 13],[[0.     0.     0.     0.     0.3953 0.     0.     0.     0.6047 0.
  0.     0.    ]
 [0.     0.     0.     0.     0.337  0.     0.     0.     0.663  0.
  0.     0.    ]
 [0.     0.     0.     0.     0.8381 0.     0.     0.     0.1619 0.
  0.     0.    ]], [8 8 4],3
1, 32, [32],[[0.     0.9857 0.0002 0.     0.0002 0.     0.     0.     0.0138 0.
  0.     0.    ]], [1],1
9, 10, [10],[[0.     0.     0.     0.     0.     0.0002 0.     0.     0.     0.9998
  0.     0.    ]], [9],1
5, 16, [16],[[0.0001 0.     0.     0.     0.     0.9985 0.0001 0.0014 0.     0.
  0.     0.    ]], [5],1
2, 22, [22],[[0. 0. 1. 0. 0. 0. 0. 0. 0. 0. 0. 0.]], [2],1
7, 13, [13],[[0. 0. 1. 0. 0. 0. 0. 0. 0. 0. 0. 0.]], [2],1
7, 5, [5],[[0.7486 0.     0.0047 0.0079 0.     0.0016 0.1231 0.1141 0.     0.
  0.     0.    ]], [0],1
3, 28, [28],[[0.     0.0003 0.     0.9997 0.     0.     0.     0.     0.     0.
  0.     0.    ]], [3],1
0, 21, [21],[[0.9911 0.     0.     0.0001 0.     0.     0.     0.0088 0.     0.
  0.     0.    ]], [0],1
7, 14, [14],[[0.0067 0.     0.9925 0.0004 0.     0.     0.0002 0.0002 0.     0.
  0.     0.    ]], [2],1
0, 14, [14 13],[[0.6539 0.     0.2545 0.     0.     0.     0.0477 0.0439 0.     0.
  0.     0.    ]
 [0.0001 0.     0.0416 0.     0.     0.     0.9577 0.0006 0.     0.
  0.     0.    ]], [0 6],2
1, 10, [10],[[0. 1. 0. 0. 0. 0. 0. 0. 0. 0. 0. 0.]], [1],1
0, 32, [32],[[0.9791 0.     0.     0.0136 0.     0.     0.0012 0.0052 0.     0.0008
  0.     0.    ]], [0],1
2, 4, [4],[[0. 0. 1. 0. 0. 0. 0. 0. 0. 0. 0. 0.]], [2],1
8, 8, [ 8  3 13],[[0.     0.     0.     0.     0.5819 0.     0.     0.     0.4181 0.
  0.     0.    ]
 [0.     0.     0.     0.     0.337  0.     0.     0.     0.663  0.
  0.     0.    ]
 [0.     0.     0.     0.     0.8381 0.     0.     0.     0.1619 0.
  0.     0.    ]], [4 8 4],3
3, 4, [4],[[0.     0.     0.     0.943  0.     0.     0.     0.0559 0.     0.0001
  0.001  0.    ]], [3],1
11, 13, [13],[[0.     0.     0.0094 0.     0.     0.     0.     0.     0.     0.
  0.     0.9906]], [11],1
0, 7, [7 3],[[0.5939 0.     0.     0.4061 0.     0.     0.     0.     0.     0.
  0.     0.    ]
 [0.0282 0.     0.     0.9718 0.     0.     0.     0.     0.     0.
  0.     0.    ]], [0 3],2
9, 19, [19],[[0.     0.     0.     0.     0.     0.     0.     0.     0.     0.9999
  0.     0.0001]], [9],1
9, 13, [13],[[0. 0. 1. 0. 0. 0. 0. 0. 0. 0. 0. 0.]], [2],1
10, 15, [15],[[0. 0. 0. 0. 0. 0. 0. 0. 0. 0. 1. 0.]], [10],1
10, 24, [24],[[0.     0.     0.     0.     0.     0.     0.     0.     0.     0.
  0.9999 0.0001]], [10],1
7, 16, [16],[[0.     0.     0.     0.     0.     0.     0.     0.9991 0.     0.0009
  0.     0.    ]], [7],1
0, 3, [3],[[0.     0.9115 0.     0.     0.0795 0.     0.     0.0001 0.0087 0.
  0.     0.0001]], [1],1
1, 18, [18],[[0.     0.9999 0.     0.     0.     0.     0.     0.     0.     0.
  0.     0.    ]], [1],1
1, 14, [14],[[0.     0.9993 0.     0.     0.0003 0.     0.     0.     0.0003 0.
  0.     0.0001]], [1],1
6, 15, [15],[[0. 0. 0. 0. 0. 0. 1. 0. 0. 0. 0. 0.]], [6],1
9, 4, [4],[[0. 0. 0. 0. 0. 0. 1. 0. 0. 0. 0. 0.]], [6],1
4, 7, [ 7  3 13  3 13  3 13],[[0.     0.     0.     0.     0.4325 0.     0.     0.     0.5675 0.
  0.     0.    ]
 [0.     0.     0.     0.     0.4383 0.     0.     0.     0.5617 0.
  0.     0.    ]
 [0.     0.     0.     0.     0.5103 0.     0.     0.     0.4897 0.
  0.     0.    ]
 [0.     0.     0.     0.     0.4383 0.     0.     0.     0.5617 0.
  0.     0.    ]
 [0.     0.     0.     0.     0.5103 0.     0.     0.     0.4897 0.
  0.     0.    ]
 [0.     0.     0.     0.     0.4383 0.     0.     0.     0.5617 0.
  0.     0.    ]
 [1.     1.     1.     1.     1.     1.     1.     1.     1.     1.
  1.     1.    ]], [8 8 4 8 4 8 4],7
2, 3, [ 3 13],[[0.296  0.     0.     0.3096 0.     0.     0.1856 0.2089 0.     0.
  0.     0.    ]
 [0.9569 0.     0.     0.0089 0.     0.     0.0178 0.0164 0.     0.
  0.     0.    ]], [3 0],2
4, 16, [16],[[0.     0.0006 0.     0.     0.9989 0.     0.     0.     0.0005 0.
  0.     0.    ]], [4],1
0, 15, [15],[[0.9936 0.     0.     0.0001 0.     0.0004 0.0001 0.0058 0.     0.
  0.     0.    ]], [0],1
5, 22, [22],[[0.0002 0.     0.0001 0.     0.     0.7984 0.0029 0.1984 0.     0.
  0.     0.    ]], [5],1
4, 25, [25  3 13  3 13  3 13],[[0.     0.     0.     0.     0.4814 0.     0.     0.     0.5186 0.
  0.     0.    ]
 [0.     0.     0.     0.     0.4383 0.     0.     0.     0.5617 0.
  0.     0.    ]
 [0.     0.     0.     0.     0.5103 0.     0.     0.     0.4897 0.
  0.     0.    ]
 [0.     0.     0.     0.     0.4383 0.     0.     0.     0.5617 0.
  0.     0.    ]
 [0.     0.     0.     0.     0.5103 0.     0.     0.     0.4897 0.
  0.     0.    ]
 [0.     0.     0.     0.     0.4383 0.     0.     0.     0.5617 0.
  0.     0.    ]
 [1.     1.     1.     1.     1.     1.     1.     1.     1.     1.
  1.     1.    ]], [8 8 4 8 4 8 4],7
10, 28, [28],[[0. 0. 0. 0. 0. 0. 0. 0. 0. 0. 1. 0.]], [10],1
6, 2, [ 2 13  3],[[0.2257 0.     0.     0.2478 0.     0.0388 0.3032 0.1845 0.     0.
  0.     0.    ]
 [0.2098 0.     0.     0.2552 0.     0.1695 0.2003 0.1652 0.     0.
  0.     0.    ]
 [0.0001 0.     0.     0.     0.     0.9998 0.0001 0.     0.     0.
  0.     0.    ]], [6 3 5],3
6, 21, [21],[[0.     0.     0.0001 0.     0.     0.     0.9999 0.     0.     0.
  0.     0.    ]], [6],1
2, 19, [19],[[0. 0. 1. 0. 0. 0. 0. 0. 0. 0. 0. 0.]], [2],1
7, 32, [32],[[0.0009 0.     0.0008 0.     0.     0.0001 0.     0.     0.     0.
  0.9981 0.    ]], [10],1
1, 22, [22],[[0.     0.9663 0.     0.     0.0333 0.     0.     0.     0.0003 0.
  0.     0.    ]], [1],1
11, 9, [9],[[0. 0. 0. 0. 0. 0. 0. 0. 0. 0. 0. 1.]], [11],1
5, 24, [24 13 24 13 24 13 24],[[0.2267 0.     0.     0.0938 0.     0.3116 0.2342 0.1337 0.     0.
  0.     0.    ]
 [0.2293 0.     0.     0.1835 0.     0.0384 0.2995 0.2493 0.     0.
  0.     0.    ]
 [0.2267 0.     0.     0.0938 0.     0.3116 0.2342 0.1337 0.     0.
  0.     0.    ]
 [0.2293 0.     0.     0.1835 0.     0.0384 0.2995 0.2493 0.     0.
  0.     0.    ]
 [0.2267 0.     0.     0.0938 0.     0.3116 0.2342 0.1337 0.     0.
  0.     0.    ]
 [0.2293 0.     0.     0.1835 0.     0.0384 0.2995 0.2493 0.     0.
  0.     0.    ]
 [1.     1.     1.     1.     1.     1.     1.     1.     1.     1.
  1.     1.    ]], [5 6 5 6 5 6 5],7
0, 31, [31],[[0.9988 0.     0.     0.0004 0.     0.0003 0.0001 0.0004 0.     0.
  0.     0.    ]], [0],1
3, 1, [1],[[0.0007 0.     0.999  0.0002 0.     0.     0.0001 0.0001 0.     0.
  0.     0.    ]], [2],1
6, 6, [ 6 13 24 13 24 13 24],[[0.262  0.     0.     0.5163 0.     0.     0.0407 0.181  0.     0.
  0.     0.    ]
 [0.2527 0.     0.     0.3073 0.     0.     0.2412 0.1989 0.     0.
  0.     0.    ]
 [0.2497 0.     0.     0.3077 0.     0.     0.2386 0.204  0.     0.
  0.     0.    ]
 [0.2527 0.     0.     0.3073 0.     0.     0.2412 0.1989 0.     0.
  0.     0.    ]
 [0.2497 0.     0.     0.3077 0.     0.     0.2386 0.204  0.     0.
  0.     0.    ]
 [0.2527 0.     0.     0.3073 0.     0.     0.2412 0.1989 0.     0.
  0.     0.    ]
 [1.     1.     1.     1.     1.     1.     1.     1.     1.     1.
  1.     1.    ]], [3 3 3 3 3 3 3],7
9, 1, [1],[[0. 0. 0. 0. 0. 0. 0. 0. 0. 0. 1. 0.]], [10],1
9, 2, [2],[[0. 0. 0. 0. 0. 0. 0. 0. 0. 0. 0. 1.]], [11],1
5, 12, [12],[[0.0001 0.     0.9808 0.     0.     0.0082 0.0104 0.0005 0.     0.
  0.     0.    ]], [2],1
5, 28, [28],[[0.     0.     0.     0.     0.     0.9042 0.0953 0.0002 0.     0.0004
  0.     0.    ]], [5],1
5, 2, [ 2 13 24 13 24 13 24],[[0.6255 0.     0.     0.2125 0.     0.     0.1131 0.0489 0.     0.
  0.     0.    ]
 [0.2384 0.     0.     0.1909 0.     0.     0.3114 0.2593 0.     0.
  0.     0.    ]
 [0.3294 0.     0.     0.1363 0.     0.     0.3402 0.1942 0.     0.
  0.     0.    ]
 [0.2384 0.     0.     0.1909 0.     0.     0.3114 0.2593 0.     0.
  0.     0.    ]
 [0.3294 0.     0.     0.1363 0.     0.     0.3402 0.1942 0.     0.
  0.     0.    ]
 [0.2384 0.     0.     0.1909 0.     0.     0.3114 0.2593 0.     0.
  0.     0.    ]
 [1.     1.     1.     1.     1.     1.     1.     1.     1.     1.
  1.     1.    ]], [0 6 6 6 6 6 6],7
5, 32, [32],[[0.     0.     0.     0.     0.     0.0195 0.     0.0049 0.     0.9751
  0.     0.0005]], [9],1
9, 7, [7],[[0.     0.     0.     0.     0.     0.     0.0001 0.     0.     0.0005
  0.     0.9994]], [11],1
0, 23, [23],[[0.     0.     0.     0.     0.     0.     0.0001 0.     0.     0.999
  0.     0.0009]], [9],1
1, 9, [9],[[0.     0.9999 0.     0.     0.     0.     0.     0.     0.     0.
  0.     0.    ]], [1],1
2, 15, [15],[[0. 0. 1. 0. 0. 0. 0. 0. 0. 0. 0. 0.]], [2],1
11, 28, [28],[[0.     0.0023 0.0006 0.1772 0.     0.0175 0.     0.     0.7764 0.
  0.0259 0.    ]], [8],1
11, 8, [8],[[0. 0. 0. 0. 0. 0. 0. 0. 0. 0. 0. 1.]], [11],1
11, 10, [10],[[0. 0. 0. 0. 0. 0. 0. 0. 0. 0. 0. 1.]], [11],1
10, 18, [18],[[0. 0. 0. 0. 0. 0. 0. 0. 0. 0. 1. 0.]], [10],1
3, 21, [21],[[0.     0.     0.     0.9993 0.     0.     0.     0.0007 0.     0.
  0.     0.    ]], [3],1
6, 25, [25],[[0.0001 0.     0.     0.     0.     0.9994 0.0001 0.     0.     0.0004
  0.     0.    ]], [5],1
4, 14, [14  3 13  3 13  3 13],[[0.     0.     0.     0.     0.5727 0.     0.     0.     0.4273 0.
  0.     0.    ]
 [0.     0.     0.     0.     0.4383 0.     0.     0.     0.5617 0.
  0.     0.    ]
 [0.     0.     0.     0.     0.5103 0.     0.     0.     0.4897 0.
  0.     0.    ]
 [0.     0.     0.     0.     0.4383 0.     0.     0.     0.5617 0.
  0.     0.    ]
 [0.     0.     0.     0.     0.5103 0.     0.     0.     0.4897 0.
  0.     0.    ]
 [0.     0.     0.     0.     0.4383 0.     0.     0.     0.5617 0.
  0.     0.    ]
 [1.     1.     1.     1.     1.     1.     1.     1.     1.     1.
  1.     1.    ]], [4 8 4 8 4 8 4],7
2, 28, [28],[[0. 0. 1. 0. 0. 0. 0. 0. 0. 0. 0. 0.]], [2],1
6, 30, [30 13 24 13 24 13 24],[[0.0274 0.     0.5725 0.     0.     0.     0.1233 0.2768 0.     0.
  0.     0.    ]
 [0.3647 0.     0.     0.     0.     0.     0.3482 0.2871 0.     0.
  0.     0.    ]
 [0.3607 0.     0.     0.     0.     0.     0.3446 0.2947 0.     0.
  0.     0.    ]
 [0.3647 0.     0.     0.     0.     0.     0.3482 0.2871 0.     0.
  0.     0.    ]
 [0.3607 0.     0.     0.     0.     0.     0.3446 0.2947 0.     0.
  0.     0.    ]
 [0.3647 0.     0.     0.     0.     0.     0.3482 0.2871 0.     0.
  0.     0.    ]
 [1.     1.     1.     1.     1.     1.     1.     1.     1.     1.
  1.     1.    ]], [2 0 0 0 0 0 0],7
10, 31, [31],[[0.     0.     0.     0.     0.0003 0.     0.     0.     0.9997 0.
  0.     0.    ]], [8],1
10, 20, [20],[[0. 0. 0. 0. 0. 0. 0. 0. 0. 0. 1. 0.]], [10],1
11, 30, [30],[[0. 0. 0. 0. 0. 0. 0. 0. 0. 0. 0. 1.]], [11],1
8, 16, [16],[[0. 1. 0. 0. 0. 0. 0. 0. 0. 0. 0. 0.]], [1],1
2, 21, [21],[[0. 0. 1. 0. 0. 0. 0. 0. 0. 0. 0. 0.]], [2],1
9, 9, [9],[[0.     0.     0.1978 0.     0.     0.     0.     0.     0.     0.
  0.     0.8022]], [11],1
6, 3, [3],[[0.0001 0.     0.     0.     0.     0.9997 0.0001 0.     0.     0.0001
  0.     0.    ]], [5],1
10, 19, [19],[[0. 0. 0. 0. 0. 0. 0. 0. 0. 0. 1. 0.]], [10],1
1, 29, [29],[[0.     0.     0.     0.     0.0002 0.0001 0.     0.     0.9997 0.
  0.     0.    ]], [8],1
6, 12, [12],[[0.     0.     0.     0.     0.     0.9992 0.0002 0.     0.     0.0005
  0.     0.    ]], [5],1
1, 26, [26],[[0. 1. 0. 0. 0. 0. 0. 0. 0. 0. 0. 0.]], [1],1
5, 13, [13 24 13 24 13 24 13],[[0.2293 0.     0.     0.1835 0.     0.0384 0.2995 0.2493 0.     0.
  0.     0.    ]
 [0.2267 0.     0.     0.0938 0.     0.3116 0.2342 0.1337 0.     0.
  0.     0.    ]
 [0.2293 0.     0.     0.1835 0.     0.0384 0.2995 0.2493 0.     0.
  0.     0.    ]
 [0.2267 0.     0.     0.0938 0.     0.3116 0.2342 0.1337 0.     0.
  0.     0.    ]
 [0.2293 0.     0.     0.1835 0.     0.0384 0.2995 0.2493 0.     0.
  0.     0.    ]
 [0.2267 0.     0.     0.0938 0.     0.3116 0.2342 0.1337 0.     0.
  0.     0.    ]
 [1.     1.     1.     1.     1.     1.     1.     1.     1.     1.
  1.     1.    ]], [6 5 6 5 6 5 6],7
8, 15, [15],[[0.     0.     0.     0.     0.     0.     0.     0.     0.9999 0.
  0.     0.    ]], [8],1
1, 23, [23],[[0.     0.9981 0.     0.0015 0.     0.     0.     0.0002 0.     0.
  0.     0.    ]], [1],1
9, 30, [30],[[0. 0. 0. 0. 0. 0. 0. 0. 0. 1. 0. 0.]], [9],1
5, 8, [8],[[0.0172 0.     0.     0.0002 0.     0.9583 0.0075 0.0167 0.     0.
  0.     0.    ]], [5],1
3, 15, [15],[[0.     0.     0.     0.9452 0.     0.0001 0.     0.0176 0.     0.0371
  0.     0.    ]], [3],1
0, 1, [1],[[0.9966 0.     0.     0.0001 0.     0.001  0.0007 0.0017 0.     0.
  0.     0.    ]], [0],1
4, 26, [26],[[0. 0. 0. 0. 1. 0. 0. 0. 0. 0. 0. 0.]], [4],1
2, 1, [1],[[0. 0. 1. 0. 0. 0. 0. 0. 0. 0. 0. 0.]], [2],1
0, 24, [24],[[0.     0.     0.     0.     0.     0.     0.     0.     0.     0.0015
  0.0001 0.9984]], [11],1
10, 32, [32],[[0.     0.     0.0001 0.     0.     0.     0.     0.     0.     0.
  0.9999 0.    ]], [10],1
1, 27, [27],[[0. 1. 0. 0. 0. 0. 0. 0. 0. 0. 0. 0.]], [1],1
3, 25, [25],[[0.0001 0.9325 0.     0.0494 0.0029 0.0001 0.     0.0079 0.0062 0.
  0.     0.001 ]], [1],1
7, 30, [30 13 24 13 24 13 24],[[0.     0.     0.     0.     0.     0.1361 0.318  0.546  0.     0.
  0.     0.    ]
 [0.     0.     0.     0.     0.     0.2053 0.6155 0.1792 0.     0.
  0.     0.    ]
 [0.     0.     0.     0.     0.     0.5983 0.246  0.1556 0.     0.
  0.     0.    ]
 [0.     0.     0.     0.     0.     0.2053 0.6155 0.1792 0.     0.
  0.     0.    ]
 [0.     0.     0.     0.     0.     0.5983 0.246  0.1556 0.     0.
  0.     0.    ]
 [0.     0.     0.     0.     0.     0.2053 0.6155 0.1792 0.     0.
  0.     0.    ]
 [1.     1.     1.     1.     1.     1.     1.     1.     1.     1.
  1.     1.    ]], [7 6 5 6 5 6 5],7
4, 19, [19],[[0.     0.     0.     0.     0.2593 0.     0.     0.     0.7406 0.
  0.     0.    ]], [8],1
11, 29, [29],[[0.     0.     0.     0.     0.     0.     0.     0.     0.0002 0.
  0.9998 0.    ]], [10],1
1, 2, [2],[[0.     0.9998 0.     0.     0.     0.     0.     0.     0.     0.
  0.     0.    ]], [1],1
2, 27, [27],[[0. 0. 1. 0. 0. 0. 0. 0. 0. 0. 0. 0.]], [2],1
0, 6, [6],[[0.0005 0.     0.0001 0.     0.     0.9878 0.0007 0.0108 0.     0.
  0.     0.    ]], [5],1
2, 13, [13],[[0.0001 0.     0.9999 0.     0.     0.     0.     0.     0.     0.
  0.     0.    ]], [2],1
0, 27, [27],[[0.     0.     0.     0.     0.     0.0001 0.     0.9998 0.     0.
  0.     0.    ]], [7],1
4, 20, [20  3 13  3 13  3 13],[[0.     0.     0.     0.     0.6372 0.     0.     0.     0.3628 0.
  0.     0.    ]
 [0.     0.     0.     0.     0.4383 0.     0.     0.     0.5617 0.
  0.     0.    ]
 [0.     0.     0.     0.     0.5103 0.     0.     0.     0.4897 0.
  0.     0.    ]
 [0.     0.     0.     0.     0.4383 0.     0.     0.     0.5617 0.
  0.     0.    ]
 [0.     0.     0.     0.     0.5103 0.     0.     0.     0.4897 0.
  0.     0.    ]
 [0.     0.     0.     0.     0.4383 0.     0.     0.     0.5617 0.
  0.     0.    ]
 [1.     1.     1.     1.     1.     1.     1.     1.     1.     1.
  1.     1.    ]], [4 8 4 8 4 8 4],7
4, 10, [10],[[0.     0.001  0.     0.     0.9975 0.     0.     0.     0.0015 0.
  0.     0.    ]], [4],1
2, 20, [20],[[0. 0. 1. 0. 0. 0. 0. 0. 0. 0. 0. 0.]], [2],1
5, 23, [23 13 24 13 24 13 24],[[0.2246 0.     0.     0.2968 0.     0.1532 0.1483 0.1772 0.     0.
  0.     0.    ]
 [0.2293 0.     0.     0.1835 0.     0.0384 0.2995 0.2493 0.     0.
  0.     0.    ]
 [0.2267 0.     0.     0.0938 0.     0.3116 0.2342 0.1337 0.     0.
  0.     0.    ]
 [0.2293 0.     0.     0.1835 0.     0.0384 0.2995 0.2493 0.     0.
  0.     0.    ]
 [0.2267 0.     0.     0.0938 0.     0.3116 0.2342 0.1337 0.     0.
  0.     0.    ]
 [0.2293 0.     0.     0.1835 0.     0.0384 0.2995 0.2493 0.     0.
  0.     0.    ]
 [1.     1.     1.     1.     1.     1.     1.     1.     1.     1.
  1.     1.    ]], [3 6 5 6 5 6 5],7
3, 32, [32],[[0.0007 0.     0.0003 0.2141 0.     0.     0.     0.7834 0.     0.0002
  0.0014 0.    ]], [7],1
8, 20, [20  3 13],[[0.     0.     0.     0.     0.5197 0.     0.     0.     0.4803 0.
  0.     0.    ]
 [0.     0.     0.     0.     0.337  0.     0.     0.     0.663  0.
  0.     0.    ]
 [0.     0.     0.     0.     0.8381 0.     0.     0.     0.1619 0.
  0.     0.    ]], [4 8 4],3
7, 9, [9],[[0. 0. 1. 0. 0. 0. 0. 0. 0. 0. 0. 0.]], [2],1
0, 18, [18],[[0.9679 0.     0.     0.     0.     0.0005 0.0002 0.0314 0.     0.
  0.     0.    ]], [0],1
11, 31, [31],[[0.0555 0.     0.     0.0009 0.     0.9424 0.     0.0001 0.     0.001
  0.     0.    ]], [5],1
1, 31, [31],[[0.     0.9999 0.     0.     0.     0.     0.     0.     0.     0.
  0.     0.    ]], [1],1
2, 2, [ 2 13],[[0.2088 0.     0.     0.2749 0.     0.     0.286  0.2303 0.     0.
  0.     0.    ]
 [0.9569 0.     0.     0.0089 0.     0.     0.0178 0.0164 0.     0.
  0.     0.    ]], [6 0],2
9, 8, [8],[[0. 0. 0. 0. 0. 0. 0. 0. 0. 0. 0. 1.]], [11],1
10, 23, [23],[[0.     0.     0.     0.     0.0002 0.     0.     0.     0.     0.
  0.9997 0.    ]], [10],1
9, 5, [5],[[0.     0.     0.     0.     0.0022 0.     0.     0.     0.001  0.0003
  0.9965 0.    ]], [10],1
1, 12, [12],[[0.     0.9999 0.     0.     0.     0.     0.     0.     0.     0.
  0.     0.0001]], [1],1
3, 3, [3],[[0.     0.     0.     0.     0.9922 0.     0.     0.     0.0077 0.
  0.0001 0.    ]], [4],1
0, 28, [28],[[0.9925 0.     0.     0.     0.     0.     0.     0.0075 0.     0.
  0.     0.    ]], [0],1
7, 19, [19],[[0.0009 0.     0.     0.     0.     0.9938 0.0018 0.001  0.     0.0026
  0.     0.    ]], [5],1
11, 17, [17],[[0. 0. 0. 0. 0. 0. 0. 0. 0. 0. 1. 0.]], [10],1
4, 3, [ 3 13  3 13  3 13  3],[[0.     0.     0.     0.     0.4383 0.     0.     0.     0.5617 0.
  0.     0.    ]
 [0.     0.     0.     0.     0.5103 0.     0.     0.     0.4897 0.
  0.     0.    ]
 [0.     0.     0.     0.     0.4383 0.     0.     0.     0.5617 0.
  0.     0.    ]
 [0.     0.     0.     0.     0.5103 0.     0.     0.     0.4897 0.
  0.     0.    ]
 [0.     0.     0.     0.     0.4383 0.     0.     0.     0.5617 0.
  0.     0.    ]
 [0.     0.     0.     0.     0.5103 0.     0.     0.     0.4897 0.
  0.     0.    ]
 [1.     1.     1.     1.     1.     1.     1.     1.     1.     1.
  1.     1.    ]], [8 4 8 4 8 4 8],7
1, 6, [6],[[0.     0.9999 0.     0.     0.     0.     0.     0.     0.     0.
  0.     0.    ]], [1],1
6, 24, [24 13 24 13 24 13 24],[[0.2497 0.     0.     0.3077 0.     0.     0.2386 0.204  0.     0.
  0.     0.    ]
 [0.2527 0.     0.     0.3073 0.     0.     0.2412 0.1989 0.     0.
  0.     0.    ]
 [0.2497 0.     0.     0.3077 0.     0.     0.2386 0.204  0.     0.
  0.     0.    ]
 [0.2527 0.     0.     0.3073 0.     0.     0.2412 0.1989 0.     0.
  0.     0.    ]
 [0.2497 0.     0.     0.3077 0.     0.     0.2386 0.204  0.     0.
  0.     0.    ]
 [0.2527 0.     0.     0.3073 0.     0.     0.2412 0.1989 0.     0.
  0.     0.    ]
 [1.     1.     1.     1.     1.     1.     1.     1.     1.     1.
  1.     1.    ]], [3 3 3 3 3 3 3],7
10, 29, [29],[[0. 0. 0. 0. 0. 0. 0. 0. 0. 0. 1. 0.]], [10],1
2, 23, [23],[[0. 0. 1. 0. 0. 0. 0. 0. 0. 0. 0. 0.]], [2],1
6, 28, [28],[[0. 0. 0. 0. 0. 0. 1. 0. 0. 0. 0. 0.]], [6],1
2, 8, [ 8 13],[[0.     0.     0.5469 0.     0.     0.     0.144  0.3091 0.     0.
  0.     0.    ]
 [0.     0.     1.     0.     0.     0.     0.     0.     0.     0.
  0.     0.    ]], [2 2],2
4, 11, [11],[[0.     0.     0.     0.     0.7309 0.     0.     0.0004 0.2679 0.
  0.0006 0.    ]], [4],1
3, 13, [13],[[0. 0. 1. 0. 0. 0. 0. 0. 0. 0. 0. 0.]], [2],1
8, 21, [21],[[0.     0.     0.0001 0.     0.9855 0.     0.     0.     0.0141 0.
  0.0003 0.    ]], [4],1
0, 16, [16 13],[[0.6666 0.     0.     0.     0.     0.     0.     0.3334 0.     0.
  0.     0.    ]
 [0.1572 0.     0.     0.     0.     0.     0.     0.8428 0.     0.
  0.     0.    ]], [0 7],2
11, 21, [21],[[0. 0. 0. 0. 0. 0. 0. 0. 0. 0. 0. 1.]], [11],1
0, 8, [8],[[0.0002 0.     0.     0.     0.     0.9991 0.0003 0.0003 0.     0.
  0.     0.    ]], [5],1
6, 27, [27],[[0.     0.     0.     0.     0.     0.0001 0.9999 0.     0.     0.
  0.     0.    ]], [6],1
7, 18, [18],[[0. 0. 1. 0. 0. 0. 0. 0. 0. 0. 0. 0.]], [2],1
8, 13, [13],[[0.     0.     0.     0.     0.1047 0.     0.     0.     0.0202 0.
  0.875  0.    ]], [10],1
8, 3, [ 3 13],[[0.     0.     0.     0.     0.337  0.     0.     0.     0.663  0.
  0.     0.    ]
 [0.     0.     0.     0.     0.8381 0.     0.     0.     0.1619 0.
  0.     0.    ]], [8 4],2
7, 2, [2],[[0.     0.     0.     0.     0.     0.     0.     0.     0.     0.0046
  0.008  0.9875]], [11],1
8, 30, [30  3 13],[[0.     0.     0.     0.     0.388  0.     0.     0.     0.612  0.
  0.     0.    ]
 [0.     0.     0.     0.     0.337  0.     0.     0.     0.663  0.
  0.     0.    ]
 [0.     0.     0.     0.     0.8381 0.     0.     0.     0.1619 0.
  0.     0.    ]], [8 8 4],3
2, 14, [14 13],[[0.2604 0.     0.3515 0.129  0.     0.068  0.1099 0.0812 0.     0.
  0.     0.    ]
 [0.0001 0.     0.9999 0.     0.     0.     0.     0.     0.     0.
  0.     0.    ]], [2 2],2
5, 27, [27],[[0.0001 0.     0.     0.     0.     0.9998 0.0001 0.     0.     0.
  0.     0.    ]], [5],1
10, 14, [14],[[0. 0. 0. 0. 0. 0. 0. 0. 0. 0. 1. 0.]], [10],1
2, 5, [5],[[0.0013 0.     0.     0.     0.     0.9502 0.0001 0.     0.     0.0483
  0.     0.    ]], [5],1
0, 26, [26],[[0.     0.0957 0.     0.904  0.     0.     0.     0.0002 0.     0.
  0.     0.    ]], [3],1
11, 16, [16],[[0. 0. 0. 0. 0. 0. 0. 0. 0. 0. 0. 1.]], [11],1
5, 11, [11 13 24 13 24 13 24],[[0.1339 0.     0.1023 0.     0.     0.1024 0.1732 0.4881 0.     0.
  0.     0.    ]
 [0.2808 0.     0.     0.     0.     0.047  0.3668 0.3054 0.     0.
  0.     0.    ]
 [0.2502 0.     0.     0.     0.     0.3439 0.2584 0.1475 0.     0.
  0.     0.    ]
 [0.2808 0.     0.     0.     0.     0.047  0.3668 0.3054 0.     0.
  0.     0.    ]
 [0.2502 0.     0.     0.     0.     0.3439 0.2584 0.1475 0.     0.
  0.     0.    ]
 [0.2808 0.     0.     0.     0.     0.047  0.3668 0.3054 0.     0.
  0.     0.    ]
 [1.     1.     1.     1.     1.     1.     1.     1.     1.     1.
  1.     1.    ]], [7 6 5 6 5 6 5],7
0, 22, [22 13],[[0.3808 0.     0.     0.0652 0.     0.     0.1675 0.3865 0.     0.
  0.     0.    ]
 [0.0001 0.     0.     0.     0.     0.     0.9993 0.0006 0.     0.
  0.     0.    ]], [7 6],2
6, 4, [4],[[0. 0. 0. 0. 0. 0. 1. 0. 0. 0. 0. 0.]], [6],1
8, 29, [29],[[0.     0.     0.     0.     0.     0.0001 0.     0.     0.9998 0.
  0.     0.    ]], [8],1
11, 23, [23],[[0. 0. 1. 0. 0. 0. 0. 0. 0. 0. 0. 0.]], [2],1
1, 19, [19],[[0. 1. 0. 0. 0. 0. 0. 0. 0. 0. 0. 0.]], [1],1
5, 15, [15],[[0.0001 0.     0.     0.     0.     0.9996 0.0001 0.0001 0.     0.
  0.     0.    ]], [5],1
11, 6, [6],[[0. 0. 0. 0. 0. 0. 0. 0. 0. 1. 0. 0.]], [9],1
8, 5, [ 5  3 13],[[0.     0.     0.     0.     0.5586 0.     0.     0.     0.4414 0.
  0.     0.    ]
 [0.     0.     0.     0.     0.337  0.     0.     0.     0.663  0.
  0.     0.    ]
 [0.     0.     0.     0.     0.8381 0.     0.     0.     0.1619 0.
  0.     0.    ]], [4 8 4],3
10, 26, [26],[[0.     0.     0.0003 0.     0.     0.     0.     0.     0.     0.
  0.9997 0.    ]], [10],1
11, 7, [7],[[0.    0.    0.    0.    0.    0.    0.    0.    0.    0.    0.996 0.004]], [10],1
10, 9, [9],[[0. 0. 0. 0. 0. 0. 0. 0. 0. 0. 1. 0.]], [10],1
6, 29, [29],[[0.     0.     0.     0.     0.     0.     0.0236 0.     0.     0.0001
  0.     0.9763]], [11],1
8, 9, [ 9 15],[[0.     0.0325 0.     0.     0.6761 0.     0.     0.     0.2914 0.
  0.     0.    ]
 [0.     0.     0.     0.     0.     0.     0.     0.     1.     0.
  0.     0.    ]], [4 8],2
5, 3, [3],[[0.0011 0.     0.0001 0.     0.     0.9986 0.0001 0.0001 0.     0.
  0.     0.    ]], [5],1
10, 1, [1],[[0. 0. 0. 0. 0. 0. 0. 0. 0. 0. 1. 0.]], [10],1
6, 11, [11],[[0.     0.     0.     0.     0.     0.0035 0.     0.     0.     0.9965
  0.     0.    ]], [9],1
7, 28, [28],[[0.     0.     0.     0.     0.     0.0019 0.     0.9981 0.     0.
  0.     0.    ]], [7],1
1, 30, [30],[[0. 1. 0. 0. 0. 0. 0. 0. 0. 0. 0. 0.]], [1],1
8, 11, [11  3 13],[[0.     0.     0.     0.     0.6294 0.     0.     0.     0.3706 0.
  0.     0.    ]
 [0.     0.     0.     0.     0.337  0.     0.     0.     0.663  0.
  0.     0.    ]
 [0.     0.     0.     0.     0.8381 0.     0.     0.     0.1619 0.
  0.     0.    ]], [4 8 4],3
0, 13, [13],[[0. 0. 0. 0. 0. 0. 0. 0. 0. 0. 0. 1.]], [11],1
2, 10, [10],[[0. 0. 1. 0. 0. 0. 0. 0. 0. 0. 0. 0.]], [2],1
9, 11, [11],[[0.0002 0.     0.1314 0.     0.     0.     0.0013 0.     0.     0.
  0.     0.8671]], [11],1
6, 1, [1],[[0.0018 0.     0.     0.     0.     0.9973 0.0001 0.0006 0.     0.
  0.     0.    ]], [5],1
4, 30, [30],[[0.     0.     0.     0.     0.1347 0.0007 0.     0.     0.8645 0.
  0.0001 0.    ]], [8],1
4, 9, [ 9  3 13  3 13  3 13],[[0.     0.     0.     0.     0.3606 0.     0.     0.     0.6394 0.
  0.     0.    ]
 [0.     0.     0.     0.     0.4383 0.     0.     0.     0.5617 0.
  0.     0.    ]
 [0.     0.     0.     0.     0.5103 0.     0.     0.     0.4897 0.
  0.     0.    ]
 [0.     0.     0.     0.     0.4383 0.     0.     0.     0.5617 0.
  0.     0.    ]
 [0.     0.     0.     0.     0.5103 0.     0.     0.     0.4897 0.
  0.     0.    ]
 [0.     0.     0.     0.     0.4383 0.     0.     0.     0.5617 0.
  0.     0.    ]
 [1.     1.     1.     1.     1.     1.     1.     1.     1.     1.
  1.     1.    ]], [8 8 4 8 4 8 4],7
9, 26, [26],[[0.     0.     0.     0.     0.     0.     0.0008 0.     0.     0.9991
  0.     0.    ]], [9],1
6, 26, [26],[[0.     0.     0.     0.     0.     0.0001 0.9999 0.     0.     0.
  0.     0.    ]], [6],1
11, 32, [32],[[0.0065 0.0026 0.0011 0.0001 0.0001 0.     0.     0.0023 0.2167 0.0506
  0.7099 0.0101]], [10],1
11, 14, [14],[[0.     0.     0.0031 0.     0.     0.     0.     0.     0.     0.
  0.     0.9969]], [11],1
7, 15, [15],[[0.     0.     0.     0.     0.     0.1517 0.001  0.8471 0.     0.0002
  0.     0.    ]], [7],1
11, 5, [5],[[0. 0. 0. 0. 0. 0. 0. 0. 0. 0. 0. 1.]], [11],1
1, 5, [5],[[0.     0.9998 0.     0.     0.0001 0.     0.     0.     0.     0.
  0.     0.    ]], [1],1
11, 1, [1],[[0.     0.     0.0022 0.     0.     0.     0.     0.     0.     0.
  0.     0.9978]], [11],1
1, 17, [17],[[0.     0.9984 0.     0.     0.0006 0.     0.     0.     0.0007 0.
  0.     0.0001]], [1],1
3, 17, [17 13 24],[[0.4364 0.     0.     0.0706 0.     0.     0.0651 0.     0.     0.428
  0.     0.    ]
 [0.5278 0.     0.     0.0473 0.     0.     0.4249 0.     0.     0.
  0.     0.    ]
 [0.0714 0.     0.     0.011  0.     0.     0.9176 0.     0.     0.
  0.     0.    ]], [0 0 6],3
11, 12, [12],[[0.     0.     0.     0.     0.     0.     0.     0.     0.     0.0001
  0.0223 0.9776]], [11],1
8, 6, [ 6  3 13],[[0.     0.     0.     0.     0.4031 0.     0.     0.     0.5969 0.
  0.     0.    ]
 [0.     0.     0.     0.     0.337  0.     0.     0.     0.663  0.
  0.     0.    ]
 [0.     0.     0.     0.     0.8381 0.     0.     0.     0.1619 0.
  0.     0.    ]], [8 8 4],3
10, 21, [21],[[0. 0. 0. 0. 0. 0. 0. 0. 0. 0. 1. 0.]], [10],1
0, 4, [4],[[0.0005 0.     0.     0.     0.     0.9995 0.     0.     0.     0.
  0.     0.    ]], [5],1
3, 2, [2],[[0.     0.0002 0.0308 0.     0.0897 0.     0.     0.0002 0.     0.0159
  0.0143 0.8488]], [11],1
2, 32, [32],[[0.     0.0035 0.9884 0.0018 0.     0.     0.0001 0.0002 0.     0.0058
  0.     0.0001]], [2],1
6, 14, [14],[[0.0001 0.     0.     0.     0.     0.9998 0.     0.     0.     0.0001
  0.     0.    ]], [5],1
9, 22, [22],[[0. 0. 0. 0. 0. 0. 0. 0. 0. 0. 0. 1.]], [11],1
9, 17, [17],[[0. 0. 0. 0. 0. 0. 0. 0. 0. 1. 0. 0.]], [9],1
1, 3, [3],[[0.     0.9998 0.     0.     0.     0.     0.     0.     0.     0.
  0.     0.0001]], [1],1
3, 8, [ 8 13 24],[[0.324  0.     0.     0.     0.     0.     0.4014 0.2746 0.     0.
  0.     0.    ]
 [0.5025 0.     0.     0.     0.     0.     0.4045 0.0931 0.     0.
  0.     0.    ]
 [0.0074 0.     0.     0.     0.     0.     0.0949 0.8977 0.     0.
  0.     0.    ]], [6 0 7],3
8, 4, [4],[[0. 0. 0. 0. 0. 0. 0. 0. 0. 0. 1. 0.]], [10],1
4, 4, [4],[[0. 0. 0. 0. 1. 0. 0. 0. 0. 0. 0. 0.]], [4],1
3, 31, [31],[[0.     0.     0.     0.9997 0.     0.0001 0.     0.     0.0002 0.
  0.     0.    ]], [3],1
