11, 2, [2 5],[[0.     0.     0.4448 0.     0.     0.     0.     0.     0.     0.
  0.     0.5552]
 [0.     0.     0.8755 0.     0.     0.     0.     0.     0.     0.
  0.     0.1245]], [11  2],2
10, 6, [6],[[0. 0. 0. 0. 0. 0. 0. 0. 0. 0. 1. 0.]], [10],1
0, 19, [19],[[0.0001 0.     0.     0.     0.     0.9688 0.0009 0.0001 0.     0.0302
  0.     0.    ]], [5],1
4, 12, [12],[[0.     0.0001 0.     0.     0.7309 0.     0.     0.     0.2689 0.
  0.     0.    ]], [4],1
4, 5, [5],[[0.     0.9972 0.     0.     0.0023 0.     0.     0.     0.0004 0.
  0.     0.    ]], [1],1
11, 27, [27],[[0.     0.     0.0001 0.     0.     0.     0.     0.     0.     0.
  0.834  0.1659]], [10],1
7, 11, [11],[[0.0493 0.     0.8678 0.042  0.     0.0007 0.0136 0.0267 0.     0.
  0.     0.    ]], [2],1
10, 7, [7],[[0. 0. 0. 0. 0. 0. 0. 0. 0. 0. 1. 0.]], [10],1
0, 2, [2],[[0.     0.     0.     0.     0.     0.     0.     0.     0.     0.0001
  0.     0.9999]], [11],1
8, 18, [18  3],[[0.     0.     0.     0.     0.5858 0.     0.     0.     0.3368 0.
  0.0774 0.    ]
 [0.     0.     0.     0.     0.9966 0.     0.     0.     0.0034 0.
  0.     0.    ]], [4 4],2
2, 6, [6],[[0.0004 0.     0.     0.     0.     0.9987 0.0001 0.0007 0.     0.
  0.     0.    ]], [5],1
9, 28, [28],[[0. 0. 0. 0. 0. 0. 0. 0. 0. 1. 0. 0.]], [9],1
2, 18, [18],[[0.0005 0.     0.     0.0001 0.     0.9988 0.0002 0.0005 0.     0.
  0.     0.    ]], [5],1
4, 29, [29],[[0.     0.     0.     0.     0.9993 0.     0.     0.     0.0007 0.
  0.     0.    ]], [4],1
11, 15, [15],[[0.     0.     0.     0.     0.     0.     0.     0.     0.     0.
  0.9871 0.0129]], [10],1
11, 25, [25],[[0.     0.     0.0001 0.     0.     0.     0.     0.     0.     0.
  0.     0.9999]], [11],1
7, 20, [20 13],[[0.     0.     0.6895 0.     0.     0.2554 0.0551 0.     0.     0.
  0.     0.    ]
 [0.     0.     0.     0.     0.     0.2859 0.7141 0.     0.     0.
  0.     0.    ]], [2 6],2
7, 6, [6],[[0.     0.     0.     0.     0.     0.9986 0.0008 0.     0.     0.0006
  0.     0.    ]], [5],1
4, 6, [6],[[0.     0.     0.     0.     0.2699 0.0002 0.     0.     0.7299 0.
  0.     0.    ]], [8],1
6, 9, [ 9 13 24 13 24 13 24],[[0.3718 0.     0.212  0.2347 0.     0.     0.1028 0.0787 0.     0.
  0.     0.    ]
 [0.2535 0.     0.     0.2938 0.     0.     0.2628 0.1899 0.     0.
  0.     0.    ]
 [0.2644 0.     0.     0.3732 0.     0.     0.1823 0.1802 0.     0.
  0.     0.    ]
 [0.2535 0.     0.     0.2938 0.     0.     0.2628 0.1899 0.     0.
  0.     0.    ]
 [0.2644 0.     0.     0.3732 0.     0.     0.1823 0.1802 0.     0.
  0.     0.    ]
 [0.2535 0.     0.     0.2938 0.     0.     0.2628 0.1899 0.     0.
  0.     0.    ]
 [1.     1.     1.     1.     1.     1.     1.     1.     1.     1.
  1.     1.    ]], [0 3 3 3 3 3 3],7
3, 19, [19],[[0.     0.     0.     0.9995 0.     0.0004 0.     0.     0.     0.
  0.     0.    ]], [3],1
8, 12, [12],[[0.     0.0005 0.     0.     0.8057 0.     0.     0.     0.1938 0.
  0.     0.    ]], [4],1
10, 4, [4],[[0. 0. 0. 0. 0. 0. 0. 0. 0. 0. 1. 0.]], [10],1
5, 14, [14],[[0.0028 0.     0.0001 0.     0.     0.0008 0.0008 0.     0.     0.9955
  0.     0.    ]], [9],1
10, 10, [10],[[0.     0.     0.     0.     0.     0.     0.     0.0001 0.     0.
  0.9999 0.    ]], [10],1
3, 22, [22],[[0.     0.     0.     0.9992 0.     0.0004 0.     0.     0.0003 0.
  0.     0.    ]], [3],1
6, 17, [17 13 24 13 24 13 24],[[0.4434 0.     0.     0.242  0.     0.     0.1566 0.158  0.     0.
  0.     0.    ]
 [0.2535 0.     0.     0.2938 0.     0.     0.2628 0.1899 0.     0.
  0.     0.    ]
 [0.2644 0.     0.     0.3732 0.     0.     0.1823 0.1802 0.     0.
  0.     0.    ]
 [0.2535 0.     0.     0.2938 0.     0.     0.2628 0.1899 0.     0.
  0.     0.    ]
 [0.2644 0.     0.     0.3732 0.     0.     0.1823 0.1802 0.     0.
  0.     0.    ]
 [0.2535 0.     0.     0.2938 0.     0.     0.2628 0.1899 0.     0.
  0.     0.    ]
 [1.     1.     1.     1.     1.     1.     1.     1.     1.     1.
  1.     1.    ]], [0 3 3 3 3 3 3],7
3, 6, [6],[[0.0455 0.     0.002  0.0001 0.     0.002  0.211  0.7393 0.     0.
  0.     0.    ]], [7],1
0, 29, [29],[[0.0001 0.     0.     0.     0.     0.9927 0.0001 0.0011 0.     0.006
  0.     0.    ]], [5],1
3, 14, [14],[[0.009  0.     0.0001 0.     0.     0.9517 0.0139 0.0253 0.     0.
  0.     0.    ]], [5],1
2, 24, [24 13 24 13 24 13 24],[[0.2456 0.     0.     0.162  0.     0.2374 0.2161 0.1389 0.     0.
  0.     0.    ]
 [0.6767 0.     0.     0.     0.     0.     0.3233 0.     0.     0.
  0.     0.    ]
 [0.532  0.     0.     0.     0.     0.     0.468  0.     0.     0.
  0.     0.    ]
 [0.6767 0.     0.     0.     0.     0.     0.3233 0.     0.     0.
  0.     0.    ]
 [0.532  0.     0.     0.     0.     0.     0.468  0.     0.     0.
  0.     0.    ]
 [0.6767 0.     0.     0.     0.     0.     0.3233 0.     0.     0.
  0.     0.    ]
 [1.     1.     1.     1.     1.     1.     1.     1.     1.     1.
  1.     1.    ]], [0 0 0 0 0 0 0],7
9, 29, [29],[[0.     0.0518 0.0001 0.0014 0.     0.0004 0.     0.0002 0.     0.0029
  0.001  0.9422]], [11],1
5, 6, [6],[[0.     0.     0.     0.     0.     0.9992 0.0003 0.     0.     0.0004
  0.     0.    ]], [5],1
11, 3, [3],[[0.     0.     0.0001 0.     0.     0.     0.     0.     0.     0.
  0.     0.9999]], [11],1
8, 22, [22],[[0. 1. 0. 0. 0. 0. 0. 0. 0. 0. 0. 0.]], [1],1
1, 8, [8],[[0.     0.9903 0.     0.0001 0.0047 0.     0.     0.0001 0.0046 0.
  0.     0.0002]], [1],1
1, 7, [7],[[0.     0.9997 0.     0.     0.0002 0.     0.     0.     0.0001 0.
  0.     0.    ]], [1],1
3, 30, [30  3],[[0.4359 0.     0.     0.5641 0.     0.     0.     0.     0.     0.
  0.     0.    ]
 [0.2351 0.     0.     0.7649 0.     0.     0.     0.     0.     0.
  0.     0.    ]], [3 3],2
2, 11, [11],[[0.0292 0.     0.0125 0.0035 0.     0.9397 0.009  0.0061 0.     0.
  0.     0.    ]], [5],1
5, 4, [4],[[0.     0.     0.     0.     0.     0.9986 0.0009 0.0002 0.     0.0003
  0.     0.    ]], [5],1
7, 24, [24 13 24 13 24 13 24],[[0.1742 0.     0.     0.1222 0.     0.2998 0.1877 0.2161 0.     0.
  0.     0.    ]
 [0.2136 0.     0.     0.218  0.     0.1047 0.2615 0.2023 0.     0.
  0.     0.    ]
 [0.1742 0.     0.     0.1222 0.     0.2998 0.1877 0.2161 0.     0.
  0.     0.    ]
 [0.2136 0.     0.     0.218  0.     0.1047 0.2615 0.2023 0.     0.
  0.     0.    ]
 [0.1742 0.     0.     0.1222 0.     0.2998 0.1877 0.2161 0.     0.
  0.     0.    ]
 [0.2136 0.     0.     0.218  0.     0.1047 0.2615 0.2023 0.     0.
  0.     0.    ]
 [1.     1.     1.     1.     1.     1.     1.     1.     1.     1.
  1.     1.    ]], [5 6 5 6 5 6 5],7
2, 26, [26],[[0. 0. 1. 0. 0. 0. 0. 0. 0. 0. 0. 0.]], [2],1
5, 19, [19 13 24 13 24 13 24],[[0.     0.     0.2626 0.     0.     0.     0.308  0.4294 0.     0.
  0.     0.    ]
 [0.     0.     0.     0.     0.     0.     0.5312 0.4688 0.     0.
  0.     0.    ]
 [0.     0.     0.     0.     0.     0.     0.5247 0.4753 0.     0.
  0.     0.    ]
 [0.     0.     0.     0.     0.     0.     0.5312 0.4688 0.     0.
  0.     0.    ]
 [0.     0.     0.     0.     0.     0.     0.5247 0.4753 0.     0.
  0.     0.    ]
 [0.     0.     0.     0.     0.     0.     0.5312 0.4688 0.     0.
  0.     0.    ]
 [1.     1.     1.     1.     1.     1.     1.     1.     1.     1.
  1.     1.    ]], [7 6 6 6 6 6 6],7
7, 8, [8],[[0.0004 0.     0.     0.     0.     0.9989 0.0002 0.0005 0.     0.
  0.     0.    ]], [5],1
4, 17, [17  3],[[0.     0.     0.     0.     0.6159 0.     0.     0.     0.3841 0.
  0.     0.    ]
 [0.     0.     0.     0.     1.     0.     0.     0.     0.     0.
  0.     0.    ]], [4 4],2
2, 7, [ 7 13 24 13 24 13 24],[[0.0269 0.     0.     0.     0.     0.     0.316  0.6571 0.     0.
  0.     0.    ]
 [0.6767 0.     0.     0.     0.     0.     0.3233 0.     0.     0.
  0.     0.    ]
 [0.532  0.     0.     0.     0.     0.     0.468  0.     0.     0.
  0.     0.    ]
 [0.6767 0.     0.     0.     0.     0.     0.3233 0.     0.     0.
  0.     0.    ]
 [0.532  0.     0.     0.     0.     0.     0.468  0.     0.     0.
  0.     0.    ]
 [0.6767 0.     0.     0.     0.     0.     0.3233 0.     0.     0.
  0.     0.    ]
 [1.     1.     1.     1.     1.     1.     1.     1.     1.     1.
  1.     1.    ]], [7 0 0 0 0 0 0],7
3, 16, [16],[[0.0001 0.     0.     0.9991 0.     0.     0.     0.0008 0.     0.
  0.     0.    ]], [3],1
9, 20, [20],[[0. 0. 0. 0. 0. 0. 0. 0. 0. 1. 0. 0.]], [9],1
6, 8, [8],[[0.0267 0.0006 0.     0.0007 0.     0.7753 0.0002 0.     0.     0.1963
  0.     0.    ]], [5],1
4, 27, [27],[[0.     0.0001 0.     0.     0.9997 0.     0.     0.     0.0002 0.
  0.     0.    ]], [4],1
10, 12, [12],[[0. 0. 0. 0. 0. 0. 0. 0. 0. 0. 1. 0.]], [10],1
5, 18, [18 13  3 13  3 13  3],[[0.1474 0.     0.     0.1501 0.     0.5053 0.0666 0.1307 0.     0.
  0.     0.    ]
 [0.2098 0.     0.     0.2011 0.     0.1948 0.2095 0.1848 0.     0.
  0.     0.    ]
 [0.0262 0.     0.     0.5496 0.     0.3857 0.     0.0385 0.     0.
  0.     0.    ]
 [0.2654 0.     0.     0.2544 0.     0.2464 0.     0.2338 0.     0.
  0.     0.    ]
 [0.0262 0.     0.     0.5496 0.     0.3857 0.     0.0385 0.     0.
  0.     0.    ]
 [0.2654 0.     0.     0.2544 0.     0.2464 0.     0.2338 0.     0.
  0.     0.    ]
 [1.     1.     1.     1.     1.     1.     1.     1.     1.     1.
  1.     1.    ]], [5 0 3 0 3 0 3],7
9, 16, [16 13],[[0.     0.     0.     0.     0.     0.5445 0.     0.     0.     0.4555
  0.     0.    ]
 [0.     0.     0.     0.     0.     0.0136 0.     0.     0.     0.9864
  0.     0.    ]], [5 9],2
1, 24, [24],[[0.     0.9999 0.     0.     0.     0.     0.     0.     0.     0.
  0.     0.    ]], [1],1
9, 23, [23],[[0. 0. 0. 0. 0. 0. 0. 0. 0. 1. 0. 0.]], [9],1
8, 32, [32],[[0.     0.0001 0.     0.     0.9997 0.     0.     0.     0.0002 0.
  0.     0.    ]], [4],1
11, 22, [22],[[0. 0. 0. 0. 0. 0. 0. 0. 0. 0. 1. 0.]], [10],1
9, 14, [14],[[0.     0.     0.     0.     0.     0.     0.     0.     0.     0.0001
  0.     0.9999]], [11],1
4, 22, [22],[[0. 1. 0. 0. 0. 0. 0. 0. 0. 0. 0. 0.]], [1],1
11, 26, [26],[[0.     0.     0.     0.     0.     0.     0.     0.     0.     0.
  0.     0.9999]], [11],1
11, 11, [11],[[0. 0. 0. 0. 0. 0. 0. 0. 0. 0. 0. 1.]], [11],1
7, 22, [22],[[0.     0.     0.     0.9998 0.     0.0001 0.     0.     0.     0.
  0.     0.    ]], [3],1
8, 25, [25],[[0.     0.     0.     0.     0.2633 0.0002 0.     0.     0.7365 0.
  0.     0.    ]], [8],1
0, 20, [20],[[0.7549 0.     0.     0.0003 0.     0.1678 0.0391 0.0379 0.     0.
  0.     0.    ]], [0],1
8, 27, [27],[[0. 0. 0. 0. 0. 0. 0. 0. 1. 0. 0. 0.]], [8],1
6, 7, [7],[[0.8822 0.     0.     0.0005 0.     0.0006 0.0367 0.0799 0.     0.
  0.     0.    ]], [0],1
11, 19, [19],[[0. 0. 0. 0. 0. 0. 0. 0. 0. 0. 0. 1.]], [11],1
3, 20, [20],[[0.    0.    0.    0.999 0.    0.001 0.    0.    0.    0.    0.    0.   ]], [3],1
7, 21, [21],[[0.     0.     0.     0.0002 0.     0.     0.     0.9998 0.     0.
  0.     0.    ]], [7],1
8, 2, [2],[[0.     0.     0.0068 0.     0.0013 0.     0.     0.     0.     0.0319
  0.003  0.957 ]], [11],1
9, 25, [25],[[0. 0. 0. 0. 0. 0. 0. 0. 0. 1. 0. 0.]], [9],1
10, 13, [13],[[0.     0.     0.     0.     0.     0.     0.     0.     0.     0.9999
  0.     0.0001]], [9],1
0, 12, [12 13],[[0.6855 0.3145 0.     0.     0.     0.     0.     0.     0.     0.
  0.     0.    ]
 [0.0848 0.9152 0.     0.     0.     0.     0.     0.     0.     0.
  0.     0.    ]], [0 1],2
11, 4, [4],[[0. 0. 0. 0. 0. 0. 0. 0. 0. 0. 0. 1.]], [11],1
3, 11, [11 13 24 13 24 13 24],[[0.2961 0.     0.0898 0.     0.     0.3645 0.1425 0.1071 0.     0.
  0.     0.    ]
 [0.2847 0.     0.     0.     0.     0.0379 0.3937 0.2836 0.     0.
  0.     0.    ]
 [0.3334 0.     0.     0.     0.     0.     0.3729 0.2937 0.     0.
  0.     0.    ]
 [0.2959 0.     0.     0.     0.     0.     0.4093 0.2948 0.     0.
  0.     0.    ]
 [0.3334 0.     0.     0.     0.     0.     0.3729 0.2937 0.     0.
  0.     0.    ]
 [0.2959 0.     0.     0.     0.     0.     0.4093 0.2948 0.     0.
  0.     0.    ]
 [1.     1.     1.     1.     1.     1.     1.     1.     1.     1.
  1.     1.    ]], [5 6 6 6 6 6 6],7
6, 32, [32],[[0.     0.     0.     0.     0.     0.     0.9527 0.     0.     0.
  0.     0.0473]], [6],1
5, 5, [5],[[0.0114 0.     0.0033 0.0009 0.     0.979  0.0024 0.0029 0.     0.
  0.     0.    ]], [5],1
9, 6, [6],[[0. 0. 0. 0. 0. 0. 0. 0. 0. 1. 0. 0.]], [9],1
10, 2, [2],[[0. 0. 0. 0. 0. 0. 0. 0. 0. 0. 0. 1.]], [11],1
1, 1, [1],[[0.     0.999  0.     0.     0.0004 0.     0.     0.     0.0005 0.
  0.     0.0001]], [1],1
4, 13, [13],[[0. 0. 1. 0. 0. 0. 0. 0. 0. 0. 0. 0.]], [2],1
6, 10, [10],[[0.     0.     0.     0.     0.     0.0015 0.9984 0.     0.     0.0001
  0.     0.    ]], [6],1
7, 27, [27],[[0.0001 0.     0.     0.     0.     0.0005 0.     0.9991 0.     0.0001
  0.     0.    ]], [7],1
5, 31, [31],[[0.     0.     0.0007 0.     0.     0.0004 0.0435 0.9554 0.     0.
  0.     0.    ]], [7],1
6, 31, [31],[[0.     0.     0.9999 0.     0.     0.     0.0001 0.     0.     0.
  0.     0.    ]], [2],1
10, 27, [27],[[0. 0. 0. 0. 0. 0. 0. 0. 0. 0. 1. 0.]], [10],1
6, 18, [18 13 24 13 24 13 24],[[0.2571 0.     0.256  0.2465 0.     0.     0.1051 0.1354 0.     0.
  0.     0.    ]
 [0.2535 0.     0.     0.2938 0.     0.     0.2628 0.1899 0.     0.
  0.     0.    ]
 [0.2644 0.     0.     0.3732 0.     0.     0.1823 0.1802 0.     0.
  0.     0.    ]
 [0.2535 0.     0.     0.2938 0.     0.     0.2628 0.1899 0.     0.
  0.     0.    ]
 [0.2644 0.     0.     0.3732 0.     0.     0.1823 0.1802 0.     0.
  0.     0.    ]
 [0.2535 0.     0.     0.2938 0.     0.     0.2628 0.1899 0.     0.
  0.     0.    ]
 [1.     1.     1.     1.     1.     1.     1.     1.     1.     1.
  1.     1.    ]], [0 3 3 3 3 3 3],7
10, 8, [ 8 15],[[0.     0.     0.     0.     0.3926 0.     0.     0.     0.1798 0.
  0.4275 0.    ]
 [0.     0.     0.     0.     0.     0.     0.     0.     0.     0.
  1.     0.    ]], [10 10],2
0, 30, [30 13],[[0.5964 0.     0.     0.     0.     0.2882 0.0475 0.0288 0.     0.0391
  0.     0.    ]
 [0.     0.     0.     0.     0.     0.0003 0.0978 0.     0.     0.9019
  0.     0.    ]], [0 9],2
2, 12, [12 13],[[0.    0.    0.389 0.    0.    0.611 0.    0.    0.    0.    0.    0.   ]
 [0.    0.    1.    0.    0.    0.    0.    0.    0.    0.    0.    0.   ]], [5 2],2
10, 16, [16],[[0.     0.     0.     0.     0.     0.     0.     0.     0.0002 0.
  0.9998 0.    ]], [10],1
3, 5, [5],[[0.0004 0.     0.     0.     0.     0.9995 0.     0.     0.     0.
  0.     0.    ]], [5],1
9, 21, [21],[[0.     0.     0.     0.     0.     0.0004 0.     0.     0.     0.9995
  0.     0.    ]], [9],1
10, 11, [11],[[0. 0. 0. 0. 0. 0. 0. 0. 0. 0. 1. 0.]], [10],1
4, 8, [8 3],[[0.     0.     0.     0.     0.6289 0.     0.     0.     0.3711 0.
  0.     0.    ]
 [0.     0.     0.     0.     1.     0.     0.     0.     0.     0.
  0.     0.    ]], [4 4],2
5, 29, [29],[[0.     0.     0.     0.     0.0001 0.     0.0004 0.     0.     0.9993
  0.     0.0002]], [9],1
4, 32, [32],[[0.     0.9962 0.     0.     0.0038 0.     0.     0.     0.     0.
  0.     0.    ]], [1],1
6, 22, [22],[[0.0013 0.     0.     0.     0.0002 0.0102 0.9773 0.0085 0.0004 0.002
  0.     0.    ]], [6],1
8, 14, [14],[[0.     0.9993 0.     0.     0.0004 0.     0.     0.     0.0002 0.
  0.     0.    ]], [1],1
3, 10, [10],[[0.     0.     0.     0.     0.     0.     0.     0.9996 0.     0.
  0.0004 0.    ]], [7],1
5, 26, [26],[[0.8279 0.     0.0006 0.0012 0.     0.1279 0.0004 0.0419 0.     0.0001
  0.     0.    ]], [0],1
6, 23, [23 13  3],[[0.2712 0.     0.     0.2177 0.     0.0514 0.1951 0.2646 0.     0.
  0.     0.    ]
 [0.2183 0.     0.     0.2531 0.     0.1385 0.2264 0.1636 0.     0.
  0.     0.    ]
 [0.0003 0.     0.     0.     0.     0.9994 0.0001 0.0002 0.     0.
  0.     0.    ]], [0 3 5],3
4, 21, [21],[[0.     0.     0.     0.     0.9999 0.     0.     0.     0.0001 0.
  0.     0.    ]], [4],1
3, 24, [24 13 24 13 24 13 24],[[0.2323 0.     0.     0.3032 0.     0.     0.2598 0.2046 0.     0.
  0.     0.    ]
 [0.2204 0.     0.     0.2552 0.     0.     0.3048 0.2196 0.     0.
  0.     0.    ]
 [0.2323 0.     0.     0.3032 0.     0.     0.2598 0.2046 0.     0.
  0.     0.    ]
 [0.2204 0.     0.     0.2552 0.     0.     0.3048 0.2196 0.     0.
  0.     0.    ]
 [0.2323 0.     0.     0.3032 0.     0.     0.2598 0.2046 0.     0.
  0.     0.    ]
 [0.2204 0.     0.     0.2552 0.     0.     0.3048 0.2196 0.     0.
  0.     0.    ]
 [1.     1.     1.     1.     1.     1.     1.     1.     1.     1.
  1.     1.    ]], [3 6 3 6 3 6 3],7
8, 10, [10],[[0.     0.0001 0.     0.     0.     0.     0.     0.     0.9998 0.
  0.     0.    ]], [8],1
9, 3, [3],[[0. 0. 0. 0. 0. 0. 0. 0. 0. 1. 0. 0.]], [9],1
9, 27, [27],[[0. 0. 0. 0. 0. 0. 0. 0. 0. 1. 0. 0.]], [9],1
1, 4, [4],[[0. 1. 0. 0. 0. 0. 0. 0. 0. 0. 0. 0.]], [1],1
1, 16, [16],[[0. 1. 0. 0. 0. 0. 0. 0. 0. 0. 0. 0.]], [1],1
10, 3, [3],[[0.     0.     0.     0.     0.0015 0.     0.     0.     0.0014 0.
  0.9972 0.    ]], [10],1
1, 21, [21],[[0. 1. 0. 0. 0. 0. 0. 0. 0. 0. 0. 0.]], [1],1
0, 9, [9],[[0.     0.8142 0.0009 0.0001 0.0107 0.     0.     0.     0.     0.0006
  0.     0.1733]], [1],1
4, 23, [23],[[0. 0. 1. 0. 0. 0. 0. 0. 0. 0. 0. 0.]], [2],1
7, 31, [31],[[0.0001 0.     0.0009 0.     0.     0.003  0.0765 0.9194 0.     0.
  0.     0.    ]], [7],1
4, 18, [18],[[0. 0. 0. 0. 1. 0. 0. 0. 0. 0. 0. 0.]], [4],1
8, 1, [1 3],[[0.     0.     0.     0.     0.4592 0.     0.     0.     0.5408 0.
  0.     0.    ]
 [0.     0.     0.     0.     0.9966 0.     0.     0.     0.0034 0.
  0.     0.    ]], [8 4],2
2, 17, [17],[[0.0003 0.     0.     0.     0.     0.9987 0.0004 0.0005 0.     0.0001
  0.     0.    ]], [5],1
3, 27, [27],[[0.     0.0002 0.     0.9997 0.     0.     0.     0.     0.     0.
  0.     0.    ]], [3],1
9, 12, [12],[[0.     0.     0.     0.     0.     0.     0.     0.     0.     0.9953
  0.0005 0.0042]], [9],1
3, 12, [12],[[0.0141 0.     0.0001 0.7692 0.     0.1948 0.0209 0.0009 0.     0.
  0.     0.    ]], [3],1
8, 24, [24],[[0.     0.     0.     0.     0.     0.     0.     0.     0.     0.0001
  0.0003 0.9996]], [11],1
1, 13, [13],[[0.     0.9996 0.     0.0003 0.     0.     0.     0.0001 0.     0.
  0.     0.    ]], [1],1
11, 24, [24],[[0.     0.     0.0021 0.     0.     0.     0.     0.     0.     0.
  0.     0.9979]], [11],1
3, 7, [ 7 38  3],[[0.     0.7036 0.     0.2685 0.     0.     0.     0.     0.028  0.
  0.     0.    ]
 [0.     0.     0.     0.5104 0.     0.     0.     0.     0.4896 0.
  0.     0.    ]
 [0.     0.     0.     0.9999 0.     0.     0.     0.     0.0001 0.
  0.     0.    ]], [1 3 3],3
6, 16, [16],[[0. 0. 0. 0. 0. 0. 1. 0. 0. 0. 0. 0.]], [6],1
4, 28, [28],[[0.     0.     0.0329 0.     0.1299 0.     0.     0.     0.     0.0003
  0.0257 0.8112]], [11],1
9, 18, [18],[[0. 0. 0. 0. 0. 0. 0. 0. 0. 1. 0. 0.]], [9],1
10, 5, [5],[[0.     0.     0.     0.     0.0101 0.     0.     0.     0.0017 0.0001
  0.988  0.    ]], [10],1
7, 3, [ 3 13 24 13 24 13 24],[[0.2208 0.     0.     0.2807 0.     0.     0.3019 0.1966 0.     0.
  0.     0.    ]
 [0.2385 0.     0.     0.2435 0.     0.     0.292  0.2259 0.     0.
  0.     0.    ]
 [0.2488 0.     0.     0.1746 0.     0.     0.268  0.3087 0.     0.
  0.     0.    ]
 [0.2385 0.     0.     0.2435 0.     0.     0.292  0.2259 0.     0.
  0.     0.    ]
 [0.2488 0.     0.     0.1746 0.     0.     0.268  0.3087 0.     0.
  0.     0.    ]
 [0.2385 0.     0.     0.2435 0.     0.     0.292  0.2259 0.     0.
  0.     0.    ]
 [1.     1.     1.     1.     1.     1.     1.     1.     1.     1.
  1.     1.    ]], [6 6 7 6 7 6 7],7
2, 25, [25],[[0. 0. 1. 0. 0. 0. 0. 0. 0. 0. 0. 0.]], [2],1
9, 32, [32],[[0.     0.     0.     0.     0.     0.0001 0.     0.     0.     0.9999
  0.     0.    ]], [9],1
10, 17, [17],[[0. 0. 0. 0. 0. 0. 0. 0. 0. 0. 1. 0.]], [10],1
9, 15, [15],[[0.     0.     0.     0.     0.     0.0001 0.     0.     0.     0.
  0.9999 0.    ]], [10],1
8, 23, [23],[[0. 0. 1. 0. 0. 0. 0. 0. 0. 0. 0. 0.]], [2],1
10, 22, [22],[[0.     0.     0.     0.     0.0002 0.     0.     0.     0.     0.
  0.9997 0.    ]], [10],1
5, 20, [20],[[0.0001 0.     0.     0.     0.     0.9968 0.0002 0.     0.     0.0028
  0.     0.    ]], [5],1
1, 11, [11],[[0.     0.9999 0.     0.     0.     0.     0.     0.     0.     0.
  0.     0.    ]], [1],1
11, 20, [20],[[0. 0. 0. 0. 0. 0. 0. 0. 0. 0. 0. 1.]], [11],1
5, 9, [9],[[0.0003 0.     0.9996 0.0001 0.     0.     0.     0.     0.     0.
  0.     0.    ]], [2],1
2, 29, [29],[[0. 0. 1. 0. 0. 0. 0. 0. 0. 0. 0. 0.]], [2],1
8, 7, [7],[[0.     0.0001 0.     0.     0.7622 0.     0.     0.     0.2376 0.
  0.     0.    ]], [4],1
7, 12, [12],[[0.0011 0.     0.     0.     0.     0.9953 0.0007 0.0028 0.     0.
  0.     0.    ]], [5],1
6, 19, [19 13 24 13 24 13 24],[[0.     0.     0.1588 0.     0.     0.0256 0.3145 0.5011 0.     0.
  0.     0.    ]
 [0.     0.     0.     0.     0.     0.2621 0.4283 0.3095 0.     0.
  0.     0.    ]
 [0.     0.     0.     0.     0.     0.1577 0.4236 0.4187 0.     0.
  0.     0.    ]
 [0.     0.     0.     0.     0.     0.2621 0.4283 0.3095 0.     0.
  0.     0.    ]
 [0.     0.     0.     0.     0.     0.1577 0.4236 0.4187 0.     0.
  0.     0.    ]
 [0.     0.     0.     0.     0.     0.2621 0.4283 0.3095 0.     0.
  0.     0.    ]
 [1.     1.     1.     1.     1.     1.     1.     1.     1.     1.
  1.     1.    ]], [7 6 6 6 6 6 6],7
3, 23, [23 13 24 13 24 13 24],[[0.2827 0.     0.     0.2244 0.     0.0508 0.1855 0.2565 0.     0.
  0.     0.    ]
 [0.2141 0.     0.     0.2479 0.     0.0285 0.2961 0.2133 0.     0.
  0.     0.    ]
 [0.2323 0.     0.     0.3032 0.     0.     0.2598 0.2046 0.     0.
  0.     0.    ]
 [0.2204 0.     0.     0.2552 0.     0.     0.3048 0.2196 0.     0.
  0.     0.    ]
 [0.2323 0.     0.     0.3032 0.     0.     0.2598 0.2046 0.     0.
  0.     0.    ]
 [0.2204 0.     0.     0.2552 0.     0.     0.3048 0.2196 0.     0.
  0.     0.    ]
 [1.     1.     1.     1.     1.     1.     1.     1.     1.     1.
  1.     1.    ]], [0 6 3 6 3 6 3],7
7, 4, [4],[[0.     0.     0.     0.     0.     0.0002 0.     0.9998 0.     0.
  0.     0.    ]], [7],1
5, 21, [21 13  3],[[0.     0.     0.     0.     0.     0.5908 0.     0.4092 0.     0.
  0.     0.    ]
 [0.     0.     0.     0.     0.     0.5131 0.     0.4869 0.     0.
  0.     0.    ]
 [0.     0.     0.     0.     0.     0.9093 0.     0.0907 0.     0.
  0.     0.    ]], [5 5 5],3
6, 5, [5],[[0.0155 0.     0.0009 0.0008 0.     0.9794 0.0019 0.0015 0.     0.
  0.     0.    ]], [5],1
5, 1, [1],[[0.0026 0.     0.0003 0.     0.     0.994  0.0006 0.0025 0.     0.
  0.     0.    ]], [5],1
2, 30, [30],[[0.8824 0.     0.0311 0.0002 0.     0.0001 0.0231 0.0631 0.     0.
  0.     0.    ]], [0],1
5, 7, [7],[[0.0001 0.     0.0002 0.     0.     0.9927 0.0038 0.0032 0.     0.
  0.     0.    ]], [5],1
7, 25, [25 13 24 13 24 13 24],[[0.4722 0.     0.     0.     0.     0.     0.1754 0.3524 0.     0.
  0.     0.    ]
 [0.3153 0.     0.     0.     0.     0.     0.386  0.2987 0.     0.
  0.     0.    ]
 [0.3014 0.     0.     0.     0.     0.     0.3247 0.374  0.     0.
  0.     0.    ]
 [0.3153 0.     0.     0.     0.     0.     0.386  0.2987 0.     0.
  0.     0.    ]
 [0.3014 0.     0.     0.     0.     0.     0.3247 0.374  0.     0.
  0.     0.    ]
 [0.3153 0.     0.     0.     0.     0.     0.386  0.2987 0.     0.
  0.     0.    ]
 [1.     1.     1.     1.     1.     1.     1.     1.     1.     1.
  1.     1.    ]], [0 6 7 6 7 6 7],7
5, 10, [10 13 24 13 24 13 24],[[0.665  0.     0.     0.     0.     0.     0.0684 0.101  0.     0.1656
  0.     0.    ]
 [0.3473 0.     0.     0.     0.     0.     0.3467 0.306  0.     0.
  0.     0.    ]
 [0.3708 0.     0.     0.     0.     0.     0.3302 0.299  0.     0.
  0.     0.    ]
 [0.3473 0.     0.     0.     0.     0.     0.3467 0.306  0.     0.
  0.     0.    ]
 [0.3708 0.     0.     0.     0.     0.     0.3302 0.299  0.     0.
  0.     0.    ]
 [0.3473 0.     0.     0.     0.     0.     0.3467 0.306  0.     0.
  0.     0.    ]
 [1.     1.     1.     1.     1.     1.     1.     1.     1.     1.
  1.     1.    ]], [0 0 0 0 0 0 0],7
5, 25, [25],[[0.     0.     0.     0.     0.     0.9981 0.0001 0.     0.     0.0017
  0.     0.    ]], [5],1
4, 1, [ 1 15],[[0.     0.0351 0.     0.     0.6746 0.     0.     0.     0.2903 0.
  0.     0.    ]
 [0.     0.     0.     0.     1.     0.     0.     0.     0.     0.
  0.     0.    ]], [4 4],2
5, 17, [17],[[0.7264 0.     0.     0.0015 0.     0.0008 0.1673 0.1041 0.     0.
  0.     0.    ]], [0],1
6, 20, [20],[[0.0008 0.     0.     0.     0.     0.9971 0.0005 0.0016 0.     0.
  0.     0.    ]], [5],1
1, 28, [28],[[0.     0.9912 0.     0.     0.0087 0.     0.     0.     0.0001 0.
  0.     0.    ]], [1],1
2, 16, [16],[[0. 0. 1. 0. 0. 0. 0. 0. 0. 0. 0. 0.]], [2],1
0, 17, [17],[[0.1152 0.     0.0002 0.0019 0.     0.753  0.0875 0.0422 0.     0.
  0.     0.    ]], [5],1
11, 18, [18],[[0. 0. 0. 0. 0. 0. 0. 0. 0. 1. 0. 0.]], [9],1
7, 1, [ 1 13],[[0.     0.     0.     0.     0.     0.4206 0.     0.     0.     0.5794
  0.     0.    ]
 [0.     0.     0.     0.     0.     1.     0.     0.     0.     0.
  0.     0.    ]], [9 5],2
0, 5, [ 5 13],[[0.4012 0.     0.3625 0.1621 0.     0.     0.0389 0.0352 0.     0.
  0.     0.    ]
 [0.0001 0.     0.0553 0.     0.     0.     0.9446 0.0001 0.     0.
  0.     0.    ]], [0 6],2
7, 23, [23 13 24 13 24 13 24],[[0.252  0.     0.     0.238  0.     0.0822 0.2167 0.2111 0.     0.
  0.     0.    ]
 [0.2136 0.     0.     0.218  0.     0.1047 0.2615 0.2023 0.     0.
  0.     0.    ]
 [0.1742 0.     0.     0.1222 0.     0.2998 0.1877 0.2161 0.     0.
  0.     0.    ]
 [0.2136 0.     0.     0.218  0.     0.1047 0.2615 0.2023 0.     0.
  0.     0.    ]
 [0.1742 0.     0.     0.1222 0.     0.2998 0.1877 0.2161 0.     0.
  0.     0.    ]
 [0.2136 0.     0.     0.218  0.     0.1047 0.2615 0.2023 0.     0.
  0.     0.    ]
 [1.     1.     1.     1.     1.     1.     1.     1.     1.     1.
  1.     1.    ]], [0 6 5 6 5 6 5],7
1, 20, [20],[[0.     0.9997 0.     0.     0.0001 0.     0.     0.     0.0001 0.
  0.     0.0001]], [1],1
4, 24, [24],[[0. 0. 0. 0. 0. 0. 0. 0. 0. 0. 0. 1.]], [11],1
0, 10, [10],[[0.093  0.     0.     0.0001 0.     0.0003 0.0001 0.9065 0.     0.
  0.0001 0.    ]], [7],1
9, 31, [31],[[0.     0.     0.     0.     0.     0.     0.     0.     0.     0.9999
  0.0001 0.    ]], [9],1
2, 31, [31],[[0. 0. 1. 0. 0. 0. 0. 0. 0. 0. 0. 0.]], [2],1
9, 24, [24],[[0. 0. 0. 0. 0. 0. 0. 0. 0. 1. 0. 0.]], [9],1
3, 29, [29],[[0.     0.     0.     0.9996 0.     0.0001 0.     0.0002 0.     0.
  0.     0.    ]], [3],1
8, 17, [17 15],[[0.     0.     0.     0.     0.1359 0.     0.     0.     0.1858 0.
  0.6783 0.    ]
 [0.     0.     0.     0.     0.     0.     0.     0.     1.     0.
  0.     0.    ]], [10  8],2
1, 32, [32],[[0.     0.9999 0.     0.     0.     0.     0.     0.     0.0001 0.
  0.     0.    ]], [1],1
9, 10, [10],[[0.     0.     0.     0.     0.     0.     0.     0.     0.     0.9999
  0.     0.    ]], [9],1
5, 16, [16],[[0.     0.     0.     0.     0.     0.2641 0.0165 0.7186 0.     0.0008
  0.     0.    ]], [7],1
2, 22, [22],[[0. 0. 1. 0. 0. 0. 0. 0. 0. 0. 0. 0.]], [2],1
7, 13, [13 24 13 24 13 24 13],[[0.2136 0.     0.     0.218  0.     0.1047 0.2615 0.2023 0.     0.
  0.     0.    ]
 [0.1742 0.     0.     0.1222 0.     0.2998 0.1877 0.2161 0.     0.
  0.     0.    ]
 [0.2136 0.     0.     0.218  0.     0.1047 0.2615 0.2023 0.     0.
  0.     0.    ]
 [0.1742 0.     0.     0.1222 0.     0.2998 0.1877 0.2161 0.     0.
  0.     0.    ]
 [0.2136 0.     0.     0.218  0.     0.1047 0.2615 0.2023 0.     0.
  0.     0.    ]
 [0.1742 0.     0.     0.1222 0.     0.2998 0.1877 0.2161 0.     0.
  0.     0.    ]
 [1.     1.     1.     1.     1.     1.     1.     1.     1.     1.
  1.     1.    ]], [6 5 6 5 6 5 6],7
7, 5, [ 5 13 24 13 24 13 24],[[0.4617 0.     0.2154 0.0789 0.     0.0995 0.1011 0.0433 0.     0.
  0.     0.    ]
 [0.2136 0.     0.     0.218  0.     0.1047 0.2615 0.2023 0.     0.
  0.     0.    ]
 [0.1742 0.     0.     0.1222 0.     0.2998 0.1877 0.2161 0.     0.
  0.     0.    ]
 [0.2136 0.     0.     0.218  0.     0.1047 0.2615 0.2023 0.     0.
  0.     0.    ]
 [0.1742 0.     0.     0.1222 0.     0.2998 0.1877 0.2161 0.     0.
  0.     0.    ]
 [0.2136 0.     0.     0.218  0.     0.1047 0.2615 0.2023 0.     0.
  0.     0.    ]
 [1.     1.     1.     1.     1.     1.     1.     1.     1.     1.
  1.     1.    ]], [0 6 5 6 5 6 5],7
3, 28, [28],[[0.     0.0132 0.     0.9867 0.     0.     0.     0.0001 0.     0.
  0.     0.    ]], [3],1
0, 21, [21],[[0.0147 0.     0.     0.0001 0.     0.0001 0.     0.9851 0.     0.
  0.     0.    ]], [7],1
7, 14, [14],[[0.0019 0.     0.0003 0.     0.     0.9591 0.007  0.0317 0.     0.
  0.     0.    ]], [5],1
0, 14, [14],[[0.8986 0.0012 0.     0.0253 0.     0.0076 0.0401 0.0272 0.     0.
  0.     0.    ]], [0],1
1, 10, [10],[[0. 1. 0. 0. 0. 0. 0. 0. 0. 0. 0. 0.]], [1],1
0, 32, [32 13],[[0.2086 0.0373 0.     0.4001 0.     0.     0.     0.354  0.     0.
  0.     0.    ]
 [0.0745 0.8046 0.     0.0014 0.     0.     0.     0.1194 0.     0.
  0.     0.    ]], [3 1],2
2, 4, [4],[[0. 0. 1. 0. 0. 0. 0. 0. 0. 0. 0. 0.]], [2],1
8, 8, [8 3],[[0.     0.     0.     0.     0.5153 0.     0.     0.     0.4847 0.
  0.     0.    ]
 [0.     0.     0.     0.     0.9966 0.     0.     0.     0.0034 0.
  0.     0.    ]], [4 4],2
3, 4, [4],[[0.     0.     0.     0.0001 0.     0.     0.0003 0.1585 0.     0.8411
  0.     0.    ]], [9],1
11, 13, [13],[[0.     0.     0.0009 0.     0.     0.     0.     0.     0.     0.
  0.     0.9991]], [11],1
0, 7, [7],[[0.9865 0.     0.     0.0127 0.     0.     0.     0.0008 0.     0.
  0.     0.    ]], [0],1
9, 19, [19],[[0.     0.     0.     0.     0.     0.     0.     0.     0.     0.0002
  0.9997 0.    ]], [10],1
9, 13, [13],[[0.0002 0.     0.0001 0.     0.     0.0136 0.     0.     0.     0.986
  0.     0.    ]], [9],1
10, 15, [15],[[0. 0. 0. 0. 0. 0. 0. 0. 0. 0. 1. 0.]], [10],1
10, 24, [24],[[0.    0.    0.    0.    0.    0.    0.    0.    0.    0.    0.999 0.001]], [10],1
7, 16, [16],[[0.0013 0.     0.     0.0011 0.     0.0001 0.     0.9973 0.     0.0003
  0.     0.    ]], [7],1
0, 3, [3],[[0.     0.9999 0.     0.     0.     0.     0.     0.     0.     0.
  0.     0.0001]], [1],1
1, 18, [18],[[0.     0.9997 0.     0.     0.0001 0.     0.     0.     0.0001 0.
  0.     0.0001]], [1],1
1, 14, [14],[[0.     0.9996 0.     0.     0.0001 0.     0.     0.     0.0001 0.
  0.     0.0001]], [1],1
6, 15, [15],[[0. 0. 0. 0. 0. 0. 1. 0. 0. 0. 0. 0.]], [6],1
9, 4, [4],[[0. 0. 0. 0. 0. 0. 0. 0. 0. 1. 0. 0.]], [9],1
4, 7, [7],[[0.     0.9988 0.     0.     0.0008 0.     0.     0.     0.0004 0.
  0.     0.    ]], [1],1
2, 3, [ 3 13 24 13 24 13 24],[[0.232  0.     0.     0.2458 0.     0.     0.2831 0.2391 0.     0.
  0.     0.    ]
 [0.6767 0.     0.     0.     0.     0.     0.3233 0.     0.     0.
  0.     0.    ]
 [0.532  0.     0.     0.     0.     0.     0.468  0.     0.     0.
  0.     0.    ]
 [0.6767 0.     0.     0.     0.     0.     0.3233 0.     0.     0.
  0.     0.    ]
 [0.532  0.     0.     0.     0.     0.     0.468  0.     0.     0.
  0.     0.    ]
 [0.6767 0.     0.     0.     0.     0.     0.3233 0.     0.     0.
  0.     0.    ]
 [1.     1.     1.     1.     1.     1.     1.     1.     1.     1.
  1.     1.    ]], [6 0 0 0 0 0 0],7
4, 16, [16],[[0.     0.0002 0.     0.     0.9991 0.     0.     0.     0.0007 0.
  0.     0.    ]], [4],1
0, 15, [15],[[0.9995 0.     0.     0.0004 0.     0.     0.     0.0001 0.     0.
  0.     0.    ]], [0],1
5, 22, [22],[[0.0225 0.9621 0.0003 0.0049 0.0001 0.0082 0.0001 0.0005 0.0007 0.0005
  0.0001 0.    ]], [1],1
4, 25, [25],[[0.     0.997  0.     0.     0.0023 0.     0.     0.     0.0007 0.
  0.     0.    ]], [1],1
10, 28, [28],[[0. 0. 0. 0. 0. 0. 0. 0. 0. 0. 0. 1.]], [11],1
6, 2, [2],[[0.0944 0.     0.     0.0736 0.     0.7029 0.0567 0.0723 0.     0.
  0.     0.    ]], [5],1
6, 21, [21],[[0.     0.     0.0002 0.     0.     0.0001 0.9985 0.     0.     0.
  0.     0.0012]], [6],1
2, 19, [19],[[0.9992 0.     0.0002 0.     0.     0.0005 0.     0.     0.0001 0.
  0.     0.    ]], [0],1
7, 32, [32],[[0.0103 0.     0.     0.9853 0.     0.     0.     0.0044 0.     0.
  0.     0.    ]], [3],1
1, 22, [22],[[0. 1. 0. 0. 0. 0. 0. 0. 0. 0. 0. 0.]], [1],1
11, 9, [9],[[0.     0.     0.0033 0.     0.     0.     0.     0.     0.     0.
  0.     0.9966]], [11],1
5, 24, [24 13 24 13 24 13 24],[[0.2472 0.     0.     0.3334 0.     0.     0.2201 0.1993 0.     0.
  0.     0.    ]
 [0.2606 0.     0.     0.2498 0.     0.     0.2601 0.2295 0.     0.
  0.     0.    ]
 [0.2472 0.     0.     0.3334 0.     0.     0.2201 0.1993 0.     0.
  0.     0.    ]
 [0.2606 0.     0.     0.2498 0.     0.     0.2601 0.2295 0.     0.
  0.     0.    ]
 [0.2472 0.     0.     0.3334 0.     0.     0.2201 0.1993 0.     0.
  0.     0.    ]
 [0.2606 0.     0.     0.2498 0.     0.     0.2601 0.2295 0.     0.
  0.     0.    ]
 [1.     1.     1.     1.     1.     1.     1.     1.     1.     1.
  1.     1.    ]], [3 0 3 0 3 0 3],7
0, 31, [31 13],[[0.     0.     0.     0.     0.     0.     0.6092 0.3908 0.     0.
  0.     0.    ]
 [0.     0.     0.     0.     0.     0.     0.9999 0.0001 0.     0.
  0.     0.    ]], [6 6],2
3, 1, [1],[[0.0016 0.     0.     0.     0.     0.7512 0.0001 0.     0.     0.2471
  0.     0.    ]], [5],1
6, 6, [6],[[0.0002 0.     0.9973 0.     0.     0.     0.0012 0.0013 0.     0.
  0.     0.    ]], [2],1
9, 1, [1],[[0. 0. 0. 0. 0. 0. 0. 0. 0. 1. 0. 0.]], [9],1
9, 2, [2],[[0. 0. 0. 0. 0. 0. 0. 0. 0. 1. 0. 0.]], [9],1
5, 12, [12 13  3],[[0.6832 0.     0.     0.     0.     0.0714 0.2455 0.     0.     0.
  0.     0.    ]
 [0.3417 0.     0.     0.     0.     0.3172 0.3411 0.     0.     0.
  0.     0.    ]
 [0.0634 0.     0.     0.     0.     0.9317 0.005  0.     0.     0.
  0.     0.    ]], [0 0 5],3
5, 28, [28],[[0.     0.     0.     0.     0.     0.9966 0.0033 0.0001 0.     0.
  0.     0.    ]], [5],1
5, 2, [ 2 13 24 13 24 13 24],[[0.3068 0.     0.     0.2654 0.     0.     0.2754 0.1525 0.     0.
  0.     0.    ]
 [0.2606 0.     0.     0.2498 0.     0.     0.2601 0.2295 0.     0.
  0.     0.    ]
 [0.2472 0.     0.     0.3334 0.     0.     0.2201 0.1993 0.     0.
  0.     0.    ]
 [0.2606 0.     0.     0.2498 0.     0.     0.2601 0.2295 0.     0.
  0.     0.    ]
 [0.2472 0.     0.     0.3334 0.     0.     0.2201 0.1993 0.     0.
  0.     0.    ]
 [0.2606 0.     0.     0.2498 0.     0.     0.2601 0.2295 0.     0.
  0.     0.    ]
 [1.     1.     1.     1.     1.     1.     1.     1.     1.     1.
  1.     1.    ]], [0 0 3 0 3 0 3],7
5, 32, [32 13 24 13 24 13 24],[[0.6837 0.     0.     0.     0.     0.1655 0.     0.1509 0.     0.
  0.     0.    ]
 [0.356  0.     0.     0.     0.     0.3305 0.     0.3136 0.     0.
  0.     0.    ]
 [0.5536 0.     0.     0.     0.     0.     0.     0.4464 0.     0.
  0.     0.    ]
 [0.5317 0.     0.     0.     0.     0.     0.     0.4683 0.     0.
  0.     0.    ]
 [0.5536 0.     0.     0.     0.     0.     0.     0.4464 0.     0.
  0.     0.    ]
 [0.5317 0.     0.     0.     0.     0.     0.     0.4683 0.     0.
  0.     0.    ]
 [1.     1.     1.     1.     1.     1.     1.     1.     1.     1.
  1.     1.    ]], [0 0 0 0 0 0 0],7
9, 7, [7],[[0. 0. 0. 0. 0. 0. 0. 0. 0. 1. 0. 0.]], [9],1
0, 23, [23],[[0.     0.     0.     0.     0.     0.     0.     0.     0.     0.9998
  0.     0.0001]], [9],1
1, 9, [9],[[0.     0.9999 0.     0.     0.     0.     0.     0.     0.     0.
  0.     0.    ]], [1],1
2, 15, [15],[[0. 0. 1. 0. 0. 0. 0. 0. 0. 0. 0. 0.]], [2],1
11, 28, [28],[[0. 0. 0. 0. 0. 0. 0. 0. 0. 0. 0. 1.]], [11],1
11, 8, [8],[[0. 0. 0. 0. 0. 0. 0. 0. 0. 1. 0. 0.]], [9],1
11, 10, [10],[[0. 0. 0. 0. 0. 0. 0. 0. 0. 0. 0. 1.]], [11],1
10, 18, [18],[[0.     0.     0.     0.     0.0205 0.     0.     0.     0.0142 0.
  0.9653 0.    ]], [10],1
3, 21, [21 13 24 13 24 13 24],[[0.     0.     0.     0.428  0.     0.     0.     0.572  0.     0.
  0.     0.    ]
 [0.     0.     0.     0.5375 0.     0.     0.     0.4625 0.     0.
  0.     0.    ]
 [0.     0.     0.     0.597  0.     0.     0.     0.403  0.     0.
  0.     0.    ]
 [0.     0.     0.     0.5375 0.     0.     0.     0.4625 0.     0.
  0.     0.    ]
 [0.     0.     0.     0.597  0.     0.     0.     0.403  0.     0.
  0.     0.    ]
 [0.     0.     0.     0.5375 0.     0.     0.     0.4625 0.     0.
  0.     0.    ]
 [1.     1.     1.     1.     1.     1.     1.     1.     1.     1.
  1.     1.    ]], [7 3 3 3 3 3 3],7
6, 25, [25 13 24 13 24 13 24],[[0.0741 0.     0.     0.     0.     0.419  0.1953 0.3116 0.     0.
  0.     0.    ]
 [0.2923 0.     0.     0.     0.     0.1855 0.3031 0.219  0.     0.
  0.     0.    ]
 [0.3805 0.     0.     0.     0.     0.0977 0.2624 0.2594 0.     0.
  0.     0.    ]
 [0.2923 0.     0.     0.     0.     0.1855 0.3031 0.219  0.     0.
  0.     0.    ]
 [0.3805 0.     0.     0.     0.     0.0977 0.2624 0.2594 0.     0.
  0.     0.    ]
 [0.2923 0.     0.     0.     0.     0.1855 0.3031 0.219  0.     0.
  0.     0.    ]
 [1.     1.     1.     1.     1.     1.     1.     1.     1.     1.
  1.     1.    ]], [5 6 0 6 0 6 0],7
4, 14, [14 38 15],[[0.     0.6992 0.     0.     0.185  0.     0.     0.     0.1158 0.
  0.     0.    ]
 [0.     0.0351 0.     0.     0.6746 0.     0.     0.     0.2903 0.
  0.     0.    ]
 [0.     0.     0.     0.     1.     0.     0.     0.     0.     0.
  0.     0.    ]], [1 4 4],3
2, 28, [28],[[0. 0. 1. 0. 0. 0. 0. 0. 0. 0. 0. 0.]], [2],1
6, 30, [30 13 24 13 24 13 24],[[0.453  0.     0.0718 0.     0.     0.     0.1469 0.3282 0.     0.
  0.     0.    ]
 [0.3589 0.     0.     0.     0.     0.     0.3722 0.2689 0.     0.
  0.     0.    ]
 [0.4217 0.     0.     0.     0.     0.     0.2908 0.2874 0.     0.
  0.     0.    ]
 [0.3589 0.     0.     0.     0.     0.     0.3722 0.2689 0.     0.
  0.     0.    ]
 [0.4217 0.     0.     0.     0.     0.     0.2908 0.2874 0.     0.
  0.     0.    ]
 [0.3589 0.     0.     0.     0.     0.     0.3722 0.2689 0.     0.
  0.     0.    ]
 [1.     1.     1.     1.     1.     1.     1.     1.     1.     1.
  1.     1.    ]], [0 6 0 6 0 6 0],7
10, 31, [31],[[0. 0. 0. 0. 0. 0. 0. 0. 1. 0. 0. 0.]], [8],1
10, 20, [20],[[0. 0. 0. 0. 0. 0. 0. 0. 0. 0. 1. 0.]], [10],1
11, 30, [30],[[0.     0.     0.     0.     0.0009 0.     0.     0.     0.001  0.9976
  0.0004 0.    ]], [9],1
8, 16, [16],[[0. 0. 0. 0. 0. 0. 0. 0. 1. 0. 0. 0.]], [8],1
2, 21, [21],[[0. 0. 1. 0. 0. 0. 0. 0. 0. 0. 0. 0.]], [2],1
9, 9, [9],[[0. 0. 0. 0. 0. 0. 0. 0. 0. 1. 0. 0.]], [9],1
6, 3, [3],[[0.0003 0.     0.0001 0.     0.     0.9994 0.0001 0.0002 0.     0.
  0.     0.    ]], [5],1
10, 19, [19 15],[[0.     0.     0.     0.     0.513  0.     0.     0.     0.0835 0.
  0.4034 0.    ]
 [0.     0.     0.     0.     0.     0.     0.     0.     0.     0.
  1.     0.    ]], [ 4 10],2
1, 29, [29],[[0.     0.0001 0.     0.     0.9273 0.     0.     0.     0.0726 0.
  0.     0.    ]], [4],1
6, 12, [12],[[0.0001 0.     0.     0.     0.     0.9992 0.0002 0.0004 0.     0.
  0.     0.    ]], [5],1
1, 26, [26],[[0. 1. 0. 0. 0. 0. 0. 0. 0. 0. 0. 0.]], [1],1
5, 13, [13  3 13  3 13  3 13],[[0.2098 0.     0.     0.2011 0.     0.1948 0.2095 0.1848 0.     0.
  0.     0.    ]
 [0.0262 0.     0.     0.5496 0.     0.3857 0.     0.0385 0.     0.
  0.     0.    ]
 [0.2654 0.     0.     0.2544 0.     0.2464 0.     0.2338 0.     0.
  0.     0.    ]
 [0.0262 0.     0.     0.5496 0.     0.3857 0.     0.0385 0.     0.
  0.     0.    ]
 [0.2654 0.     0.     0.2544 0.     0.2464 0.     0.2338 0.     0.
  0.     0.    ]
 [0.0262 0.     0.     0.5496 0.     0.3857 0.     0.0385 0.     0.
  0.     0.    ]
 [1.     1.     1.     1.     1.     1.     1.     1.     1.     1.
  1.     1.    ]], [0 3 0 3 0 3 0],7
8, 15, [15],[[0. 0. 0. 0. 0. 0. 0. 0. 1. 0. 0. 0.]], [8],1
1, 23, [23],[[0.     0.9977 0.     0.0019 0.     0.     0.     0.0003 0.0001 0.
  0.     0.0001]], [1],1
9, 30, [30 15 13],[[0.     0.     0.     0.     0.     0.     0.     0.     0.     0.5203
  0.     0.4797]
 [0.     0.     0.     0.     0.     0.     0.     0.     0.     0.5734
  0.     0.4266]
 [0.     0.     0.     0.     0.     0.     0.     0.     0.     1.
  0.     0.    ]], [9 9 9],3
5, 8, [8],[[0.0103 0.     0.0395 0.0006 0.     0.8672 0.0144 0.068  0.     0.
  0.     0.    ]], [5],1
3, 15, [15],[[0. 0. 0. 1. 0. 0. 0. 0. 0. 0. 0. 0.]], [3],1
0, 1, [ 1 13],[[0.4188 0.     0.     0.     0.     0.     0.2629 0.3182 0.     0.
  0.     0.    ]
 [0.0001 0.     0.     0.     0.     0.     0.9999 0.0001 0.     0.
  0.     0.    ]], [0 6],2
4, 26, [26],[[0. 0. 0. 0. 1. 0. 0. 0. 0. 0. 0. 0.]], [4],1
2, 1, [1],[[0.0006 0.     0.     0.     0.     0.999  0.0001 0.0003 0.     0.
  0.     0.    ]], [5],1
0, 24, [24],[[0.     0.     0.     0.     0.     0.     0.     0.     0.     0.0076
  0.0001 0.9923]], [11],1
10, 32, [32],[[0.     0.     0.     0.     0.     0.0001 0.     0.     0.     0.
  0.9999 0.    ]], [10],1
1, 27, [27],[[0. 1. 0. 0. 0. 0. 0. 0. 0. 0. 0. 0.]], [1],1
3, 25, [25],[[0.001  0.     0.     0.     0.     0.9981 0.0003 0.0006 0.     0.
  0.     0.    ]], [5],1
7, 30, [30],[[0.006  0.     0.9919 0.     0.     0.     0.0008 0.0013 0.     0.
  0.     0.    ]], [2],1
4, 19, [19],[[0.     0.     0.     0.     0.2395 0.0001 0.     0.     0.7605 0.
  0.     0.    ]], [8],1
11, 29, [29],[[0.     0.     0.     0.     0.     0.     0.     0.     0.0001 0.
  0.9999 0.0001]], [10],1
1, 2, [2],[[0.     0.9998 0.     0.     0.     0.     0.     0.0001 0.     0.
  0.     0.    ]], [1],1
2, 27, [27],[[0. 0. 1. 0. 0. 0. 0. 0. 0. 0. 0. 0.]], [2],1
0, 6, [ 6 13],[[0.286  0.     0.0462 0.2443 0.     0.     0.1672 0.2563 0.     0.
  0.     0.    ]
 [0.0001 0.     0.0553 0.     0.     0.     0.9446 0.0001 0.     0.
  0.     0.    ]], [0 6],2
2, 13, [13],[[0. 0. 1. 0. 0. 0. 0. 0. 0. 0. 0. 0.]], [2],1
0, 27, [27],[[0.9891 0.     0.     0.     0.     0.0053 0.     0.0055 0.     0.
  0.     0.    ]], [0],1
4, 20, [20 15],[[0.     0.     0.     0.     0.6947 0.     0.     0.     0.3053 0.
  0.     0.    ]
 [0.     0.     0.     0.     1.     0.     0.     0.     0.     0.
  0.     0.    ]], [4 4],2
4, 10, [10],[[0.     0.0002 0.     0.     0.9992 0.     0.     0.     0.0007 0.
  0.     0.    ]], [4],1
2, 20, [20],[[0.     0.     0.     0.9995 0.     0.0005 0.     0.     0.     0.
  0.     0.    ]], [3],1
5, 23, [23 13 24 13 24 13 24],[[0.2768 0.     0.     0.2055 0.     0.     0.2188 0.2989 0.     0.
  0.     0.    ]
 [0.2606 0.     0.     0.2498 0.     0.     0.2601 0.2295 0.     0.
  0.     0.    ]
 [0.2472 0.     0.     0.3334 0.     0.     0.2201 0.1993 0.     0.
  0.     0.    ]
 [0.2606 0.     0.     0.2498 0.     0.     0.2601 0.2295 0.     0.
  0.     0.    ]
 [0.2472 0.     0.     0.3334 0.     0.     0.2201 0.1993 0.     0.
  0.     0.    ]
 [0.2606 0.     0.     0.2498 0.     0.     0.2601 0.2295 0.     0.
  0.     0.    ]
 [1.     1.     1.     1.     1.     1.     1.     1.     1.     1.
  1.     1.    ]], [7 0 3 0 3 0 3],7
3, 32, [32 13 24 13 24 13 24],[[0.     0.     0.     0.6578 0.     0.     0.     0.3422 0.     0.
  0.     0.    ]
 [0.     0.     0.     0.5375 0.     0.     0.     0.4625 0.     0.
  0.     0.    ]
 [0.     0.     0.     0.597  0.     0.     0.     0.403  0.     0.
  0.     0.    ]
 [0.     0.     0.     0.5375 0.     0.     0.     0.4625 0.     0.
  0.     0.    ]
 [0.     0.     0.     0.597  0.     0.     0.     0.403  0.     0.
  0.     0.    ]
 [0.     0.     0.     0.5375 0.     0.     0.     0.4625 0.     0.
  0.     0.    ]
 [1.     1.     1.     1.     1.     1.     1.     1.     1.     1.
  1.     1.    ]], [3 3 3 3 3 3 3],7
8, 20, [20  3],[[0.     0.     0.     0.     0.6568 0.     0.     0.     0.3432 0.
  0.     0.    ]
 [0.     0.     0.     0.     0.9966 0.     0.     0.     0.0034 0.
  0.     0.    ]], [4 4],2
7, 9, [ 9 13 24 13 24 13 24],[[0.1863 0.     0.     0.2787 0.     0.     0.3417 0.1933 0.     0.
  0.     0.    ]
 [0.2385 0.     0.     0.2435 0.     0.     0.292  0.2259 0.     0.
  0.     0.    ]
 [0.2488 0.     0.     0.1746 0.     0.     0.268  0.3087 0.     0.
  0.     0.    ]
 [0.2385 0.     0.     0.2435 0.     0.     0.292  0.2259 0.     0.
  0.     0.    ]
 [0.2488 0.     0.     0.1746 0.     0.     0.268  0.3087 0.     0.
  0.     0.    ]
 [0.2385 0.     0.     0.2435 0.     0.     0.292  0.2259 0.     0.
  0.     0.    ]
 [1.     1.     1.     1.     1.     1.     1.     1.     1.     1.
  1.     1.    ]], [6 6 7 6 7 6 7],7
0, 18, [18],[[0.9851 0.     0.     0.     0.     0.0001 0.0001 0.0146 0.     0.
  0.     0.    ]], [0],1
11, 31, [31],[[0.     0.     0.     0.     0.     0.     0.     0.     0.     0.
  0.0002 0.9998]], [11],1
1, 31, [31],[[0.     0.9999 0.     0.     0.     0.     0.     0.     0.     0.
  0.     0.    ]], [1],1
2, 2, [ 2  3 13 24 13 24 13],[[0.1292 0.     0.     0.0536 0.     0.6964 0.0736 0.0472 0.     0.
  0.     0.    ]
 [0.232  0.     0.     0.2458 0.     0.     0.2831 0.2391 0.     0.
  0.     0.    ]
 [0.6767 0.     0.     0.     0.     0.     0.3233 0.     0.     0.
  0.     0.    ]
 [0.532  0.     0.     0.     0.     0.     0.468  0.     0.     0.
  0.     0.    ]
 [0.6767 0.     0.     0.     0.     0.     0.3233 0.     0.     0.
  0.     0.    ]
 [0.532  0.     0.     0.     0.     0.     0.468  0.     0.     0.
  0.     0.    ]
 [1.     1.     1.     1.     1.     1.     1.     1.     1.     1.
  1.     1.    ]], [5 6 0 0 0 0 0],7
9, 8, [8],[[0. 0. 0. 0. 0. 0. 0. 0. 0. 1. 0. 0.]], [9],1
10, 23, [23],[[0.     0.     0.     0.     0.     0.     0.     0.     0.     0.9959
  0.0038 0.0003]], [9],1
9, 5, [5],[[0. 0. 0. 0. 0. 0. 0. 0. 0. 1. 0. 0.]], [9],1
1, 12, [12],[[0.     0.9997 0.     0.     0.0001 0.     0.     0.     0.0001 0.
  0.     0.    ]], [1],1
3, 3, [ 3 13 24 13 24 13 24],[[0.1546 0.2079 0.     0.503  0.     0.0896 0.     0.0448 0.     0.
  0.     0.    ]
 [0.3042 0.     0.     0.3522 0.     0.0405 0.     0.303  0.     0.
  0.     0.    ]
 [0.3139 0.     0.     0.4096 0.     0.     0.     0.2765 0.     0.
  0.     0.    ]
 [0.3171 0.     0.     0.3671 0.     0.     0.     0.3158 0.     0.
  0.     0.    ]
 [0.3139 0.     0.     0.4096 0.     0.     0.     0.2765 0.     0.
  0.     0.    ]
 [0.3171 0.     0.     0.3671 0.     0.     0.     0.3158 0.     0.
  0.     0.    ]
 [1.     1.     1.     1.     1.     1.     1.     1.     1.     1.
  1.     1.    ]], [3 3 3 3 3 3 3],7
0, 28, [28],[[0.     0.     0.     0.9999 0.     0.     0.     0.     0.     0.
  0.     0.    ]], [3],1
7, 19, [19 13 24 13 24 13 24],[[0.     0.     0.     0.     0.     0.6818 0.     0.3182 0.     0.
  0.     0.    ]
 [0.     0.     0.     0.     0.     0.341  0.     0.659  0.     0.
  0.     0.    ]
 [0.     0.     0.     0.     0.     0.5811 0.     0.4189 0.     0.
  0.     0.    ]
 [0.     0.     0.     0.     0.     0.341  0.     0.659  0.     0.
  0.     0.    ]
 [0.     0.     0.     0.     0.     0.5811 0.     0.4189 0.     0.
  0.     0.    ]
 [0.     0.     0.     0.     0.     0.341  0.     0.659  0.     0.
  0.     0.    ]
 [1.     1.     1.     1.     1.     1.     1.     1.     1.     1.
  1.     1.    ]], [5 7 5 7 5 7 5],7
11, 17, [17],[[0.     0.     0.     0.     0.0002 0.     0.     0.     0.0004 0.0434
  0.956  0.    ]], [10],1
4, 3, [3],[[0.     0.0004 0.0449 0.0002 0.8633 0.     0.     0.0008 0.     0.0043
  0.0162 0.0699]], [4],1
1, 6, [6],[[0.     0.9999 0.     0.     0.     0.     0.     0.     0.     0.
  0.     0.    ]], [1],1
6, 24, [24 13  3],[[0.2476 0.     0.     0.3495 0.     0.0636 0.1707 0.1687 0.     0.
  0.     0.    ]
 [0.2183 0.     0.     0.2531 0.     0.1385 0.2264 0.1636 0.     0.
  0.     0.    ]
 [0.0003 0.     0.     0.     0.     0.9994 0.0001 0.0002 0.     0.
  0.     0.    ]], [3 3 5],3
10, 29, [29],[[0. 0. 0. 0. 0. 0. 0. 0. 0. 0. 1. 0.]], [10],1
2, 23, [23 13 24 13 24 13 24],[[0.2191 0.     0.     0.2402 0.     0.1829 0.1644 0.1933 0.     0.
  0.     0.    ]
 [0.6767 0.     0.     0.     0.     0.     0.3233 0.     0.     0.
  0.     0.    ]
 [0.532  0.     0.     0.     0.     0.     0.468  0.     0.     0.
  0.     0.    ]
 [0.6767 0.     0.     0.     0.     0.     0.3233 0.     0.     0.
  0.     0.    ]
 [0.532  0.     0.     0.     0.     0.     0.468  0.     0.     0.
  0.     0.    ]
 [0.6767 0.     0.     0.     0.     0.     0.3233 0.     0.     0.
  0.     0.    ]
 [1.     1.     1.     1.     1.     1.     1.     1.     1.     1.
  1.     1.    ]], [3 0 0 0 0 0 0],7
6, 28, [28],[[0.0001 0.     0.     0.     0.     0.     0.9998 0.     0.     0.
  0.     0.    ]], [6],1
2, 8, [8],[[0.0026 0.     0.0001 0.     0.     0.9812 0.0043 0.0118 0.     0.
  0.     0.    ]], [5],1
4, 11, [11],[[0.     0.     0.     0.     0.7484 0.     0.     0.     0.2515 0.
  0.     0.    ]], [4],1
3, 13, [13 24 13 24 13 24 13],[[0.2141 0.     0.     0.2479 0.     0.0285 0.2961 0.2133 0.     0.
  0.     0.    ]
 [0.2323 0.     0.     0.3032 0.     0.     0.2598 0.2046 0.     0.
  0.     0.    ]
 [0.2204 0.     0.     0.2552 0.     0.     0.3048 0.2196 0.     0.
  0.     0.    ]
 [0.2323 0.     0.     0.3032 0.     0.     0.2598 0.2046 0.     0.
  0.     0.    ]
 [0.2204 0.     0.     0.2552 0.     0.     0.3048 0.2196 0.     0.
  0.     0.    ]
 [0.2323 0.     0.     0.3032 0.     0.     0.2598 0.2046 0.     0.
  0.     0.    ]
 [1.     1.     1.     1.     1.     1.     1.     1.     1.     1.
  1.     1.    ]], [6 3 6 3 6 3 6],7
8, 21, [21],[[0.     0.     0.     0.     0.     0.     0.     0.     0.9999 0.
  0.     0.    ]], [8],1
0, 16, [16],[[0.0002 0.     0.     0.     0.     0.0004 0.     0.9992 0.     0.0002
  0.     0.    ]], [7],1
11, 21, [21],[[0. 0. 0. 0. 0. 0. 0. 0. 0. 0. 0. 1.]], [11],1
0, 8, [8],[[0.0004 0.     0.     0.     0.     0.9974 0.0008 0.0014 0.     0.
  0.     0.    ]], [5],1
6, 27, [27],[[0. 0. 0. 0. 0. 0. 1. 0. 0. 0. 0. 0.]], [6],1
7, 18, [18],[[0.0879 0.     0.7588 0.083  0.     0.0005 0.0293 0.0405 0.     0.
  0.     0.    ]], [2],1
8, 13, [13],[[0. 0. 1. 0. 0. 0. 0. 0. 0. 0. 0. 0.]], [2],1
8, 3, [3],[[0.     0.     0.     0.     0.9966 0.     0.     0.     0.0034 0.
  0.     0.    ]], [4],1
7, 2, [ 2 13 24 13 24 13 24],[[0.3154 0.     0.     0.3206 0.     0.     0.2365 0.1275 0.     0.
  0.     0.    ]
 [0.2385 0.     0.     0.2435 0.     0.     0.292  0.2259 0.     0.
  0.     0.    ]
 [0.2488 0.     0.     0.1746 0.     0.     0.268  0.3087 0.     0.
  0.     0.    ]
 [0.2385 0.     0.     0.2435 0.     0.     0.292  0.2259 0.     0.
  0.     0.    ]
 [0.2488 0.     0.     0.1746 0.     0.     0.268  0.3087 0.     0.
  0.     0.    ]
 [0.2385 0.     0.     0.2435 0.     0.     0.292  0.2259 0.     0.
  0.     0.    ]
 [1.     1.     1.     1.     1.     1.     1.     1.     1.     1.
  1.     1.    ]], [3 6 7 6 7 6 7],7
8, 30, [30  3],[[0.     0.     0.     0.     0.397  0.     0.     0.     0.603  0.
  0.     0.    ]
 [0.     0.     0.     0.     0.9966 0.     0.     0.     0.0034 0.
  0.     0.    ]], [8 4],2
2, 14, [14],[[0.0004 0.     0.     0.     0.     0.9993 0.     0.     0.     0.0002
  0.     0.    ]], [5],1
5, 27, [27],[[0.0038 0.     0.0004 0.     0.     0.0747 0.9211 0.     0.     0.
  0.     0.    ]], [6],1
10, 14, [14],[[0. 0. 0. 0. 0. 0. 0. 0. 0. 0. 1. 0.]], [10],1
2, 5, [5],[[0.0059 0.     0.0001 0.0004 0.     0.9918 0.001  0.0008 0.     0.
  0.     0.    ]], [5],1
0, 26, [26],[[0.     0.0003 0.     0.9996 0.     0.     0.     0.     0.     0.
  0.     0.    ]], [3],1
11, 16, [16],[[0. 0. 0. 0. 0. 0. 0. 0. 0. 0. 0. 1.]], [11],1
5, 11, [11],[[0.0002 0.     0.     0.     0.     0.9994 0.0002 0.0002 0.     0.
  0.     0.    ]], [5],1
0, 22, [22],[[0.0289 0.9667 0.     0.0003 0.0022 0.0002 0.001  0.0005 0.0002 0.
  0.     0.    ]], [1],1
6, 4, [4],[[0.     0.     0.     0.     0.     0.     0.9998 0.     0.     0.
  0.     0.0002]], [6],1
8, 29, [29],[[0.     0.     0.     0.     0.     0.     0.     0.     0.9999 0.
  0.     0.    ]], [8],1
11, 23, [23],[[0.     0.     0.0008 0.     0.     0.     0.     0.     0.     0.
  0.     0.9992]], [11],1
1, 19, [19 38],[[0.0812 0.5849 0.     0.2355 0.     0.     0.     0.     0.     0.0984
  0.     0.    ]
 [0.     1.     0.     0.     0.     0.     0.     0.     0.     0.
  0.     0.    ]], [1 1],2
5, 15, [15],[[0.0009 0.     0.0001 0.0003 0.     0.8882 0.0022 0.1082 0.     0.0002
  0.     0.    ]], [5],1
11, 6, [6],[[0. 0. 0. 0. 0. 0. 0. 0. 0. 0. 0. 1.]], [11],1
8, 5, [5],[[0.     0.     0.     0.     0.2278 0.0001 0.     0.     0.7721 0.
  0.     0.    ]], [8],1
10, 26, [26],[[0.     0.     0.0007 0.     0.     0.     0.     0.     0.     0.
  0.9993 0.    ]], [10],1
11, 7, [7],[[0. 0. 0. 0. 0. 0. 0. 0. 0. 0. 0. 1.]], [11],1
10, 9, [9],[[0. 0. 0. 0. 0. 0. 0. 0. 0. 0. 0. 1.]], [11],1
6, 29, [29],[[0. 0. 0. 0. 0. 0. 1. 0. 0. 0. 0. 0.]], [6],1
8, 9, [9],[[0.     0.     0.0026 0.     0.     0.     0.     0.     0.     0.0005
  0.0004 0.9965]], [11],1
5, 3, [3],[[0.     0.1964 0.     0.0003 0.     0.0002 0.     0.     0.     0.8026
  0.     0.0003]], [9],1
10, 1, [1],[[0. 0. 0. 0. 0. 0. 0. 0. 0. 0. 1. 0.]], [10],1
6, 11, [11 13 24 13 24 13 24],[[0.1394 0.     0.6    0.1113 0.     0.     0.0545 0.0948 0.     0.
  0.     0.    ]
 [0.2535 0.     0.     0.2938 0.     0.     0.2628 0.1899 0.     0.
  0.     0.    ]
 [0.2644 0.     0.     0.3732 0.     0.     0.1823 0.1802 0.     0.
  0.     0.    ]
 [0.2535 0.     0.     0.2938 0.     0.     0.2628 0.1899 0.     0.
  0.     0.    ]
 [0.2644 0.     0.     0.3732 0.     0.     0.1823 0.1802 0.     0.
  0.     0.    ]
 [0.2535 0.     0.     0.2938 0.     0.     0.2628 0.1899 0.     0.
  0.     0.    ]
 [1.     1.     1.     1.     1.     1.     1.     1.     1.     1.
  1.     1.    ]], [2 3 3 3 3 3 3],7
7, 28, [28],[[0.0001 0.     0.     0.     0.     0.0019 0.     0.998  0.     0.
  0.     0.    ]], [7],1
1, 30, [30],[[0.0016 0.9578 0.     0.0289 0.     0.     0.     0.     0.0007 0.0045
  0.     0.0065]], [1],1
8, 11, [11],[[0.     0.8344 0.     0.     0.1215 0.     0.     0.0001 0.0438 0.
  0.     0.0001]], [1],1
0, 13, [13],[[0. 0. 0. 0. 0. 0. 0. 0. 0. 0. 0. 1.]], [11],1
2, 10, [10],[[0. 0. 1. 0. 0. 0. 0. 0. 0. 0. 0. 0.]], [2],1
9, 11, [11],[[0.     0.0007 0.     0.     0.     0.     0.     0.     0.     0.9992
  0.     0.    ]], [9],1
6, 1, [1],[[0.0015 0.     0.     0.     0.     0.998  0.0003 0.0001 0.     0.0002
  0.     0.    ]], [5],1
4, 30, [30  3],[[0.     0.     0.     0.     0.6492 0.     0.     0.     0.3508 0.
  0.     0.    ]
 [0.     0.     0.     0.     1.     0.     0.     0.     0.     0.
  0.     0.    ]], [4 4],2
4, 9, [9],[[0.     0.0004 0.0402 0.     0.7511 0.     0.     0.0002 0.     0.002
  0.0041 0.2019]], [4],1
9, 26, [26],[[0. 0. 0. 0. 0. 0. 0. 0. 0. 1. 0. 0.]], [9],1
6, 26, [26],[[0.     0.     0.2694 0.     0.     0.0001 0.7293 0.     0.     0.
  0.     0.0011]], [6],1
11, 32, [32],[[0.0001 0.     0.     0.     0.0003 0.     0.     0.0663 0.0001 0.8966
  0.0357 0.0009]], [9],1
11, 14, [14],[[0.     0.     0.     0.     0.0001 0.     0.     0.     0.0001 0.9962
  0.0036 0.    ]], [9],1
7, 15, [15],[[0.     0.     0.     0.0001 0.     0.0004 0.     0.9995 0.     0.
  0.     0.    ]], [7],1
11, 5, [5],[[0.     0.     0.     0.     0.     0.     0.     0.     0.     0.9999
  0.0001 0.    ]], [9],1
1, 5, [5],[[0.     0.9968 0.     0.     0.0021 0.     0.     0.     0.0009 0.
  0.     0.0001]], [1],1
11, 1, [1],[[0. 0. 0. 0. 0. 0. 0. 0. 0. 0. 0. 1.]], [11],1
1, 17, [17],[[0.     0.9989 0.     0.     0.0005 0.     0.     0.     0.0005 0.
  0.     0.0001]], [1],1
3, 17, [17],[[0.0002 0.     0.     0.     0.     0.9996 0.0001 0.     0.     0.
  0.     0.    ]], [5],1
11, 12, [12],[[0.     0.     0.991  0.     0.     0.0001 0.     0.     0.     0.
  0.     0.0088]], [2],1
8, 6, [6 3],[[0.     0.     0.     0.     0.3576 0.     0.     0.     0.6424 0.
  0.     0.    ]
 [0.     0.     0.     0.     0.9966 0.     0.     0.     0.0034 0.
  0.     0.    ]], [8 4],2
10, 21, [21],[[0.     0.     0.     0.     0.     0.0008 0.9992 0.     0.     0.
  0.     0.    ]], [6],1
0, 4, [4],[[0.9993 0.     0.     0.0001 0.     0.0001 0.0001 0.0005 0.     0.
  0.     0.    ]], [0],1
3, 2, [ 2 13 24 13 24 13 24],[[0.3225 0.     0.     0.216  0.     0.1921 0.1772 0.0921 0.     0.
  0.     0.    ]
 [0.2141 0.     0.     0.2479 0.     0.0285 0.2961 0.2133 0.     0.
  0.     0.    ]
 [0.2323 0.     0.     0.3032 0.     0.     0.2598 0.2046 0.     0.
  0.     0.    ]
 [0.2204 0.     0.     0.2552 0.     0.     0.3048 0.2196 0.     0.
  0.     0.    ]
 [0.2323 0.     0.     0.3032 0.     0.     0.2598 0.2046 0.     0.
  0.     0.    ]
 [0.2204 0.     0.     0.2552 0.     0.     0.3048 0.2196 0.     0.
  0.     0.    ]
 [1.     1.     1.     1.     1.     1.     1.     1.     1.     1.
  1.     1.    ]], [0 6 3 6 3 6 3],7
2, 32, [32],[[0.     0.0013 0.9949 0.0004 0.     0.     0.     0.0002 0.     0.0031
  0.0001 0.0001]], [2],1
6, 14, [14],[[0.     0.     0.     0.     0.     0.0016 0.     0.     0.     0.9984
  0.     0.    ]], [9],1
9, 22, [22],[[0.     0.     0.     0.     0.     0.     0.     0.     0.     0.9999
  0.0001 0.    ]], [9],1
9, 17, [17],[[0. 0. 0. 0. 0. 0. 0. 0. 0. 1. 0. 0.]], [9],1
1, 3, [3],[[0.     0.9999 0.     0.     0.     0.     0.     0.     0.     0.
  0.     0.    ]], [1],1
3, 8, [8],[[0.0001 0.     0.     0.     0.     0.9998 0.0001 0.     0.     0.
  0.     0.    ]], [5],1
8, 4, [4],[[0. 0. 0. 0. 0. 0. 0. 0. 1. 0. 0. 0.]], [8],1
4, 4, [4],[[0.     0.0002 0.     0.     0.9991 0.     0.     0.     0.0008 0.
  0.     0.    ]], [4],1
3, 31, [31],[[0.     0.     0.     0.9999 0.     0.0001 0.     0.     0.     0.
  0.     0.    ]], [3],1
