11, 2, [2],[[0.     0.     0.     0.     0.     0.     0.     0.     0.     0.0001
  0.0029 0.997 ]], [11],1
10, 6, [6],[[0.0001 0.     0.     0.     0.7942 0.     0.     0.0005 0.1838 0.0002
  0.0211 0.    ]], [4],1
0, 19, [19],[[0.065  0.     0.0001 0.     0.     0.0264 0.0691 0.8395 0.     0.
  0.     0.    ]], [7],1
4, 12, [12  3 13  3 13  3 13],[[0.     0.     0.     0.     0.6002 0.     0.     0.     0.3998 0.
  0.     0.    ]
 [0.     0.     0.     0.     0.4304 0.     0.     0.     0.5696 0.
  0.     0.    ]
 [0.     0.     0.     0.     0.4285 0.     0.     0.     0.5715 0.
  0.     0.    ]
 [0.     0.     0.     0.     0.4304 0.     0.     0.     0.5696 0.
  0.     0.    ]
 [0.     0.     0.     0.     0.4285 0.     0.     0.     0.5715 0.
  0.     0.    ]
 [0.     0.     0.     0.     0.4304 0.     0.     0.     0.5696 0.
  0.     0.    ]
 [1.     1.     1.     1.     1.     1.     1.     1.     1.     1.
  1.     1.    ]], [4 8 8 8 8 8 8],7
4, 5, [ 5  3 13  3 13  3 13],[[0.     0.     0.     0.     0.5628 0.     0.     0.     0.4372 0.
  0.     0.    ]
 [0.     0.     0.     0.     0.4304 0.     0.     0.     0.5696 0.
  0.     0.    ]
 [0.     0.     0.     0.     0.4285 0.     0.     0.     0.5715 0.
  0.     0.    ]
 [0.     0.     0.     0.     0.4304 0.     0.     0.     0.5696 0.
  0.     0.    ]
 [0.     0.     0.     0.     0.4285 0.     0.     0.     0.5715 0.
  0.     0.    ]
 [0.     0.     0.     0.     0.4304 0.     0.     0.     0.5696 0.
  0.     0.    ]
 [1.     1.     1.     1.     1.     1.     1.     1.     1.     1.
  1.     1.    ]], [4 8 8 8 8 8 8],7
11, 27, [27],[[0. 0. 0. 0. 0. 0. 0. 0. 0. 0. 0. 1.]], [11],1
7, 11, [11],[[0. 0. 0. 0. 0. 0. 0. 0. 0. 1. 0. 0.]], [9],1
10, 7, [7],[[0. 0. 0. 0. 0. 0. 0. 0. 0. 0. 1. 0.]], [10],1
0, 2, [ 2 13 24 13 24 13 24],[[0.1664 0.     0.     0.1051 0.     0.574  0.0874 0.0671 0.     0.
  0.     0.    ]
 [0.2173 0.     0.     0.1951 0.     0.0536 0.2931 0.2409 0.     0.
  0.     0.    ]
 [0.2465 0.     0.     0.2848 0.     0.     0.2761 0.1926 0.     0.
  0.     0.    ]
 [0.2296 0.     0.     0.2061 0.     0.     0.3097 0.2545 0.     0.
  0.     0.    ]
 [0.2465 0.     0.     0.2848 0.     0.     0.2761 0.1926 0.     0.
  0.     0.    ]
 [0.2296 0.     0.     0.2061 0.     0.     0.3097 0.2545 0.     0.
  0.     0.    ]
 [1.     1.     1.     1.     1.     1.     1.     1.     1.     1.
  1.     1.    ]], [5 6 3 6 3 6 3],7
8, 18, [18  3],[[0.     0.     0.     0.     0.4062 0.     0.     0.     0.5938 0.
  0.     0.    ]
 [0.     0.     0.     0.     0.9988 0.     0.     0.     0.0012 0.
  0.     0.    ]], [8 4],2
2, 6, [6],[[0.0002 0.     0.     0.     0.     0.9996 0.     0.0002 0.     0.
  0.     0.    ]], [5],1
9, 28, [28],[[0.     0.     0.     0.     0.     0.0001 0.8527 0.     0.     0.1471
  0.     0.    ]], [6],1
2, 18, [18],[[0. 0. 1. 0. 0. 0. 0. 0. 0. 0. 0. 0.]], [2],1
4, 29, [29],[[0.     0.     0.     0.     0.9989 0.     0.     0.     0.0011 0.
  0.     0.    ]], [4],1
11, 15, [15],[[0.     0.     0.     0.     0.     0.     0.     0.     0.     0.
  0.0133 0.9867]], [11],1
11, 25, [25],[[0. 0. 0. 0. 0. 0. 0. 0. 0. 0. 0. 1.]], [11],1
7, 20, [20 13 24 13 24 13 24],[[0.2502 0.     0.0544 0.     0.     0.     0.2891 0.4063 0.     0.
  0.     0.    ]
 [0.3309 0.     0.     0.     0.     0.     0.3967 0.2724 0.     0.
  0.     0.    ]
 [0.5078 0.     0.     0.     0.     0.     0.2737 0.2185 0.     0.
  0.     0.    ]
 [0.3309 0.     0.     0.     0.     0.     0.3967 0.2724 0.     0.
  0.     0.    ]
 [0.5078 0.     0.     0.     0.     0.     0.2737 0.2185 0.     0.
  0.     0.    ]
 [0.3309 0.     0.     0.     0.     0.     0.3967 0.2724 0.     0.
  0.     0.    ]
 [1.     1.     1.     1.     1.     1.     1.     1.     1.     1.
  1.     1.    ]], [7 6 0 6 0 6 0],7
7, 6, [6],[[0.0009 0.     0.     0.     0.     0.996  0.0004 0.0027 0.     0.
  0.     0.    ]], [5],1
4, 6, [6],[[0.     0.     0.     0.     0.2778 0.0004 0.     0.     0.7218 0.
  0.     0.    ]], [8],1
6, 9, [9],[[0.0004 0.     0.9996 0.     0.     0.     0.     0.     0.     0.
  0.     0.    ]], [2],1
3, 19, [19],[[0. 0. 0. 0. 0. 0. 0. 0. 0. 1. 0. 0.]], [9],1
8, 12, [12],[[0.     0.9999 0.     0.     0.     0.     0.     0.     0.     0.
  0.     0.    ]], [1],1
10, 4, [4],[[0.     0.     0.     0.     0.     0.     0.     0.     0.     0.
  0.9999 0.0001]], [10],1
5, 14, [14],[[0.0001 0.     0.     0.     0.     0.287  0.     0.     0.     0.7129
  0.     0.    ]], [9],1
10, 10, [10],[[0.     0.0001 0.0001 0.     0.     0.     0.     0.     0.0441 0.
  0.9557 0.    ]], [10],1
3, 22, [22],[[0. 0. 0. 1. 0. 0. 0. 0. 0. 0. 0. 0.]], [3],1
6, 17, [17],[[0.0003 0.     0.     0.     0.     0.9993 0.0001 0.0003 0.     0.
  0.     0.    ]], [5],1
3, 6, [ 6 13 24 13 24 13 24],[[0.1567 0.     0.0351 0.     0.     0.     0.3165 0.4917 0.     0.
  0.     0.    ]
 [0.323  0.     0.     0.     0.     0.     0.3787 0.2983 0.     0.
  0.     0.    ]
 [0.3968 0.     0.     0.     0.     0.     0.3347 0.2685 0.     0.
  0.     0.    ]
 [0.323  0.     0.     0.     0.     0.     0.3787 0.2983 0.     0.
  0.     0.    ]
 [0.3968 0.     0.     0.     0.     0.     0.3347 0.2685 0.     0.
  0.     0.    ]
 [0.323  0.     0.     0.     0.     0.     0.3787 0.2983 0.     0.
  0.     0.    ]
 [1.     1.     1.     1.     1.     1.     1.     1.     1.     1.
  1.     1.    ]], [7 6 0 6 0 6 0],7
0, 29, [29],[[0.0001 0.     0.     0.     0.     0.9727 0.0006 0.005  0.     0.0217
  0.     0.    ]], [5],1
3, 14, [14 13 24 13 24 13 24],[[0.296  0.     0.1284 0.0972 0.     0.     0.1705 0.3079 0.     0.
  0.     0.    ]
 [0.223  0.     0.     0.3097 0.     0.     0.2614 0.2059 0.     0.
  0.     0.    ]
 [0.2636 0.     0.     0.3356 0.     0.     0.2224 0.1784 0.     0.
  0.     0.    ]
 [0.223  0.     0.     0.3097 0.     0.     0.2614 0.2059 0.     0.
  0.     0.    ]
 [0.2636 0.     0.     0.3356 0.     0.     0.2224 0.1784 0.     0.
  0.     0.    ]
 [0.223  0.     0.     0.3097 0.     0.     0.2614 0.2059 0.     0.
  0.     0.    ]
 [1.     1.     1.     1.     1.     1.     1.     1.     1.     1.
  1.     1.    ]], [7 3 3 3 3 3 3],7
2, 24, [24],[[0. 0. 0. 0. 0. 0. 0. 0. 0. 0. 0. 1.]], [11],1
9, 29, [29],[[0.0004 0.0001 0.     0.     0.7203 0.     0.     0.0003 0.1893 0.0674
  0.0222 0.    ]], [4],1
5, 6, [ 6 13 24 13 24 13 24],[[0.2863 0.     0.0415 0.     0.     0.     0.2664 0.4058 0.     0.
  0.     0.    ]
 [0.5963 0.     0.     0.     0.     0.     0.219  0.1847 0.     0.
  0.     0.    ]
 [0.3781 0.     0.     0.     0.     0.     0.3033 0.3186 0.     0.
  0.     0.    ]
 [0.5963 0.     0.     0.     0.     0.     0.219  0.1847 0.     0.
  0.     0.    ]
 [0.3781 0.     0.     0.     0.     0.     0.3033 0.3186 0.     0.
  0.     0.    ]
 [0.5963 0.     0.     0.     0.     0.     0.219  0.1847 0.     0.
  0.     0.    ]
 [1.     1.     1.     1.     1.     1.     1.     1.     1.     1.
  1.     1.    ]], [7 0 0 0 0 0 0],7
11, 3, [3],[[0.     0.     0.0008 0.     0.     0.     0.     0.     0.     0.001
  0.     0.9982]], [11],1
8, 22, [22],[[0.     0.9999 0.     0.     0.0001 0.     0.     0.     0.     0.
  0.     0.    ]], [1],1
1, 8, [8],[[0.     0.9971 0.     0.     0.0016 0.     0.     0.     0.0011 0.
  0.     0.0001]], [1],1
1, 7, [7],[[0.     0.9998 0.     0.     0.0001 0.     0.     0.     0.     0.
  0.     0.    ]], [1],1
3, 30, [30],[[0.0796 0.     0.9108 0.0005 0.     0.     0.0031 0.0059 0.     0.
  0.     0.    ]], [2],1
2, 11, [11],[[0.0001 0.     0.9999 0.     0.     0.     0.     0.     0.     0.
  0.     0.    ]], [2],1
5, 4, [4],[[0.     0.     0.     0.     0.     0.9869 0.0008 0.0119 0.     0.0004
  0.     0.    ]], [5],1
7, 24, [24 13 24 13 24 13 24],[[0.308  0.     0.     0.3935 0.     0.     0.166  0.1325 0.     0.
  0.     0.    ]
 [0.2445 0.     0.     0.2612 0.     0.     0.293  0.2013 0.     0.
  0.     0.    ]
 [0.308  0.     0.     0.3935 0.     0.     0.166  0.1325 0.     0.
  0.     0.    ]
 [0.2445 0.     0.     0.2612 0.     0.     0.293  0.2013 0.     0.
  0.     0.    ]
 [0.308  0.     0.     0.3935 0.     0.     0.166  0.1325 0.     0.
  0.     0.    ]
 [0.2445 0.     0.     0.2612 0.     0.     0.293  0.2013 0.     0.
  0.     0.    ]
 [1.     1.     1.     1.     1.     1.     1.     1.     1.     1.
  1.     1.    ]], [3 6 3 6 3 6 3],7
2, 26, [26],[[0. 0. 1. 0. 0. 0. 0. 0. 0. 0. 0. 0.]], [2],1
5, 19, [19],[[0.0001 0.     0.     0.     0.     0.9991 0.0003 0.0005 0.     0.
  0.     0.    ]], [5],1
7, 8, [ 8 13 24 13 24 13 24],[[0.2544 0.     0.1662 0.3051 0.     0.     0.11   0.1643 0.     0.
  0.     0.    ]
 [0.2445 0.     0.     0.2612 0.     0.     0.293  0.2013 0.     0.
  0.     0.    ]
 [0.308  0.     0.     0.3935 0.     0.     0.166  0.1325 0.     0.
  0.     0.    ]
 [0.2445 0.     0.     0.2612 0.     0.     0.293  0.2013 0.     0.
  0.     0.    ]
 [0.308  0.     0.     0.3935 0.     0.     0.166  0.1325 0.     0.
  0.     0.    ]
 [0.2445 0.     0.     0.2612 0.     0.     0.293  0.2013 0.     0.
  0.     0.    ]
 [1.     1.     1.     1.     1.     1.     1.     1.     1.     1.
  1.     1.    ]], [3 6 3 6 3 6 3],7
4, 17, [17  3 13  3 13  3 13],[[0.     0.     0.     0.     0.514  0.     0.     0.     0.486  0.
  0.     0.    ]
 [0.     0.     0.     0.     0.4304 0.     0.     0.     0.5696 0.
  0.     0.    ]
 [0.     0.     0.     0.     0.4285 0.     0.     0.     0.5715 0.
  0.     0.    ]
 [0.     0.     0.     0.     0.4304 0.     0.     0.     0.5696 0.
  0.     0.    ]
 [0.     0.     0.     0.     0.4285 0.     0.     0.     0.5715 0.
  0.     0.    ]
 [0.     0.     0.     0.     0.4304 0.     0.     0.     0.5696 0.
  0.     0.    ]
 [1.     1.     1.     1.     1.     1.     1.     1.     1.     1.
  1.     1.    ]], [4 8 8 8 8 8 8],7
2, 7, [7],[[0. 0. 1. 0. 0. 0. 0. 0. 0. 0. 0. 0.]], [2],1
3, 16, [16],[[0. 0. 0. 1. 0. 0. 0. 0. 0. 0. 0. 0.]], [3],1
9, 20, [20],[[0. 0. 0. 0. 0. 0. 0. 0. 0. 0. 0. 1.]], [11],1
6, 8, [8],[[0.0001 0.     0.     0.     0.     0.9998 0.0001 0.     0.     0.
  0.     0.    ]], [5],1
4, 27, [27],[[0.     0.0001 0.     0.     0.9996 0.     0.     0.     0.0003 0.
  0.     0.    ]], [4],1
10, 12, [12],[[0. 0. 0. 0. 0. 0. 0. 0. 0. 0. 0. 1.]], [11],1
5, 18, [18 13],[[0.2084 0.     0.     0.2864 0.     0.0285 0.2914 0.1853 0.     0.
  0.     0.    ]
 [0.0241 0.     0.     0.0067 0.     0.9529 0.0089 0.0075 0.     0.
  0.     0.    ]], [6 5],2
9, 16, [16 13],[[0.     0.     0.     0.     0.     0.347  0.     0.     0.     0.653
  0.     0.    ]
 [0.     0.     0.     0.     0.     0.9494 0.     0.     0.     0.0506
  0.     0.    ]], [9 5],2
1, 24, [24],[[0.     0.9998 0.     0.0001 0.     0.     0.     0.     0.     0.
  0.     0.0001]], [1],1
9, 23, [23],[[0. 0. 1. 0. 0. 0. 0. 0. 0. 0. 0. 0.]], [2],1
8, 32, [32],[[0.     0.9635 0.     0.     0.0357 0.     0.     0.     0.0008 0.
  0.     0.    ]], [1],1
11, 22, [22],[[0. 0. 0. 0. 0. 0. 0. 0. 0. 0. 0. 1.]], [11],1
9, 14, [14],[[0. 0. 0. 0. 0. 0. 0. 0. 0. 0. 0. 1.]], [11],1
4, 22, [22],[[0.     0.9995 0.     0.     0.0004 0.     0.     0.     0.0001 0.
  0.     0.    ]], [1],1
11, 26, [26 13],[[0.     0.     0.     0.     0.     0.     0.6437 0.     0.     0.
  0.     0.3563]
 [0.     0.     0.     0.     0.     0.     0.0053 0.     0.     0.
  0.     0.9947]], [ 6 11],2
11, 11, [11],[[0. 0. 0. 0. 0. 0. 0. 0. 0. 0. 0. 1.]], [11],1
7, 22, [22],[[0.0001 0.     0.     0.     0.     0.9995 0.     0.0004 0.     0.
  0.     0.    ]], [5],1
8, 25, [25  3],[[0.     0.     0.     0.     0.3705 0.     0.     0.     0.6295 0.
  0.     0.    ]
 [0.     0.     0.     0.     0.9988 0.     0.     0.     0.0012 0.
  0.     0.    ]], [8 4],2
0, 20, [20],[[0.0003 0.     0.     0.7897 0.0001 0.2071 0.     0.     0.0025 0.0001
  0.     0.    ]], [3],1
8, 27, [27],[[0.     0.0079 0.0001 0.0001 0.     0.     0.     0.     0.9912 0.
  0.0008 0.    ]], [8],1
6, 7, [7],[[0.0005 0.     0.     0.     0.     0.9673 0.0002 0.     0.     0.0319
  0.     0.    ]], [5],1
11, 19, [19],[[0.     0.     0.     0.     0.0056 0.0095 0.0004 0.0001 0.001  0.011
  0.0002 0.9722]], [11],1
3, 20, [20],[[0.0001 0.     0.0018 0.9476 0.0008 0.0484 0.0002 0.     0.0008 0.0002
  0.     0.0001]], [3],1
7, 21, [21],[[0.     0.     0.     0.     0.     0.0018 0.0043 0.9659 0.     0.0279
  0.     0.    ]], [7],1
8, 2, [2],[[0.     0.     0.0001 0.     0.     0.     0.     0.     0.     0.0006
  0.0018 0.9975]], [11],1
9, 25, [25],[[0.     0.     0.     0.     0.     0.     0.     0.     0.     0.9988
  0.0012 0.    ]], [9],1
10, 13, [13],[[0. 0. 0. 0. 0. 0. 0. 0. 0. 0. 1. 0.]], [10],1
0, 12, [12],[[0.0002 0.     0.     0.     0.     0.9989 0.0004 0.0004 0.     0.
  0.     0.    ]], [5],1
11, 4, [4],[[0.     0.     0.     0.     0.     0.     0.     0.     0.     0.
  0.0004 0.9996]], [11],1
3, 11, [11 13 24 13 24 13 24],[[0.0876 0.     0.2509 0.0659 0.     0.4177 0.1008 0.0771 0.     0.
  0.     0.    ]
 [0.2108 0.     0.     0.2927 0.     0.0549 0.2471 0.1946 0.     0.
  0.     0.    ]
 [0.2636 0.     0.     0.3356 0.     0.     0.2224 0.1784 0.     0.
  0.     0.    ]
 [0.223  0.     0.     0.3097 0.     0.     0.2614 0.2059 0.     0.
  0.     0.    ]
 [0.2636 0.     0.     0.3356 0.     0.     0.2224 0.1784 0.     0.
  0.     0.    ]
 [0.223  0.     0.     0.3097 0.     0.     0.2614 0.2059 0.     0.
  0.     0.    ]
 [1.     1.     1.     1.     1.     1.     1.     1.     1.     1.
  1.     1.    ]], [5 3 3 3 3 3 3],7
6, 32, [32],[[0.     0.0008 0.     0.0001 0.     0.     0.     0.     0.999  0.
  0.     0.    ]], [8],1
5, 5, [5],[[0.0125 0.     0.0004 0.0005 0.     0.9849 0.0011 0.0007 0.     0.
  0.     0.    ]], [5],1
9, 6, [6],[[0. 0. 0. 0. 0. 0. 0. 0. 0. 1. 0. 0.]], [9],1
10, 2, [2],[[0. 0. 0. 0. 0. 0. 0. 0. 0. 0. 1. 0.]], [10],1
1, 1, [1],[[0.     0.9956 0.     0.     0.0022 0.     0.     0.     0.0021 0.
  0.     0.0001]], [1],1
4, 13, [13  3 13  3 13  3 13],[[0.     0.     0.     0.     0.4285 0.     0.     0.     0.5715 0.
  0.     0.    ]
 [0.     0.     0.     0.     0.4304 0.     0.     0.     0.5696 0.
  0.     0.    ]
 [0.     0.     0.     0.     0.4285 0.     0.     0.     0.5715 0.
  0.     0.    ]
 [0.     0.     0.     0.     0.4304 0.     0.     0.     0.5696 0.
  0.     0.    ]
 [0.     0.     0.     0.     0.4285 0.     0.     0.     0.5715 0.
  0.     0.    ]
 [0.     0.     0.     0.     0.4304 0.     0.     0.     0.5696 0.
  0.     0.    ]
 [1.     1.     1.     1.     1.     1.     1.     1.     1.     1.
  1.     1.    ]], [8 8 8 8 8 8 8],7
6, 10, [10],[[0.0007 0.     0.     0.     0.     0.0738 0.9254 0.     0.     0.
  0.     0.    ]], [6],1
7, 27, [27],[[0.0001 0.     0.     0.     0.     0.0001 0.     0.9997 0.     0.
  0.     0.    ]], [7],1
5, 31, [31],[[0.0016 0.     0.0001 0.0021 0.0001 0.0005 0.9617 0.0339 0.     0.
  0.     0.    ]], [6],1
6, 31, [31],[[0.     0.     0.0076 0.     0.     0.0044 0.741  0.247  0.     0.
  0.     0.    ]], [6],1
10, 27, [27],[[0.     0.     0.     0.     0.     0.     0.     0.     0.     0.
  0.9999 0.0001]], [10],1
6, 18, [18 13  3 13  3 13  3],[[0.1353 0.     0.     0.1349 0.     0.5397 0.0656 0.1246 0.     0.
  0.     0.    ]
 [0.205  0.     0.     0.2536 0.     0.1987 0.2001 0.1427 0.     0.
  0.     0.    ]
 [0.2771 0.     0.     0.148  0.     0.0269 0.2598 0.2883 0.     0.
  0.     0.    ]
 [0.205  0.     0.     0.2536 0.     0.1987 0.2001 0.1427 0.     0.
  0.     0.    ]
 [0.2771 0.     0.     0.148  0.     0.0269 0.2598 0.2883 0.     0.
  0.     0.    ]
 [0.205  0.     0.     0.2536 0.     0.1987 0.2001 0.1427 0.     0.
  0.     0.    ]
 [1.     1.     1.     1.     1.     1.     1.     1.     1.     1.
  1.     1.    ]], [5 3 7 3 7 3 7],7
10, 8, [8],[[0. 0. 0. 0. 0. 0. 0. 0. 0. 0. 1. 0.]], [10],1
0, 30, [30],[[0.8982 0.     0.0158 0.0002 0.     0.0001 0.0201 0.0657 0.     0.
  0.     0.    ]], [0],1
2, 12, [12],[[0.0007 0.     0.8815 0.     0.     0.033  0.0089 0.0759 0.     0.
  0.     0.    ]], [2],1
10, 16, [16],[[0.     0.     0.0015 0.     0.     0.     0.     0.     0.     0.
  0.9984 0.    ]], [10],1
3, 5, [5],[[0.0129 0.     0.0017 0.0008 0.     0.9807 0.0021 0.0017 0.     0.
  0.     0.    ]], [5],1
9, 21, [21],[[0. 0. 0. 0. 0. 0. 0. 0. 0. 1. 0. 0.]], [9],1
10, 11, [11],[[0. 0. 0. 0. 0. 0. 0. 0. 0. 0. 1. 0.]], [10],1
4, 8, [ 8  3 13  3 13  3 13],[[0.     0.     0.     0.     0.5269 0.     0.     0.     0.4731 0.
  0.     0.    ]
 [0.     0.     0.     0.     0.4304 0.     0.     0.     0.5696 0.
  0.     0.    ]
 [0.     0.     0.     0.     0.4285 0.     0.     0.     0.5715 0.
  0.     0.    ]
 [0.     0.     0.     0.     0.4304 0.     0.     0.     0.5696 0.
  0.     0.    ]
 [0.     0.     0.     0.     0.4285 0.     0.     0.     0.5715 0.
  0.     0.    ]
 [0.     0.     0.     0.     0.4304 0.     0.     0.     0.5696 0.
  0.     0.    ]
 [1.     1.     1.     1.     1.     1.     1.     1.     1.     1.
  1.     1.    ]], [4 8 8 8 8 8 8],7
5, 29, [29 13],[[0.     0.     0.     0.     0.     0.4778 0.     0.5222 0.     0.
  0.     0.    ]
 [0.     0.     0.     0.     0.     0.9922 0.     0.0078 0.     0.
  0.     0.    ]], [7 5],2
4, 32, [32],[[0.     0.1268 0.0065 0.     0.8637 0.     0.     0.     0.0029 0.
  0.0001 0.    ]], [4],1
6, 22, [22],[[0.0001 0.     0.0131 0.0005 0.     0.0014 0.9532 0.0317 0.     0.
  0.     0.    ]], [6],1
8, 14, [14],[[0.     0.9961 0.     0.     0.0021 0.     0.     0.     0.0017 0.
  0.     0.0001]], [1],1
3, 10, [10],[[0.0002 0.     0.     0.9997 0.     0.     0.     0.     0.     0.
  0.     0.    ]], [3],1
5, 26, [26 13],[[0.6174 0.     0.     0.     0.     0.3013 0.     0.0813 0.     0.
  0.     0.    ]
 [0.0245 0.     0.     0.     0.     0.9679 0.     0.0076 0.     0.
  0.     0.    ]], [0 5],2
6, 23, [23 13  3 13  3 13  3],[[0.1904 0.     0.     0.2037 0.     0.2215 0.2066 0.1778 0.     0.
  0.     0.    ]
 [0.205  0.     0.     0.2536 0.     0.1987 0.2001 0.1427 0.     0.
  0.     0.    ]
 [0.2771 0.     0.     0.148  0.     0.0269 0.2598 0.2883 0.     0.
  0.     0.    ]
 [0.205  0.     0.     0.2536 0.     0.1987 0.2001 0.1427 0.     0.
  0.     0.    ]
 [0.2771 0.     0.     0.148  0.     0.0269 0.2598 0.2883 0.     0.
  0.     0.    ]
 [0.205  0.     0.     0.2536 0.     0.1987 0.2001 0.1427 0.     0.
  0.     0.    ]
 [1.     1.     1.     1.     1.     1.     1.     1.     1.     1.
  1.     1.    ]], [5 3 7 3 7 3 7],7
4, 21, [21],[[0.     0.     0.     0.     0.9998 0.     0.     0.     0.0002 0.
  0.     0.    ]], [4],1
3, 24, [24 13 24 13 24 13 24],[[0.2636 0.     0.     0.3356 0.     0.     0.2224 0.1784 0.     0.
  0.     0.    ]
 [0.223  0.     0.     0.3097 0.     0.     0.2614 0.2059 0.     0.
  0.     0.    ]
 [0.2636 0.     0.     0.3356 0.     0.     0.2224 0.1784 0.     0.
  0.     0.    ]
 [0.223  0.     0.     0.3097 0.     0.     0.2614 0.2059 0.     0.
  0.     0.    ]
 [0.2636 0.     0.     0.3356 0.     0.     0.2224 0.1784 0.     0.
  0.     0.    ]
 [0.223  0.     0.     0.3097 0.     0.     0.2614 0.2059 0.     0.
  0.     0.    ]
 [1.     1.     1.     1.     1.     1.     1.     1.     1.     1.
  1.     1.    ]], [3 3 3 3 3 3 3],7
8, 10, [10],[[0. 0. 0. 0. 0. 0. 0. 0. 1. 0. 0. 0.]], [8],1
9, 3, [3],[[0.     0.0001 0.     0.     0.9653 0.     0.     0.0001 0.0345 0.
  0.     0.    ]], [4],1
9, 27, [27],[[0. 0. 0. 0. 0. 0. 0. 0. 0. 1. 0. 0.]], [9],1
1, 4, [4],[[0. 1. 0. 0. 0. 0. 0. 0. 0. 0. 0. 0.]], [1],1
1, 16, [16],[[0. 1. 0. 0. 0. 0. 0. 0. 0. 0. 0. 0.]], [1],1
10, 3, [3],[[0. 0. 0. 0. 0. 0. 0. 0. 0. 0. 1. 0.]], [10],1
1, 21, [21],[[0. 1. 0. 0. 0. 0. 0. 0. 0. 0. 0. 0.]], [1],1
0, 9, [ 9 13 24 13 24 13 24],[[0.217  0.     0.     0.2307 0.     0.     0.3656 0.1867 0.     0.
  0.     0.    ]
 [0.2296 0.     0.     0.2061 0.     0.     0.3097 0.2545 0.     0.
  0.     0.    ]
 [0.2465 0.     0.     0.2848 0.     0.     0.2761 0.1926 0.     0.
  0.     0.    ]
 [0.2296 0.     0.     0.2061 0.     0.     0.3097 0.2545 0.     0.
  0.     0.    ]
 [0.2465 0.     0.     0.2848 0.     0.     0.2761 0.1926 0.     0.
  0.     0.    ]
 [0.2296 0.     0.     0.2061 0.     0.     0.3097 0.2545 0.     0.
  0.     0.    ]
 [1.     1.     1.     1.     1.     1.     1.     1.     1.     1.
  1.     1.    ]], [6 6 3 6 3 6 3],7
4, 23, [23  3 13  3 13  3 13],[[0.     0.     0.     0.     0.6192 0.     0.     0.     0.3808 0.
  0.     0.    ]
 [0.     0.     0.     0.     0.4304 0.     0.     0.     0.5696 0.
  0.     0.    ]
 [0.     0.     0.     0.     0.4285 0.     0.     0.     0.5715 0.
  0.     0.    ]
 [0.     0.     0.     0.     0.4304 0.     0.     0.     0.5696 0.
  0.     0.    ]
 [0.     0.     0.     0.     0.4285 0.     0.     0.     0.5715 0.
  0.     0.    ]
 [0.     0.     0.     0.     0.4304 0.     0.     0.     0.5696 0.
  0.     0.    ]
 [1.     1.     1.     1.     1.     1.     1.     1.     1.     1.
  1.     1.    ]], [4 8 8 8 8 8 8],7
7, 31, [31],[[0.     0.     0.0101 0.0003 0.0002 0.0012 0.9635 0.0247 0.     0.
  0.     0.    ]], [6],1
4, 18, [18  3 13  3 13  3 13],[[0.     0.     0.     0.     0.3508 0.     0.     0.     0.6492 0.
  0.     0.    ]
 [0.     0.     0.     0.     0.4304 0.     0.     0.     0.5696 0.
  0.     0.    ]
 [0.     0.     0.     0.     0.4285 0.     0.     0.     0.5715 0.
  0.     0.    ]
 [0.     0.     0.     0.     0.4304 0.     0.     0.     0.5696 0.
  0.     0.    ]
 [0.     0.     0.     0.     0.4285 0.     0.     0.     0.5715 0.
  0.     0.    ]
 [0.     0.     0.     0.     0.4304 0.     0.     0.     0.5696 0.
  0.     0.    ]
 [1.     1.     1.     1.     1.     1.     1.     1.     1.     1.
  1.     1.    ]], [8 8 8 8 8 8 8],7
8, 1, [1],[[0.     0.0211 0.     0.     0.7259 0.     0.     0.0001 0.2529 0.
  0.     0.    ]], [4],1
2, 17, [17],[[0.0001 0.     0.     0.     0.     0.9997 0.0001 0.0001 0.     0.
  0.     0.    ]], [5],1
3, 27, [27],[[0.     0.     0.     0.9999 0.     0.     0.     0.     0.     0.
  0.     0.    ]], [3],1
9, 12, [12],[[0.     0.     0.     0.     0.0002 0.     0.     0.0001 0.     0.936
  0.0637 0.    ]], [9],1
3, 12, [12],[[0.     0.     0.     0.9987 0.     0.0011 0.     0.     0.0002 0.
  0.     0.    ]], [3],1
8, 24, [24],[[0.     0.     0.     0.     0.     0.     0.     0.     0.     0.0009
  0.0912 0.9079]], [11],1
1, 13, [13],[[0.     0.9995 0.     0.0003 0.     0.     0.     0.0001 0.     0.
  0.     0.    ]], [1],1
11, 24, [24],[[0.     0.     0.     0.     0.     0.     0.     0.     0.     0.
  0.1869 0.813 ]], [11],1
3, 7, [7],[[0.     0.0042 0.     0.9855 0.0008 0.0042 0.     0.0001 0.0051 0.
  0.     0.    ]], [3],1
6, 16, [16],[[0. 0. 0. 0. 0. 0. 1. 0. 0. 0. 0. 0.]], [6],1
4, 28, [28],[[0. 0. 0. 0. 1. 0. 0. 0. 0. 0. 0. 0.]], [4],1
9, 18, [18],[[0.     0.     0.0001 0.     0.     0.     0.     0.     0.     0.
  0.     0.9999]], [11],1
10, 5, [5],[[0. 0. 0. 0. 0. 0. 0. 0. 0. 0. 1. 0.]], [10],1
7, 3, [3],[[0.0022 0.     0.0013 0.0001 0.     0.9913 0.0019 0.0032 0.     0.
  0.     0.    ]], [5],1
2, 25, [25],[[0.9992 0.     0.     0.     0.     0.0005 0.     0.0003 0.     0.
  0.     0.    ]], [0],1
9, 32, [32],[[0.     0.     0.     0.     0.     0.0021 0.0006 0.     0.     0.9973
  0.     0.    ]], [9],1
10, 17, [17],[[0. 0. 0. 0. 0. 0. 0. 0. 0. 0. 1. 0.]], [10],1
9, 15, [15],[[0.     0.     0.     0.     0.     0.0002 0.     0.     0.     0.9994
  0.     0.0004]], [9],1
8, 23, [23],[[0. 0. 1. 0. 0. 0. 0. 0. 0. 0. 0. 0.]], [2],1
10, 22, [22],[[0. 0. 0. 0. 0. 0. 0. 0. 0. 0. 1. 0.]], [10],1
5, 20, [20],[[0.0002 0.     0.     0.     0.     0.9776 0.0001 0.     0.     0.0221
  0.     0.    ]], [5],1
1, 11, [11],[[0.     0.9998 0.     0.     0.0001 0.     0.     0.     0.0001 0.
  0.     0.    ]], [1],1
11, 20, [20],[[0. 0. 0. 0. 0. 0. 0. 0. 0. 0. 0. 1.]], [11],1
5, 9, [9],[[0.0003 0.     0.     0.     0.     0.9996 0.     0.     0.     0.
  0.     0.    ]], [5],1
2, 29, [29],[[0. 0. 1. 0. 0. 0. 0. 0. 0. 0. 0. 0.]], [2],1
8, 7, [7],[[0.     0.9998 0.     0.     0.0001 0.     0.     0.     0.0001 0.
  0.     0.0001]], [1],1
7, 12, [12],[[0.0001 0.     0.     0.     0.     0.9995 0.0001 0.0004 0.     0.
  0.     0.    ]], [5],1
6, 19, [19],[[0.0331 0.     0.     0.     0.     0.9561 0.0037 0.0003 0.     0.0068
  0.     0.    ]], [5],1
3, 23, [23 13 24 13 24 13 24],[[0.1704 0.     0.     0.1896 0.     0.3744 0.1278 0.1378 0.     0.
  0.     0.    ]
 [0.2108 0.     0.     0.2927 0.     0.0549 0.2471 0.1946 0.     0.
  0.     0.    ]
 [0.2636 0.     0.     0.3356 0.     0.     0.2224 0.1784 0.     0.
  0.     0.    ]
 [0.223  0.     0.     0.3097 0.     0.     0.2614 0.2059 0.     0.
  0.     0.    ]
 [0.2636 0.     0.     0.3356 0.     0.     0.2224 0.1784 0.     0.
  0.     0.    ]
 [0.223  0.     0.     0.3097 0.     0.     0.2614 0.2059 0.     0.
  0.     0.    ]
 [1.     1.     1.     1.     1.     1.     1.     1.     1.     1.
  1.     1.    ]], [5 3 3 3 3 3 3],7
7, 4, [4],[[0.     0.     0.     0.     0.     0.9755 0.0083 0.014  0.     0.0022
  0.     0.    ]], [5],1
5, 21, [21],[[0.     0.     0.     0.     0.     0.2691 0.0056 0.0001 0.     0.7252
  0.     0.    ]], [9],1
6, 5, [5],[[0.0121 0.     0.0008 0.0024 0.     0.9742 0.0063 0.0041 0.     0.
  0.     0.    ]], [5],1
5, 1, [1],[[0.0009 0.     0.     0.     0.     0.9988 0.0001 0.0002 0.     0.
  0.     0.    ]], [5],1
2, 30, [30],[[0.8254 0.     0.1019 0.0003 0.     0.0001 0.0207 0.0515 0.     0.
  0.     0.    ]], [0],1
5, 7, [ 7 13 24 13 24 13 24],[[0.     0.     0.417  0.     0.     0.     0.4229 0.1601 0.     0.
  0.     0.    ]
 [0.     0.     0.     0.     0.     0.     0.5426 0.4574 0.     0.
  0.     0.    ]
 [0.     0.     0.     0.     0.     0.     0.4877 0.5123 0.     0.
  0.     0.    ]
 [0.     0.     0.     0.     0.     0.     0.5426 0.4574 0.     0.
  0.     0.    ]
 [0.     0.     0.     0.     0.     0.     0.4877 0.5123 0.     0.
  0.     0.    ]
 [0.     0.     0.     0.     0.     0.     0.5426 0.4574 0.     0.
  0.     0.    ]
 [1.     1.     1.     1.     1.     1.     1.     1.     1.     1.
  1.     1.    ]], [6 6 7 6 7 6 7],7
7, 25, [25],[[0.     0.     0.     0.     0.     0.9935 0.006  0.     0.     0.0004
  0.     0.    ]], [5],1
5, 10, [10],[[0.     0.     0.     0.     0.     0.9897 0.     0.     0.     0.
  0.0102 0.    ]], [5],1
5, 25, [25],[[0.0001 0.     0.     0.     0.     0.2564 0.7384 0.     0.     0.0051
  0.     0.    ]], [6],1
4, 1, [1],[[0.     0.9972 0.     0.     0.0024 0.     0.     0.     0.0004 0.
  0.     0.    ]], [1],1
5, 17, [17 13 24 13 24 13 24],[[0.3447 0.     0.0509 0.307  0.     0.     0.1373 0.1602 0.     0.
  0.     0.    ]
 [0.5119 0.     0.     0.1416 0.     0.     0.188  0.1585 0.     0.
  0.     0.    ]
 [0.2864 0.     0.     0.2426 0.     0.     0.2297 0.2413 0.     0.
  0.     0.    ]
 [0.5119 0.     0.     0.1416 0.     0.     0.188  0.1585 0.     0.
  0.     0.    ]
 [0.2864 0.     0.     0.2426 0.     0.     0.2297 0.2413 0.     0.
  0.     0.    ]
 [0.5119 0.     0.     0.1416 0.     0.     0.188  0.1585 0.     0.
  0.     0.    ]
 [1.     1.     1.     1.     1.     1.     1.     1.     1.     1.
  1.     1.    ]], [0 0 0 0 0 0 0],7
6, 20, [20],[[0.0001 0.     0.     0.     0.     0.9998 0.     0.     0.     0.
  0.     0.    ]], [5],1
1, 28, [28],[[0.     0.998  0.     0.     0.0014 0.     0.     0.     0.0006 0.
  0.     0.    ]], [1],1
2, 16, [16],[[0. 0. 1. 0. 0. 0. 0. 0. 0. 0. 0. 0.]], [2],1
0, 17, [17],[[0.0012 0.     0.0001 0.     0.     0.9975 0.0004 0.0009 0.     0.
  0.     0.    ]], [5],1
11, 18, [18],[[0.     0.     0.     0.     0.     0.     0.     0.     0.     0.0003
  0.     0.9997]], [11],1
7, 1, [1],[[0.0046 0.     0.     0.0002 0.     0.9945 0.0001 0.0006 0.     0.
  0.     0.    ]], [5],1
0, 5, [ 5 13 24 13 24 13 24],[[0.4442 0.     0.1703 0.0922 0.     0.1155 0.1303 0.0476 0.     0.
  0.     0.    ]
 [0.2173 0.     0.     0.1951 0.     0.0536 0.2931 0.2409 0.     0.
  0.     0.    ]
 [0.2465 0.     0.     0.2848 0.     0.     0.2761 0.1926 0.     0.
  0.     0.    ]
 [0.2296 0.     0.     0.2061 0.     0.     0.3097 0.2545 0.     0.
  0.     0.    ]
 [0.2465 0.     0.     0.2848 0.     0.     0.2761 0.1926 0.     0.
  0.     0.    ]
 [0.2296 0.     0.     0.2061 0.     0.     0.3097 0.2545 0.     0.
  0.     0.    ]
 [1.     1.     1.     1.     1.     1.     1.     1.     1.     1.
  1.     1.    ]], [0 6 3 6 3 6 3],7
7, 23, [23 13 24 13 24 13 24],[[0.2286 0.     0.     0.2316 0.     0.1436 0.1851 0.211  0.     0.
  0.     0.    ]
 [0.2238 0.     0.     0.2391 0.     0.0847 0.2682 0.1842 0.     0.
  0.     0.    ]
 [0.308  0.     0.     0.3935 0.     0.     0.166  0.1325 0.     0.
  0.     0.    ]
 [0.2445 0.     0.     0.2612 0.     0.     0.293  0.2013 0.     0.
  0.     0.    ]
 [0.308  0.     0.     0.3935 0.     0.     0.166  0.1325 0.     0.
  0.     0.    ]
 [0.2445 0.     0.     0.2612 0.     0.     0.293  0.2013 0.     0.
  0.     0.    ]
 [1.     1.     1.     1.     1.     1.     1.     1.     1.     1.
  1.     1.    ]], [3 6 3 6 3 6 3],7
1, 20, [20],[[0.     0.9996 0.     0.     0.0001 0.     0.     0.     0.0002 0.
  0.     0.0001]], [1],1
4, 24, [24  3 13  3 13  3 13],[[0.     0.     0.     0.     0.4332 0.     0.     0.     0.5668 0.
  0.     0.    ]
 [0.     0.     0.     0.     0.4304 0.     0.     0.     0.5696 0.
  0.     0.    ]
 [0.     0.     0.     0.     0.4285 0.     0.     0.     0.5715 0.
  0.     0.    ]
 [0.     0.     0.     0.     0.4304 0.     0.     0.     0.5696 0.
  0.     0.    ]
 [0.     0.     0.     0.     0.4285 0.     0.     0.     0.5715 0.
  0.     0.    ]
 [0.     0.     0.     0.     0.4304 0.     0.     0.     0.5696 0.
  0.     0.    ]
 [1.     1.     1.     1.     1.     1.     1.     1.     1.     1.
  1.     1.    ]], [8 8 8 8 8 8 8],7
0, 10, [10],[[0.9996 0.     0.     0.0001 0.     0.     0.0003 0.     0.     0.
  0.     0.    ]], [0],1
9, 31, [31],[[0.     0.     0.     0.     0.     0.     0.     0.     0.     0.9391
  0.0021 0.0587]], [9],1
2, 31, [31],[[0.     0.     0.9998 0.     0.     0.     0.0002 0.     0.     0.
  0.     0.    ]], [2],1
9, 24, [24],[[0.     0.     0.     0.     0.     0.     0.     0.     0.     0.0001
  0.0001 0.9999]], [11],1
3, 29, [29],[[0.     0.     0.     0.8612 0.     0.     0.     0.1385 0.     0.0002
  0.     0.    ]], [3],1
8, 17, [17 15],[[0.     0.     0.     0.     0.6917 0.     0.     0.     0.3083 0.
  0.     0.    ]
 [0.     0.     0.     0.     0.     0.     0.     0.     1.     0.
  0.     0.    ]], [4 8],2
1, 32, [32],[[0.     0.9996 0.     0.     0.     0.     0.     0.     0.0003 0.
  0.     0.    ]], [1],1
9, 10, [10 13],[[0.     0.     0.     0.     0.     0.1729 0.     0.     0.     0.6747
  0.1524 0.    ]
 [0.     0.     0.     0.     0.     0.0563 0.     0.     0.     0.003
  0.9407 0.    ]], [ 9 10],2
5, 16, [16],[[0.0007 0.     0.     0.     0.     0.8576 0.1411 0.0006 0.     0.
  0.     0.    ]], [5],1
2, 22, [22 13 24],[[0.2748 0.     0.     0.3909 0.     0.     0.3343 0.     0.     0.
  0.     0.    ]
 [0.6427 0.     0.     0.1352 0.     0.     0.2221 0.     0.     0.
  0.     0.    ]
 [0.0003 0.     0.     0.     0.     0.     0.9997 0.     0.     0.
  0.     0.    ]], [3 0 6],3
7, 13, [13 24 13 24 13 24 13],[[0.2238 0.     0.     0.2391 0.     0.0847 0.2682 0.1842 0.     0.
  0.     0.    ]
 [0.308  0.     0.     0.3935 0.     0.     0.166  0.1325 0.     0.
  0.     0.    ]
 [0.2445 0.     0.     0.2612 0.     0.     0.293  0.2013 0.     0.
  0.     0.    ]
 [0.308  0.     0.     0.3935 0.     0.     0.166  0.1325 0.     0.
  0.     0.    ]
 [0.2445 0.     0.     0.2612 0.     0.     0.293  0.2013 0.     0.
  0.     0.    ]
 [0.308  0.     0.     0.3935 0.     0.     0.166  0.1325 0.     0.
  0.     0.    ]
 [1.     1.     1.     1.     1.     1.     1.     1.     1.     1.
  1.     1.    ]], [6 3 6 3 6 3 6],7
7, 5, [5],[[0.0031 0.     0.0001 0.0002 0.     0.9964 0.0002 0.     0.     0.
  0.     0.    ]], [5],1
3, 28, [28],[[0.     0.0095 0.     0.9905 0.     0.     0.     0.     0.     0.
  0.     0.    ]], [3],1
0, 21, [21],[[0.9978 0.     0.     0.     0.     0.     0.     0.0022 0.     0.
  0.     0.    ]], [0],1
7, 14, [14],[[0.0001 0.     0.     0.     0.     0.8156 0.0001 0.     0.     0.1842
  0.     0.    ]], [5],1
0, 14, [14],[[0.     0.     0.     0.     0.     0.0003 0.     0.     0.     0.9997
  0.     0.    ]], [9],1
1, 10, [10],[[0. 1. 0. 0. 0. 0. 0. 0. 0. 0. 0. 0.]], [1],1
0, 32, [32],[[0.9943 0.     0.     0.0031 0.     0.     0.     0.002  0.     0.0007
  0.     0.    ]], [0],1
2, 4, [4],[[0. 0. 1. 0. 0. 0. 0. 0. 0. 0. 0. 0.]], [2],1
8, 8, [8],[[0.     0.0001 0.     0.     0.7498 0.     0.     0.     0.25   0.
  0.     0.    ]], [4],1
3, 4, [4],[[0.     0.     0.     0.9925 0.     0.     0.     0.0072 0.     0.0001
  0.0002 0.    ]], [3],1
11, 13, [13],[[0. 0. 1. 0. 0. 0. 0. 0. 0. 0. 0. 0.]], [2],1
0, 7, [ 7 13 24 13 24 13 24],[[0.2024 0.     0.0643 0.043  0.     0.     0.3705 0.3198 0.     0.
  0.     0.    ]
 [0.2296 0.     0.     0.2061 0.     0.     0.3097 0.2545 0.     0.
  0.     0.    ]
 [0.2465 0.     0.     0.2848 0.     0.     0.2761 0.1926 0.     0.
  0.     0.    ]
 [0.2296 0.     0.     0.2061 0.     0.     0.3097 0.2545 0.     0.
  0.     0.    ]
 [0.2465 0.     0.     0.2848 0.     0.     0.2761 0.1926 0.     0.
  0.     0.    ]
 [0.2296 0.     0.     0.2061 0.     0.     0.3097 0.2545 0.     0.
  0.     0.    ]
 [1.     1.     1.     1.     1.     1.     1.     1.     1.     1.
  1.     1.    ]], [6 6 3 6 3 6 3],7
9, 19, [19],[[0.     0.     0.     0.     0.     0.     0.     0.     0.     0.0003
  0.9531 0.0466]], [10],1
9, 13, [13],[[0.     0.     0.9992 0.     0.     0.     0.     0.     0.     0.
  0.     0.0008]], [2],1
10, 15, [15],[[0. 0. 0. 0. 0. 0. 0. 0. 0. 0. 1. 0.]], [10],1
10, 24, [24],[[0.     0.     0.     0.     0.     0.     0.     0.     0.     0.0003
  0.0005 0.9992]], [11],1
7, 16, [16],[[0.     0.     0.     0.0001 0.     0.     0.     0.9999 0.     0.0001
  0.     0.    ]], [7],1
0, 3, [ 3 13 24 13 24 13 24],[[0.2745 0.     0.     0.4036 0.     0.     0.1614 0.1605 0.     0.
  0.     0.    ]
 [0.2296 0.     0.     0.2061 0.     0.     0.3097 0.2545 0.     0.
  0.     0.    ]
 [0.2465 0.     0.     0.2848 0.     0.     0.2761 0.1926 0.     0.
  0.     0.    ]
 [0.2296 0.     0.     0.2061 0.     0.     0.3097 0.2545 0.     0.
  0.     0.    ]
 [0.2465 0.     0.     0.2848 0.     0.     0.2761 0.1926 0.     0.
  0.     0.    ]
 [0.2296 0.     0.     0.2061 0.     0.     0.3097 0.2545 0.     0.
  0.     0.    ]
 [1.     1.     1.     1.     1.     1.     1.     1.     1.     1.
  1.     1.    ]], [3 6 3 6 3 6 3],7
1, 18, [18],[[0.     0.9997 0.     0.     0.0001 0.     0.     0.     0.0001 0.
  0.     0.0001]], [1],1
1, 14, [14],[[0.     0.9994 0.     0.0001 0.0001 0.     0.     0.     0.0002 0.
  0.     0.0002]], [1],1
6, 15, [15],[[0. 0. 0. 0. 0. 0. 1. 0. 0. 0. 0. 0.]], [6],1
9, 4, [4],[[0.     0.     0.     0.     0.     0.0001 0.0008 0.     0.     0.9991
  0.     0.    ]], [9],1
4, 7, [ 7  3 13  3 13  3 13],[[0.     0.     0.     0.     0.439  0.     0.     0.     0.561  0.
  0.     0.    ]
 [0.     0.     0.     0.     0.4304 0.     0.     0.     0.5696 0.
  0.     0.    ]
 [0.     0.     0.     0.     0.4285 0.     0.     0.     0.5715 0.
  0.     0.    ]
 [0.     0.     0.     0.     0.4304 0.     0.     0.     0.5696 0.
  0.     0.    ]
 [0.     0.     0.     0.     0.4285 0.     0.     0.     0.5715 0.
  0.     0.    ]
 [0.     0.     0.     0.     0.4304 0.     0.     0.     0.5696 0.
  0.     0.    ]
 [1.     1.     1.     1.     1.     1.     1.     1.     1.     1.
  1.     1.    ]], [8 8 8 8 8 8 8],7
2, 3, [3],[[0.     0.     0.     0.     0.9989 0.     0.     0.     0.001  0.
  0.     0.    ]], [4],1
4, 16, [16],[[0.     0.     0.     0.     0.9997 0.     0.     0.     0.0002 0.
  0.     0.    ]], [4],1
0, 15, [15],[[0.    0.    0.    0.    0.    0.014 0.    0.    0.    0.986 0.    0.   ]], [9],1
5, 22, [22],[[0.0031 0.     0.0046 0.0002 0.     0.9883 0.     0.0038 0.     0.
  0.     0.    ]], [5],1
4, 25, [25  3 13  3 13  3 13],[[0.     0.     0.     0.     0.4951 0.     0.     0.     0.5049 0.
  0.     0.    ]
 [0.     0.     0.     0.     0.4304 0.     0.     0.     0.5696 0.
  0.     0.    ]
 [0.     0.     0.     0.     0.4285 0.     0.     0.     0.5715 0.
  0.     0.    ]
 [0.     0.     0.     0.     0.4304 0.     0.     0.     0.5696 0.
  0.     0.    ]
 [0.     0.     0.     0.     0.4285 0.     0.     0.     0.5715 0.
  0.     0.    ]
 [0.     0.     0.     0.     0.4304 0.     0.     0.     0.5696 0.
  0.     0.    ]
 [1.     1.     1.     1.     1.     1.     1.     1.     1.     1.
  1.     1.    ]], [8 8 8 8 8 8 8],7
10, 28, [28],[[0. 0. 0. 0. 0. 0. 0. 0. 0. 0. 0. 1.]], [11],1
6, 2, [ 2 13  3 13  3 13  3],[[0.3171 0.     0.     0.1997 0.     0.0294 0.3073 0.1465 0.     0.
  0.     0.    ]
 [0.205  0.     0.     0.2536 0.     0.1987 0.2001 0.1427 0.     0.
  0.     0.    ]
 [0.2771 0.     0.     0.148  0.     0.0269 0.2598 0.2883 0.     0.
  0.     0.    ]
 [0.205  0.     0.     0.2536 0.     0.1987 0.2001 0.1427 0.     0.
  0.     0.    ]
 [0.2771 0.     0.     0.148  0.     0.0269 0.2598 0.2883 0.     0.
  0.     0.    ]
 [0.205  0.     0.     0.2536 0.     0.1987 0.2001 0.1427 0.     0.
  0.     0.    ]
 [1.     1.     1.     1.     1.     1.     1.     1.     1.     1.
  1.     1.    ]], [0 3 7 3 7 3 7],7
6, 21, [21 13],[[0.     0.     0.     0.     0.     0.     0.6437 0.     0.     0.3563
  0.     0.    ]
 [0.     0.     0.     0.     0.     0.     0.9998 0.     0.     0.0002
  0.     0.    ]], [6 6],2
2, 19, [19 21 15],[[0.4178 0.     0.     0.     0.     0.     0.     0.     0.     0.0355
  0.5468 0.    ]
 [0.5649 0.     0.     0.     0.     0.     0.     0.     0.     0.
  0.4351 0.    ]
 [0.7349 0.     0.     0.     0.     0.     0.     0.     0.     0.
  0.2651 0.    ]], [10  0  0],3
7, 32, [32],[[0.0014 0.     0.0021 0.     0.     0.0001 0.     0.     0.     0.
  0.9963 0.    ]], [10],1
1, 22, [22],[[0. 1. 0. 0. 0. 0. 0. 0. 0. 0. 0. 0.]], [1],1
11, 9, [9],[[0.     0.     0.0082 0.     0.     0.     0.     0.     0.     0.
  0.     0.9918]], [11],1
5, 24, [24 13],[[0.241  0.     0.     0.2042 0.     0.1583 0.1934 0.2031 0.     0.
  0.     0.    ]
 [0.0241 0.     0.     0.0067 0.     0.9529 0.0089 0.0075 0.     0.
  0.     0.    ]], [0 5],2
0, 31, [31],[[0.9972 0.     0.     0.0016 0.     0.     0.001  0.0003 0.     0.
  0.     0.    ]], [0],1
3, 1, [1],[[0.0001 0.     0.     0.     0.     0.9978 0.0002 0.     0.     0.0019
  0.     0.    ]], [5],1
6, 6, [6],[[0.002  0.     0.0022 0.     0.     0.917  0.0087 0.0701 0.     0.
  0.     0.    ]], [5],1
9, 1, [1],[[0.     0.     0.     0.     0.     0.     0.     0.     0.     0.0001
  0.9844 0.0155]], [10],1
9, 2, [2],[[0.     0.     0.0009 0.     0.0002 0.     0.     0.     0.     0.0069
  0.002  0.99  ]], [11],1
5, 12, [12],[[0.0001 0.     0.     0.     0.     0.9997 0.0001 0.0001 0.     0.
  0.     0.    ]], [5],1
5, 28, [28 13],[[0.     0.     0.3759 0.     0.     0.6241 0.     0.     0.     0.
  0.     0.    ]
 [0.     0.     0.     0.     0.     1.     0.     0.     0.     0.
  0.     0.    ]], [5 5],2
5, 2, [ 2 13],[[0.1953 0.     0.     0.2765 0.     0.046  0.2881 0.194  0.     0.
  0.     0.    ]
 [0.0241 0.     0.     0.0067 0.     0.9529 0.0089 0.0075 0.     0.
  0.     0.    ]], [6 5],2
5, 32, [32],[[0.     0.     0.     0.     0.     0.9876 0.     0.0007 0.     0.0058
  0.0013 0.0045]], [5],1
9, 7, [7],[[0. 0. 0. 0. 0. 0. 0. 0. 0. 1. 0. 0.]], [9],1
0, 23, [23 13 24 13 24 13 24],[[0.279  0.     0.     0.264  0.     0.1    0.1498 0.2072 0.     0.
  0.     0.    ]
 [0.2173 0.     0.     0.1951 0.     0.0536 0.2931 0.2409 0.     0.
  0.     0.    ]
 [0.2465 0.     0.     0.2848 0.     0.     0.2761 0.1926 0.     0.
  0.     0.    ]
 [0.2296 0.     0.     0.2061 0.     0.     0.3097 0.2545 0.     0.
  0.     0.    ]
 [0.2465 0.     0.     0.2848 0.     0.     0.2761 0.1926 0.     0.
  0.     0.    ]
 [0.2296 0.     0.     0.2061 0.     0.     0.3097 0.2545 0.     0.
  0.     0.    ]
 [1.     1.     1.     1.     1.     1.     1.     1.     1.     1.
  1.     1.    ]], [0 6 3 6 3 6 3],7
1, 9, [9],[[0.     0.9999 0.     0.     0.     0.     0.     0.     0.     0.
  0.     0.    ]], [1],1
2, 15, [15],[[0. 0. 1. 0. 0. 0. 0. 0. 0. 0. 0. 0.]], [2],1
11, 28, [28],[[0.     0.     0.     0.     0.0017 0.     0.     0.     0.0008 0.
  0.9975 0.    ]], [10],1
11, 8, [8],[[0.     0.     0.     0.     0.0046 0.     0.     0.     0.0018 0.0002
  0.9934 0.    ]], [10],1
11, 10, [10],[[0. 0. 0. 0. 0. 0. 0. 0. 0. 0. 0. 1.]], [11],1
10, 18, [18],[[0. 0. 0. 0. 0. 0. 0. 0. 0. 0. 1. 0.]], [10],1
3, 21, [21],[[0.     0.     0.     0.9998 0.     0.     0.     0.0002 0.     0.
  0.     0.    ]], [3],1
6, 25, [25 13 24 13 24 13 24],[[0.3507 0.     0.     0.     0.     0.     0.1517 0.4976 0.     0.
  0.     0.    ]
 [0.3742 0.     0.     0.     0.     0.     0.3653 0.2605 0.     0.
  0.     0.    ]
 [0.4261 0.     0.     0.     0.     0.     0.381  0.1928 0.     0.
  0.     0.    ]
 [0.3742 0.     0.     0.     0.     0.     0.3653 0.2605 0.     0.
  0.     0.    ]
 [0.4261 0.     0.     0.     0.     0.     0.381  0.1928 0.     0.
  0.     0.    ]
 [0.3742 0.     0.     0.     0.     0.     0.3653 0.2605 0.     0.
  0.     0.    ]
 [1.     1.     1.     1.     1.     1.     1.     1.     1.     1.
  1.     1.    ]], [7 0 0 0 0 0 0],7
4, 14, [14  3 13  3 13  3 13],[[0.     0.     0.     0.     0.4486 0.     0.     0.     0.5514 0.
  0.     0.    ]
 [0.     0.     0.     0.     0.4304 0.     0.     0.     0.5696 0.
  0.     0.    ]
 [0.     0.     0.     0.     0.4285 0.     0.     0.     0.5715 0.
  0.     0.    ]
 [0.     0.     0.     0.     0.4304 0.     0.     0.     0.5696 0.
  0.     0.    ]
 [0.     0.     0.     0.     0.4285 0.     0.     0.     0.5715 0.
  0.     0.    ]
 [0.     0.     0.     0.     0.4304 0.     0.     0.     0.5696 0.
  0.     0.    ]
 [1.     1.     1.     1.     1.     1.     1.     1.     1.     1.
  1.     1.    ]], [8 8 8 8 8 8 8],7
2, 28, [28],[[0. 0. 1. 0. 0. 0. 0. 0. 0. 0. 0. 0.]], [2],1
6, 30, [30],[[0.0077 0.     0.0061 0.     0.     0.8466 0.0299 0.1097 0.     0.
  0.     0.    ]], [5],1
10, 31, [31],[[0. 0. 0. 0. 0. 0. 0. 0. 0. 0. 1. 0.]], [10],1
10, 20, [20],[[0.     0.     0.0001 0.     0.0001 0.     0.     0.     0.0186 0.
  0.9812 0.    ]], [10],1
11, 30, [30],[[0.     0.     0.     0.     0.     0.0002 0.     0.     0.     0.9997
  0.     0.0001]], [9],1
8, 16, [16],[[0. 0. 0. 0. 0. 0. 0. 0. 1. 0. 0. 0.]], [8],1
2, 21, [21],[[0. 0. 1. 0. 0. 0. 0. 0. 0. 0. 0. 0.]], [2],1
9, 9, [9],[[0.     0.     0.0009 0.     0.     0.     0.     0.     0.     0.
  0.     0.9991]], [11],1
6, 3, [ 3 13  3 13  3 13  3],[[0.2771 0.     0.     0.148  0.     0.0269 0.2598 0.2883 0.     0.
  0.     0.    ]
 [0.205  0.     0.     0.2536 0.     0.1987 0.2001 0.1427 0.     0.
  0.     0.    ]
 [0.2771 0.     0.     0.148  0.     0.0269 0.2598 0.2883 0.     0.
  0.     0.    ]
 [0.205  0.     0.     0.2536 0.     0.1987 0.2001 0.1427 0.     0.
  0.     0.    ]
 [0.2771 0.     0.     0.148  0.     0.0269 0.2598 0.2883 0.     0.
  0.     0.    ]
 [0.205  0.     0.     0.2536 0.     0.1987 0.2001 0.1427 0.     0.
  0.     0.    ]
 [1.     1.     1.     1.     1.     1.     1.     1.     1.     1.
  1.     1.    ]], [7 3 7 3 7 3 7],7
10, 19, [19],[[0. 0. 0. 0. 0. 0. 0. 0. 0. 0. 1. 0.]], [10],1
1, 29, [29],[[0. 1. 0. 0. 0. 0. 0. 0. 0. 0. 0. 0.]], [1],1
6, 12, [12 13 24 13 24 13 24],[[0.     0.     0.     0.     0.     0.     0.5339 0.4661 0.     0.
  0.     0.    ]
 [0.     0.     0.     0.     0.     0.     0.5837 0.4163 0.     0.
  0.     0.    ]
 [0.     0.     0.     0.     0.     0.     0.664  0.336  0.     0.
  0.     0.    ]
 [0.     0.     0.     0.     0.     0.     0.5837 0.4163 0.     0.
  0.     0.    ]
 [0.     0.     0.     0.     0.     0.     0.664  0.336  0.     0.
  0.     0.    ]
 [0.     0.     0.     0.     0.     0.     0.5837 0.4163 0.     0.
  0.     0.    ]
 [1.     1.     1.     1.     1.     1.     1.     1.     1.     1.
  1.     1.    ]], [6 6 6 6 6 6 6],7
1, 26, [26],[[0.     0.9999 0.     0.     0.     0.     0.     0.     0.     0.
  0.     0.    ]], [1],1
5, 13, [13],[[0.0241 0.     0.     0.0067 0.     0.9521 0.0089 0.0075 0.     0.0008
  0.     0.    ]], [5],1
8, 15, [15],[[0. 0. 0. 0. 0. 0. 0. 0. 1. 0. 0. 0.]], [8],1
1, 23, [23],[[0.     0.9985 0.     0.001  0.     0.     0.     0.0002 0.0001 0.
  0.     0.0001]], [1],1
9, 30, [30],[[0. 0. 0. 0. 0. 0. 0. 0. 0. 0. 0. 1.]], [11],1
5, 8, [8],[[0.0011 0.     0.     0.     0.     0.9987 0.0001 0.     0.     0.
  0.     0.    ]], [5],1
3, 15, [15],[[0.     0.     0.     0.9999 0.     0.     0.     0.0001 0.     0.
  0.     0.    ]], [3],1
0, 1, [ 1 13 24 13 24 13 24],[[0.1489 0.     0.     0.     0.     0.4684 0.1379 0.2447 0.     0.
  0.     0.    ]
 [0.2699 0.     0.     0.     0.     0.0666 0.3642 0.2993 0.     0.
  0.     0.    ]
 [0.3352 0.     0.     0.     0.     0.0275 0.3754 0.2619 0.     0.
  0.     0.    ]
 [0.2699 0.     0.     0.     0.     0.0666 0.3642 0.2993 0.     0.
  0.     0.    ]
 [0.3352 0.     0.     0.     0.     0.0275 0.3754 0.2619 0.     0.
  0.     0.    ]
 [0.2699 0.     0.     0.     0.     0.0666 0.3642 0.2993 0.     0.
  0.     0.    ]
 [1.     1.     1.     1.     1.     1.     1.     1.     1.     1.
  1.     1.    ]], [5 6 6 6 6 6 6],7
4, 26, [26],[[0. 0. 0. 0. 1. 0. 0. 0. 0. 0. 0. 0.]], [4],1
2, 1, [1],[[0.     0.     0.9993 0.     0.     0.     0.0003 0.0004 0.     0.
  0.     0.    ]], [2],1
0, 24, [24 13 24 13 24 13 24],[[0.2465 0.     0.     0.2848 0.     0.     0.2761 0.1926 0.     0.
  0.     0.    ]
 [0.2296 0.     0.     0.2061 0.     0.     0.3097 0.2545 0.     0.
  0.     0.    ]
 [0.2465 0.     0.     0.2848 0.     0.     0.2761 0.1926 0.     0.
  0.     0.    ]
 [0.2296 0.     0.     0.2061 0.     0.     0.3097 0.2545 0.     0.
  0.     0.    ]
 [0.2465 0.     0.     0.2848 0.     0.     0.2761 0.1926 0.     0.
  0.     0.    ]
 [0.2296 0.     0.     0.2061 0.     0.     0.3097 0.2545 0.     0.
  0.     0.    ]
 [1.     1.     1.     1.     1.     1.     1.     1.     1.     1.
  1.     1.    ]], [3 6 3 6 3 6 3],7
10, 32, [32],[[0.     0.     0.     0.     0.     0.2876 0.     0.0008 0.     0.
  0.7116 0.    ]], [10],1
1, 27, [27],[[0. 1. 0. 0. 0. 0. 0. 0. 0. 0. 0. 0.]], [1],1
3, 25, [25],[[0.0001 0.     0.     0.     0.     0.9467 0.0001 0.     0.     0.0531
  0.     0.    ]], [5],1
7, 30, [30 13 24 13 24 13 24],[[0.     0.     0.6429 0.     0.     0.     0.1191 0.238  0.     0.
  0.     0.    ]
 [0.     0.     0.     0.     0.     0.     0.5928 0.4072 0.     0.
  0.     0.    ]
 [0.     0.     0.     0.     0.     0.     0.556  0.444  0.     0.
  0.     0.    ]
 [0.     0.     0.     0.     0.     0.     0.5928 0.4072 0.     0.
  0.     0.    ]
 [0.     0.     0.     0.     0.     0.     0.556  0.444  0.     0.
  0.     0.    ]
 [0.     0.     0.     0.     0.     0.     0.5928 0.4072 0.     0.
  0.     0.    ]
 [1.     1.     1.     1.     1.     1.     1.     1.     1.     1.
  1.     1.    ]], [2 6 6 6 6 6 6],7
4, 19, [19],[[0.     0.     0.     0.     0.2658 0.0001 0.     0.     0.7341 0.
  0.     0.    ]], [8],1
11, 29, [29],[[0. 0. 0. 0. 0. 0. 0. 0. 0. 0. 0. 1.]], [11],1
1, 2, [2],[[0.     0.9998 0.     0.     0.     0.     0.     0.0001 0.     0.
  0.     0.    ]], [1],1
2, 27, [27],[[0. 0. 1. 0. 0. 0. 0. 0. 0. 0. 0. 0.]], [2],1
0, 6, [ 6 13 24 13 24 13 24],[[0.     0.     0.1812 0.     0.     0.     0.2297 0.5891 0.     0.
  0.     0.    ]
 [0.     0.     0.     0.     0.     0.     0.5489 0.4511 0.     0.
  0.     0.    ]
 [0.     0.     0.     0.     0.     0.     0.5891 0.4109 0.     0.
  0.     0.    ]
 [0.     0.     0.     0.     0.     0.     0.5489 0.4511 0.     0.
  0.     0.    ]
 [0.     0.     0.     0.     0.     0.     0.5891 0.4109 0.     0.
  0.     0.    ]
 [0.     0.     0.     0.     0.     0.     0.5489 0.4511 0.     0.
  0.     0.    ]
 [1.     1.     1.     1.     1.     1.     1.     1.     1.     1.
  1.     1.    ]], [7 6 6 6 6 6 6],7
2, 13, [13],[[0. 0. 1. 0. 0. 0. 0. 0. 0. 0. 0. 0.]], [2],1
0, 27, [27],[[0.9861 0.     0.     0.     0.     0.     0.     0.0138 0.     0.
  0.     0.    ]], [0],1
4, 20, [20  3 13  3 13  3 13],[[0.     0.     0.     0.     0.4955 0.     0.     0.     0.5045 0.
  0.     0.    ]
 [0.     0.     0.     0.     0.4304 0.     0.     0.     0.5696 0.
  0.     0.    ]
 [0.     0.     0.     0.     0.4285 0.     0.     0.     0.5715 0.
  0.     0.    ]
 [0.     0.     0.     0.     0.4304 0.     0.     0.     0.5696 0.
  0.     0.    ]
 [0.     0.     0.     0.     0.4285 0.     0.     0.     0.5715 0.
  0.     0.    ]
 [0.     0.     0.     0.     0.4304 0.     0.     0.     0.5696 0.
  0.     0.    ]
 [1.     1.     1.     1.     1.     1.     1.     1.     1.     1.
  1.     1.    ]], [8 8 8 8 8 8 8],7
4, 10, [10],[[0. 1. 0. 0. 0. 0. 0. 0. 0. 0. 0. 0.]], [1],1
2, 20, [20],[[0. 0. 1. 0. 0. 0. 0. 0. 0. 0. 0. 0.]], [2],1
5, 23, [23 13],[[0.2557 0.     0.     0.1792 0.     0.0414 0.2403 0.2833 0.     0.
  0.     0.    ]
 [0.0241 0.     0.     0.0067 0.     0.9529 0.0089 0.0075 0.     0.
  0.     0.    ]], [7 5],2
3, 32, [32],[[0.0002 0.     0.     0.9769 0.     0.     0.     0.0222 0.     0.
  0.0007 0.    ]], [3],1
8, 20, [20],[[0.     0.9799 0.     0.     0.0122 0.     0.     0.0001 0.0077 0.
  0.     0.0001]], [1],1
7, 9, [9],[[0.0008 0.     0.     0.     0.     0.9989 0.0001 0.0001 0.     0.0001
  0.     0.    ]], [5],1
0, 18, [18 13 24 13 24 13 24],[[0.3025 0.     0.     0.2887 0.     0.0948 0.2255 0.0885 0.     0.
  0.     0.    ]
 [0.2173 0.     0.     0.1951 0.     0.0536 0.2931 0.2409 0.     0.
  0.     0.    ]
 [0.2465 0.     0.     0.2848 0.     0.     0.2761 0.1926 0.     0.
  0.     0.    ]
 [0.2296 0.     0.     0.2061 0.     0.     0.3097 0.2545 0.     0.
  0.     0.    ]
 [0.2465 0.     0.     0.2848 0.     0.     0.2761 0.1926 0.     0.
  0.     0.    ]
 [0.2296 0.     0.     0.2061 0.     0.     0.3097 0.2545 0.     0.
  0.     0.    ]
 [1.     1.     1.     1.     1.     1.     1.     1.     1.     1.
  1.     1.    ]], [0 6 3 6 3 6 3],7
11, 31, [31],[[0.     0.     0.     0.     0.     0.     0.     0.     0.     0.
  0.9999 0.0001]], [10],1
1, 31, [31],[[0. 1. 0. 0. 0. 0. 0. 0. 0. 0. 0. 0.]], [1],1
2, 2, [2],[[0. 0. 0. 0. 0. 0. 0. 0. 0. 0. 0. 1.]], [11],1
9, 8, [8],[[0.     0.     0.     0.     0.     0.     0.     0.     0.     0.0001
  0.     0.9999]], [11],1
10, 23, [23],[[0.     0.     0.     0.     0.0011 0.     0.     0.     0.0001 0.
  0.9988 0.    ]], [10],1
9, 5, [5],[[0. 0. 0. 0. 0. 0. 0. 0. 0. 0. 0. 1.]], [11],1
1, 12, [12],[[0. 1. 0. 0. 0. 0. 0. 0. 0. 0. 0. 0.]], [1],1
3, 3, [3],[[0.0193 0.     0.0025 0.0029 0.     0.9619 0.008  0.0054 0.     0.
  0.     0.    ]], [5],1
0, 28, [28],[[0.9998 0.     0.     0.     0.     0.     0.     0.0002 0.     0.
  0.     0.    ]], [0],1
7, 19, [19],[[0.9997 0.     0.     0.     0.     0.0002 0.     0.0001 0.     0.
  0.     0.    ]], [0],1
11, 17, [17],[[0. 0. 0. 0. 0. 0. 0. 0. 0. 0. 0. 1.]], [11],1
4, 3, [ 3 13  3 13  3 13  3],[[0.     0.     0.     0.     0.4304 0.     0.     0.     0.5696 0.
  0.     0.    ]
 [0.     0.     0.     0.     0.4285 0.     0.     0.     0.5715 0.
  0.     0.    ]
 [0.     0.     0.     0.     0.4304 0.     0.     0.     0.5696 0.
  0.     0.    ]
 [0.     0.     0.     0.     0.4285 0.     0.     0.     0.5715 0.
  0.     0.    ]
 [0.     0.     0.     0.     0.4304 0.     0.     0.     0.5696 0.
  0.     0.    ]
 [0.     0.     0.     0.     0.4285 0.     0.     0.     0.5715 0.
  0.     0.    ]
 [1.     1.     1.     1.     1.     1.     1.     1.     1.     1.
  1.     1.    ]], [8 8 8 8 8 8 8],7
1, 6, [6],[[0.     0.9999 0.     0.     0.     0.     0.     0.     0.     0.
  0.     0.    ]], [1],1
6, 24, [24 13  3 13  3 13  3],[[0.3278 0.     0.     0.2054 0.     0.0254 0.2931 0.1483 0.     0.
  0.     0.    ]
 [0.205  0.     0.     0.2536 0.     0.1987 0.2001 0.1427 0.     0.
  0.     0.    ]
 [0.2771 0.     0.     0.148  0.     0.0269 0.2598 0.2883 0.     0.
  0.     0.    ]
 [0.205  0.     0.     0.2536 0.     0.1987 0.2001 0.1427 0.     0.
  0.     0.    ]
 [0.2771 0.     0.     0.148  0.     0.0269 0.2598 0.2883 0.     0.
  0.     0.    ]
 [0.205  0.     0.     0.2536 0.     0.1987 0.2001 0.1427 0.     0.
  0.     0.    ]
 [1.     1.     1.     1.     1.     1.     1.     1.     1.     1.
  1.     1.    ]], [0 3 7 3 7 3 7],7
10, 29, [29],[[0. 0. 0. 0. 0. 0. 0. 0. 0. 0. 1. 0.]], [10],1
2, 23, [23],[[0. 0. 1. 0. 0. 0. 0. 0. 0. 0. 0. 0.]], [2],1
6, 28, [28],[[0. 0. 0. 0. 0. 0. 1. 0. 0. 0. 0. 0.]], [6],1
2, 8, [8],[[0.0002 0.     0.     0.     0.     0.999  0.0002 0.0005 0.     0.
  0.     0.    ]], [5],1
4, 11, [11],[[0.     0.     0.     0.     0.9999 0.     0.     0.     0.     0.
  0.     0.    ]], [4],1
3, 13, [13 24 13 24 13 24 13],[[0.2108 0.     0.     0.2927 0.     0.0549 0.2471 0.1946 0.     0.
  0.     0.    ]
 [0.2636 0.     0.     0.3356 0.     0.     0.2224 0.1784 0.     0.
  0.     0.    ]
 [0.223  0.     0.     0.3097 0.     0.     0.2614 0.2059 0.     0.
  0.     0.    ]
 [0.2636 0.     0.     0.3356 0.     0.     0.2224 0.1784 0.     0.
  0.     0.    ]
 [0.223  0.     0.     0.3097 0.     0.     0.2614 0.2059 0.     0.
  0.     0.    ]
 [0.2636 0.     0.     0.3356 0.     0.     0.2224 0.1784 0.     0.
  0.     0.    ]
 [1.     1.     1.     1.     1.     1.     1.     1.     1.     1.
  1.     1.    ]], [3 3 3 3 3 3 3],7
8, 21, [21],[[0. 0. 0. 0. 0. 0. 0. 0. 1. 0. 0. 0.]], [8],1
0, 16, [16],[[0. 0. 0. 0. 0. 0. 0. 1. 0. 0. 0. 0.]], [7],1
11, 21, [21],[[0. 0. 0. 0. 0. 0. 0. 0. 0. 0. 0. 1.]], [11],1
0, 8, [8],[[0.0005 0.     0.0001 0.     0.     0.9953 0.0007 0.0034 0.     0.
  0.     0.    ]], [5],1
6, 27, [27],[[0.     0.     0.     0.     0.     0.     0.9999 0.     0.     0.
  0.     0.    ]], [6],1
7, 18, [18 13 24 13 24 13 24],[[0.4475 0.     0.1314 0.2748 0.     0.     0.0758 0.0706 0.     0.
  0.     0.    ]
 [0.2445 0.     0.     0.2612 0.     0.     0.293  0.2013 0.     0.
  0.     0.    ]
 [0.308  0.     0.     0.3935 0.     0.     0.166  0.1325 0.     0.
  0.     0.    ]
 [0.2445 0.     0.     0.2612 0.     0.     0.293  0.2013 0.     0.
  0.     0.    ]
 [0.308  0.     0.     0.3935 0.     0.     0.166  0.1325 0.     0.
  0.     0.    ]
 [0.2445 0.     0.     0.2612 0.     0.     0.293  0.2013 0.     0.
  0.     0.    ]
 [1.     1.     1.     1.     1.     1.     1.     1.     1.     1.
  1.     1.    ]], [0 6 3 6 3 6 3],7
8, 13, [13],[[0. 0. 1. 0. 0. 0. 0. 0. 0. 0. 0. 0.]], [2],1
8, 3, [3],[[0.     0.     0.     0.     0.9988 0.     0.     0.     0.0012 0.
  0.     0.    ]], [4],1
7, 2, [ 2 13 24 13 24 13 24],[[0.2033 0.     0.     0.3246 0.     0.0281 0.2521 0.192  0.     0.
  0.     0.    ]
 [0.2238 0.     0.     0.2391 0.     0.0847 0.2682 0.1842 0.     0.
  0.     0.    ]
 [0.308  0.     0.     0.3935 0.     0.     0.166  0.1325 0.     0.
  0.     0.    ]
 [0.2445 0.     0.     0.2612 0.     0.     0.293  0.2013 0.     0.
  0.     0.    ]
 [0.308  0.     0.     0.3935 0.     0.     0.166  0.1325 0.     0.
  0.     0.    ]
 [0.2445 0.     0.     0.2612 0.     0.     0.293  0.2013 0.     0.
  0.     0.    ]
 [1.     1.     1.     1.     1.     1.     1.     1.     1.     1.
  1.     1.    ]], [3 6 3 6 3 6 3],7
8, 30, [30],[[0.     0.     0.     0.     0.2295 0.0001 0.     0.     0.7703 0.
  0.     0.    ]], [8],1
2, 14, [14 13],[[0.3526 0.     0.2398 0.1512 0.     0.     0.1582 0.0982 0.     0.
  0.     0.    ]
 [0.     0.     1.     0.     0.     0.     0.     0.     0.     0.
  0.     0.    ]], [0 2],2
5, 27, [27],[[0.     0.     0.     0.     0.     0.9993 0.0006 0.0001 0.     0.
  0.     0.    ]], [5],1
10, 14, [14],[[0. 0. 0. 0. 0. 0. 0. 0. 0. 0. 1. 0.]], [10],1
2, 5, [5],[[0.     0.     0.9999 0.     0.     0.     0.     0.     0.     0.
  0.     0.    ]], [2],1
0, 26, [26],[[0.     0.     0.     0.9999 0.     0.     0.     0.0001 0.     0.
  0.     0.    ]], [3],1
11, 16, [16],[[0.     0.     0.0071 0.     0.     0.     0.0001 0.     0.     0.
  0.     0.9928]], [11],1
5, 11, [11 13],[[0.0851 0.     0.3475 0.     0.     0.2114 0.0849 0.2712 0.     0.
  0.     0.    ]
 [0.0243 0.     0.     0.     0.     0.9593 0.0089 0.0075 0.     0.
  0.     0.    ]], [2 5],2
0, 22, [22],[[0.9964 0.0009 0.0001 0.0012 0.     0.0002 0.0003 0.0006 0.0001 0.
  0.     0.    ]], [0],1
6, 4, [4],[[0.     0.     0.     0.     0.     0.     0.9998 0.     0.     0.0002
  0.     0.    ]], [6],1
8, 29, [29],[[0.     0.     0.     0.     0.     0.     0.     0.     0.9999 0.
  0.     0.    ]], [8],1
11, 23, [23],[[0. 0. 1. 0. 0. 0. 0. 0. 0. 0. 0. 0.]], [2],1
1, 19, [19],[[0. 1. 0. 0. 0. 0. 0. 0. 0. 0. 0. 0.]], [1],1
5, 15, [15],[[0.0001 0.     0.     0.     0.     0.9996 0.0002 0.0002 0.     0.
  0.     0.    ]], [5],1
11, 6, [6],[[0. 0. 0. 0. 0. 0. 0. 0. 0. 0. 0. 1.]], [11],1
8, 5, [5],[[0.     0.8869 0.     0.     0.0816 0.     0.     0.0001 0.0313 0.
  0.     0.0001]], [1],1
10, 26, [26],[[0.0694 0.0003 0.0001 0.0001 0.0003 0.     0.8564 0.0218 0.     0.0445
  0.0069 0.    ]], [6],1
11, 7, [7],[[0.     0.     0.     0.     0.     0.     0.     0.     0.     0.
  0.9996 0.0004]], [10],1
10, 9, [9],[[0. 0. 0. 0. 0. 0. 0. 0. 0. 0. 1. 0.]], [10],1
6, 29, [29],[[0.     0.     0.0005 0.     0.     0.     0.9751 0.     0.     0.
  0.     0.0244]], [6],1
8, 9, [9],[[0.     0.0001 0.     0.     0.9878 0.     0.     0.     0.0121 0.
  0.     0.    ]], [4],1
5, 3, [3],[[0.0103 0.0001 0.     0.009  0.     0.9461 0.0071 0.0143 0.     0.0131
  0.     0.    ]], [5],1
10, 1, [1],[[0.     0.     0.     0.     0.     0.     0.     0.     0.     0.
  0.9909 0.0091]], [10],1
6, 11, [11],[[0.     0.     0.     0.     0.     0.0001 0.     0.     0.     0.9999
  0.     0.    ]], [9],1
7, 28, [28],[[0.     0.     0.     0.     0.     0.0003 0.1205 0.7751 0.     0.1041
  0.     0.    ]], [7],1
1, 30, [30],[[0.0001 0.9961 0.     0.0011 0.     0.     0.     0.     0.     0.0003
  0.     0.0025]], [1],1
8, 11, [11 15],[[0.     0.1823 0.     0.     0.6622 0.     0.     0.     0.1554 0.
  0.     0.    ]
 [0.     0.     0.     0.     0.     0.     0.     0.     1.     0.
  0.     0.    ]], [4 8],2
0, 13, [13 24 13 24 13 24 13],[[0.2173 0.     0.     0.1951 0.     0.0536 0.2931 0.2409 0.     0.
  0.     0.    ]
 [0.2465 0.     0.     0.2848 0.     0.     0.2761 0.1926 0.     0.
  0.     0.    ]
 [0.2296 0.     0.     0.2061 0.     0.     0.3097 0.2545 0.     0.
  0.     0.    ]
 [0.2465 0.     0.     0.2848 0.     0.     0.2761 0.1926 0.     0.
  0.     0.    ]
 [0.2296 0.     0.     0.2061 0.     0.     0.3097 0.2545 0.     0.
  0.     0.    ]
 [0.2465 0.     0.     0.2848 0.     0.     0.2761 0.1926 0.     0.
  0.     0.    ]
 [1.     1.     1.     1.     1.     1.     1.     1.     1.     1.
  1.     1.    ]], [6 3 6 3 6 3 6],7
2, 10, [10],[[0.     0.     0.003  0.     0.     0.     0.0003 0.     0.     0.
  0.     0.9966]], [11],1
9, 11, [11],[[0.     0.     0.0001 0.     0.     0.     0.     0.     0.     0.0001
  0.803  0.1968]], [10],1
6, 1, [ 1 13 24 13 24 13 24],[[0.1043 0.     0.1832 0.     0.     0.     0.1697 0.5429 0.     0.
  0.     0.    ]
 [0.3742 0.     0.     0.     0.     0.     0.3653 0.2605 0.     0.
  0.     0.    ]
 [0.4261 0.     0.     0.     0.     0.     0.381  0.1928 0.     0.
  0.     0.    ]
 [0.3742 0.     0.     0.     0.     0.     0.3653 0.2605 0.     0.
  0.     0.    ]
 [0.4261 0.     0.     0.     0.     0.     0.381  0.1928 0.     0.
  0.     0.    ]
 [0.3742 0.     0.     0.     0.     0.     0.3653 0.2605 0.     0.
  0.     0.    ]
 [1.     1.     1.     1.     1.     1.     1.     1.     1.     1.
  1.     1.    ]], [7 0 0 0 0 0 0],7
4, 30, [30  3 13  3 13  3 13],[[0.     0.     0.     0.     0.5221 0.     0.     0.     0.4779 0.
  0.     0.    ]
 [0.     0.     0.     0.     0.4304 0.     0.     0.     0.5696 0.
  0.     0.    ]
 [0.     0.     0.     0.     0.4285 0.     0.     0.     0.5715 0.
  0.     0.    ]
 [0.     0.     0.     0.     0.4304 0.     0.     0.     0.5696 0.
  0.     0.    ]
 [0.     0.     0.     0.     0.4285 0.     0.     0.     0.5715 0.
  0.     0.    ]
 [0.     0.     0.     0.     0.4304 0.     0.     0.     0.5696 0.
  0.     0.    ]
 [1.     1.     1.     1.     1.     1.     1.     1.     1.     1.
  1.     1.    ]], [4 8 8 8 8 8 8],7
4, 9, [ 9  3 13  3 13  3 13],[[0.     0.     0.     0.     0.5853 0.     0.     0.     0.4147 0.
  0.     0.    ]
 [0.     0.     0.     0.     0.4304 0.     0.     0.     0.5696 0.
  0.     0.    ]
 [0.     0.     0.     0.     0.4285 0.     0.     0.     0.5715 0.
  0.     0.    ]
 [0.     0.     0.     0.     0.4304 0.     0.     0.     0.5696 0.
  0.     0.    ]
 [0.     0.     0.     0.     0.4285 0.     0.     0.     0.5715 0.
  0.     0.    ]
 [0.     0.     0.     0.     0.4304 0.     0.     0.     0.5696 0.
  0.     0.    ]
 [1.     1.     1.     1.     1.     1.     1.     1.     1.     1.
  1.     1.    ]], [4 8 8 8 8 8 8],7
9, 26, [26 13  3],[[0.     0.     0.     0.     0.     0.5743 0.4257 0.     0.     0.
  0.     0.    ]
 [0.     0.     0.     0.     0.     0.3584 0.6416 0.     0.     0.
  0.     0.    ]
 [0.     0.     0.     0.     0.     0.1293 0.8707 0.     0.     0.
  0.     0.    ]], [5 6 6],3
6, 26, [26],[[0. 0. 0. 0. 0. 0. 1. 0. 0. 0. 0. 0.]], [6],1
11, 32, [32],[[0.     0.     0.     0.     0.0004 0.     0.     0.0001 0.0003 0.0003
  0.9986 0.0002]], [10],1
11, 14, [14],[[0. 0. 0. 0. 0. 0. 0. 0. 0. 0. 0. 1.]], [11],1
7, 15, [15],[[0.0006 0.     0.     0.0001 0.     0.9533 0.0012 0.0449 0.     0.0001
  0.     0.    ]], [5],1
11, 5, [5],[[0.     0.     0.     0.     0.0001 0.     0.     0.     0.0001 0.
  0.9999 0.    ]], [10],1
1, 5, [5],[[0.     0.9975 0.     0.     0.0016 0.     0.     0.     0.0007 0.
  0.     0.0001]], [1],1
11, 1, [1],[[0.     0.     0.     0.     0.     0.     0.     0.     0.     0.
  0.9999 0.0001]], [10],1
1, 17, [17],[[0.     0.9978 0.     0.0001 0.0009 0.     0.     0.     0.0011 0.
  0.     0.0001]], [1],1
3, 17, [17],[[0.0001 0.     0.9986 0.     0.     0.     0.0008 0.0005 0.     0.
  0.     0.    ]], [2],1
11, 12, [12],[[0.     0.     0.     0.     0.0079 0.     0.     0.0001 0.0006 0.8668
  0.1246 0.    ]], [9],1
8, 6, [6 3],[[0.     0.     0.     0.     0.3215 0.     0.     0.     0.6785 0.
  0.     0.    ]
 [0.     0.     0.     0.     0.9988 0.     0.     0.     0.0012 0.
  0.     0.    ]], [8 4],2
10, 21, [21],[[0. 0. 0. 0. 0. 0. 0. 0. 0. 0. 1. 0.]], [10],1
0, 4, [4],[[0.9989 0.     0.     0.0001 0.     0.0001 0.0001 0.0008 0.     0.
  0.     0.    ]], [0],1
3, 2, [ 2 13 24 13 24 13 24],[[0.2223 0.     0.     0.2804 0.     0.1848 0.1497 0.1629 0.     0.
  0.     0.    ]
 [0.2108 0.     0.     0.2927 0.     0.0549 0.2471 0.1946 0.     0.
  0.     0.    ]
 [0.2636 0.     0.     0.3356 0.     0.     0.2224 0.1784 0.     0.
  0.     0.    ]
 [0.223  0.     0.     0.3097 0.     0.     0.2614 0.2059 0.     0.
  0.     0.    ]
 [0.2636 0.     0.     0.3356 0.     0.     0.2224 0.1784 0.     0.
  0.     0.    ]
 [0.223  0.     0.     0.3097 0.     0.     0.2614 0.2059 0.     0.
  0.     0.    ]
 [1.     1.     1.     1.     1.     1.     1.     1.     1.     1.
  1.     1.    ]], [3 3 3 3 3 3 3],7
2, 32, [32],[[0.     0.0029 0.9897 0.0015 0.     0.     0.0001 0.0002 0.     0.0054
  0.     0.0001]], [2],1
6, 14, [14],[[0.     0.     0.     0.     0.     0.0251 0.0004 0.     0.     0.9744
  0.     0.    ]], [9],1
9, 22, [22],[[0.     0.     0.     0.     0.     0.     0.     0.     0.     0.9995
  0.     0.0005]], [9],1
9, 17, [17],[[0. 0. 0. 0. 0. 0. 0. 0. 0. 1. 0. 0.]], [9],1
1, 3, [3],[[0.     0.9999 0.     0.     0.     0.     0.     0.     0.     0.
  0.     0.    ]], [1],1
3, 8, [ 8 13 24 13 24 13 24],[[0.3946 0.     0.     0.1291 0.     0.     0.1753 0.3009 0.     0.
  0.     0.    ]
 [0.223  0.     0.     0.3097 0.     0.     0.2614 0.2059 0.     0.
  0.     0.    ]
 [0.2636 0.     0.     0.3356 0.     0.     0.2224 0.1784 0.     0.
  0.     0.    ]
 [0.223  0.     0.     0.3097 0.     0.     0.2614 0.2059 0.     0.
  0.     0.    ]
 [0.2636 0.     0.     0.3356 0.     0.     0.2224 0.1784 0.     0.
  0.     0.    ]
 [0.223  0.     0.     0.3097 0.     0.     0.2614 0.2059 0.     0.
  0.     0.    ]
 [1.     1.     1.     1.     1.     1.     1.     1.     1.     1.
  1.     1.    ]], [0 3 3 3 3 3 3],7
8, 4, [4],[[0.     0.     0.     0.     0.     0.     0.     0.     0.9993 0.
  0.0006 0.    ]], [8],1
4, 4, [4],[[0. 0. 0. 0. 1. 0. 0. 0. 0. 0. 0. 0.]], [4],1
3, 31, [31],[[0.     0.0081 0.     0.9907 0.     0.0001 0.     0.0011 0.     0.
  0.     0.    ]], [3],1
