11, 2, [2],[[0.     0.     0.     0.     0.     0.     0.     0.     0.     0.0003
  0.036  0.9636]], [11],1
10, 6, [6],[[0. 0. 0. 0. 0. 0. 0. 0. 0. 0. 1. 0.]], [10],1
0, 19, [19],[[0.2536 0.     0.0008 0.0001 0.     0.7244 0.0001 0.0107 0.0002 0.0101
  0.     0.    ]], [5],1
4, 12, [12],[[0.     0.9996 0.     0.     0.0003 0.     0.     0.     0.0001 0.
  0.     0.    ]], [1],1
4, 5, [5],[[0.     0.     0.     0.     0.2439 0.0001 0.     0.     0.756  0.
  0.     0.    ]], [8],1
11, 27, [27],[[0.     0.     0.     0.     0.     0.     0.     0.     0.     0.
  0.0317 0.9682]], [11],1
7, 11, [11],[[0. 0. 1. 0. 0. 0. 0. 0. 0. 0. 0. 0.]], [2],1
10, 7, [7],[[0. 0. 0. 0. 0. 0. 0. 0. 0. 0. 1. 0.]], [10],1
0, 2, [ 2 13 24 13 24 13 24],[[0.2452 0.     0.     0.345  0.     0.     0.2514 0.1583 0.     0.
  0.     0.    ]
 [0.2488 0.     0.     0.2688 0.     0.     0.2415 0.241  0.     0.
  0.     0.    ]
 [0.2618 0.     0.     0.2024 0.     0.     0.3038 0.232  0.     0.
  0.     0.    ]
 [0.2488 0.     0.     0.2688 0.     0.     0.2415 0.241  0.     0.
  0.     0.    ]
 [0.2618 0.     0.     0.2024 0.     0.     0.3038 0.232  0.     0.
  0.     0.    ]
 [0.2488 0.     0.     0.2688 0.     0.     0.2415 0.241  0.     0.
  0.     0.    ]
 [1.     1.     1.     1.     1.     1.     1.     1.     1.     1.
  1.     1.    ]], [3 3 6 3 6 3 6],7
8, 18, [18],[[0.     0.     0.     0.     0.     0.     0.     0.     0.     0.
  0.9896 0.0104]], [10],1
2, 6, [6],[[0.0001 0.     0.9999 0.     0.     0.     0.     0.     0.     0.
  0.     0.    ]], [2],1
9, 28, [28],[[0.     0.     0.     0.     0.     0.     0.9994 0.     0.     0.0005
  0.     0.    ]], [6],1
2, 18, [18],[[0.0004 0.     0.     0.     0.     0.9992 0.0001 0.0003 0.     0.
  0.     0.    ]], [5],1
4, 29, [29],[[0.     0.     0.     0.     0.9988 0.     0.     0.     0.0011 0.
  0.     0.    ]], [4],1
11, 15, [15],[[0.     0.     0.     0.     0.     0.     0.     0.     0.     0.
  0.0057 0.9943]], [11],1
11, 25, [25],[[0. 0. 0. 0. 0. 0. 0. 0. 0. 0. 0. 1.]], [11],1
7, 20, [20],[[0.0033 0.     0.7995 0.0066 0.     0.0001 0.0636 0.127  0.     0.
  0.     0.    ]], [2],1
7, 6, [6],[[0.0002 0.     0.     0.     0.     0.9993 0.0001 0.0005 0.     0.
  0.     0.    ]], [5],1
4, 6, [6 3],[[0.     0.     0.     0.     0.6261 0.     0.     0.     0.3739 0.
  0.     0.    ]
 [0.     0.     0.     0.     1.     0.     0.     0.     0.     0.
  0.     0.    ]], [4 4],2
6, 9, [ 9 13  3],[[0.1644 0.     0.     0.3774 0.     0.     0.3153 0.1429 0.     0.
  0.     0.    ]
 [0.2669 0.     0.     0.3702 0.     0.     0.1959 0.1671 0.     0.
  0.     0.    ]
 [0.1021 0.     0.     0.7863 0.     0.     0.0328 0.0788 0.     0.
  0.     0.    ]], [3 3 3],3
3, 19, [19],[[0.0017 0.     0.0001 0.9969 0.     0.     0.0008 0.0004 0.     0.
  0.     0.    ]], [3],1
8, 12, [12  3 13  3 13  3 13],[[0.     0.     0.     0.     0.5594 0.     0.     0.     0.4406 0.
  0.     0.    ]
 [0.     0.     0.     0.     0.4208 0.     0.     0.     0.5792 0.
  0.     0.    ]
 [0.     0.     0.     0.     0.6725 0.     0.     0.     0.3275 0.
  0.     0.    ]
 [0.     0.     0.     0.     0.4208 0.     0.     0.     0.5792 0.
  0.     0.    ]
 [0.     0.     0.     0.     0.6725 0.     0.     0.     0.3275 0.
  0.     0.    ]
 [0.     0.     0.     0.     0.4208 0.     0.     0.     0.5792 0.
  0.     0.    ]
 [1.     1.     1.     1.     1.     1.     1.     1.     1.     1.
  1.     1.    ]], [4 8 4 8 4 8 4],7
10, 4, [4],[[0. 0. 0. 0. 0. 0. 0. 0. 0. 0. 1. 0.]], [10],1
5, 14, [14],[[0.0015 0.     0.9984 0.     0.     0.     0.0001 0.     0.     0.
  0.     0.    ]], [2],1
10, 10, [10],[[0.     0.0003 0.     0.     0.     0.     0.     0.     0.     0.0003
  0.9994 0.    ]], [10],1
3, 22, [22],[[0. 0. 1. 0. 0. 0. 0. 0. 0. 0. 0. 0.]], [2],1
6, 17, [17],[[0.0001 0.     0.     0.     0.     0.9954 0.0003 0.0042 0.     0.
  0.     0.    ]], [5],1
3, 6, [6],[[0.0017 0.     0.7044 0.0009 0.     0.0002 0.128  0.1648 0.     0.
  0.     0.    ]], [2],1
0, 29, [29],[[0.9991 0.     0.     0.0001 0.     0.0006 0.0001 0.0001 0.     0.
  0.     0.    ]], [0],1
3, 14, [14],[[0. 0. 1. 0. 0. 0. 0. 0. 0. 0. 0. 0.]], [2],1
2, 24, [24 13  3 13 24 13 24],[[0.3041 0.     0.     0.2426 0.     0.0365 0.2758 0.141  0.     0.
  0.     0.    ]
 [0.2064 0.     0.     0.2426 0.     0.1188 0.2599 0.1723 0.     0.
  0.     0.    ]
 [0.2249 0.     0.     0.2193 0.     0.     0.315  0.2408 0.     0.
  0.     0.    ]
 [0.2343 0.     0.     0.2753 0.     0.     0.2949 0.1955 0.     0.
  0.     0.    ]
 [0.3156 0.     0.     0.2518 0.     0.     0.2862 0.1463 0.     0.
  0.     0.    ]
 [0.2343 0.     0.     0.2753 0.     0.     0.2949 0.1955 0.     0.
  0.     0.    ]
 [1.     1.     1.     1.     1.     1.     1.     1.     1.     1.
  1.     1.    ]], [0 6 6 6 0 6 0],7
9, 29, [29],[[0. 0. 0. 0. 0. 0. 0. 0. 0. 1. 0. 0.]], [9],1
5, 6, [6],[[0.0075 0.     0.0036 0.0001 0.     0.0033 0.2354 0.75   0.     0.
  0.     0.    ]], [7],1
11, 3, [3],[[0.     0.     0.0031 0.     0.     0.     0.     0.     0.     0.0019
  0.0011 0.9939]], [11],1
8, 22, [22 15],[[0.     0.3603 0.     0.     0.5276 0.     0.     0.     0.1121 0.
  0.     0.    ]
 [0.     0.     0.     0.     0.     0.     0.     0.     1.     0.
  0.     0.    ]], [4 8],2
1, 8, [8],[[0.     0.991  0.     0.0001 0.0044 0.     0.     0.0001 0.0042 0.
  0.     0.0002]], [1],1
1, 7, [7],[[0.     0.9996 0.     0.     0.0003 0.     0.     0.     0.0001 0.
  0.     0.    ]], [1],1
3, 30, [30],[[0.0001 0.     0.     0.9989 0.     0.001  0.     0.     0.     0.
  0.     0.    ]], [3],1
2, 11, [11],[[0.0005 0.     0.     0.     0.     0.9989 0.     0.     0.     0.0006
  0.     0.    ]], [5],1
5, 4, [4],[[0.     0.     0.     0.     0.     0.9833 0.0004 0.0121 0.     0.0042
  0.     0.    ]], [5],1
7, 24, [24 15],[[0.     0.     0.     0.     0.     0.     0.     0.     0.     0.
  0.3751 0.6249]
 [0.     0.     0.     0.     0.     0.     0.     0.     0.     0.
  1.     0.    ]], [11 10],2
2, 26, [26],[[0. 0. 1. 0. 0. 0. 0. 0. 0. 0. 0. 0.]], [2],1
5, 19, [19],[[0.0954 0.     0.0001 0.     0.     0.9036 0.0002 0.0008 0.     0.
  0.     0.    ]], [5],1
7, 8, [ 8 13 24 13 24 13 24],[[0.3186 0.     0.     0.     0.     0.0913 0.3978 0.1924 0.     0.
  0.     0.    ]
 [0.2092 0.     0.     0.     0.     0.241  0.5171 0.0328 0.     0.
  0.     0.    ]
 [0.     0.     0.     0.     0.     0.5352 0.0881 0.3767 0.     0.
  0.     0.    ]
 [0.     0.     0.     0.     0.     0.3047 0.6538 0.0415 0.     0.
  0.     0.    ]
 [0.     0.     0.     0.     0.     0.5352 0.0881 0.3767 0.     0.
  0.     0.    ]
 [0.     0.     0.     0.     0.     0.3047 0.6538 0.0415 0.     0.
  0.     0.    ]
 [1.     1.     1.     1.     1.     1.     1.     1.     1.     1.
  1.     1.    ]], [6 6 5 6 5 6 5],7
4, 17, [17  3],[[0.     0.     0.     0.     0.5945 0.     0.     0.     0.4055 0.
  0.     0.    ]
 [0.     0.     0.     0.     1.     0.     0.     0.     0.     0.
  0.     0.    ]], [4 4],2
2, 7, [7],[[0.0002 0.     0.     0.     0.     0.9934 0.0008 0.0003 0.     0.0053
  0.     0.    ]], [5],1
3, 16, [16],[[0.     0.     0.     0.9981 0.     0.     0.     0.0019 0.     0.
  0.     0.    ]], [3],1
9, 20, [20],[[0. 0. 0. 0. 0. 0. 0. 0. 0. 1. 0. 0.]], [9],1
6, 8, [8],[[0.0001 0.     0.     0.     0.     0.9997 0.0002 0.     0.     0.0001
  0.     0.    ]], [5],1
4, 27, [27],[[0.     0.0061 0.     0.     0.1068 0.     0.     0.     0.8751 0.
  0.0119 0.    ]], [8],1
10, 12, [12],[[0.     0.     0.     0.     0.     0.     0.     0.     0.     0.
  0.9999 0.0001]], [10],1
5, 18, [18],[[0. 0. 1. 0. 0. 0. 0. 0. 0. 0. 0. 0.]], [2],1
9, 16, [16],[[0.     0.     0.     0.     0.     0.0025 0.     0.     0.     0.9974
  0.     0.    ]], [9],1
1, 24, [24],[[0.     0.9998 0.     0.0001 0.     0.     0.     0.0001 0.     0.
  0.     0.    ]], [1],1
9, 23, [23],[[0.     0.     0.     0.     0.     0.     0.     0.     0.     0.9984
  0.0011 0.0005]], [9],1
8, 32, [32],[[0.     0.0001 0.     0.     0.     0.     0.     0.     0.9999 0.
  0.     0.    ]], [8],1
11, 22, [22],[[0.     0.     0.     0.     0.     0.     0.     0.     0.     0.
  0.0064 0.9936]], [11],1
9, 14, [14],[[0. 0. 0. 0. 0. 0. 0. 0. 0. 1. 0. 0.]], [9],1
4, 22, [22  3],[[0.     0.     0.     0.     0.3771 0.     0.     0.     0.6229 0.
  0.     0.    ]
 [0.     0.     0.     0.     1.     0.     0.     0.     0.     0.
  0.     0.    ]], [8 4],2
11, 26, [26],[[0.     0.     0.     0.     0.     0.     0.0001 0.     0.     0.
  0.     0.9999]], [11],1
11, 11, [11],[[0. 0. 0. 0. 0. 0. 0. 0. 0. 0. 0. 1.]], [11],1
7, 22, [22],[[0. 0. 0. 1. 0. 0. 0. 0. 0. 0. 0. 0.]], [3],1
8, 25, [25],[[0.     0.8546 0.     0.     0.1141 0.     0.     0.     0.0312 0.
  0.     0.    ]], [1],1
0, 20, [20],[[0.     0.     0.     0.9997 0.     0.0003 0.     0.     0.     0.
  0.     0.    ]], [3],1
8, 27, [27],[[0.     0.     0.     0.     0.     0.     0.     0.     0.9998 0.
  0.0001 0.    ]], [8],1
6, 7, [7],[[0.0001 0.     0.     0.     0.     0.9985 0.0003 0.0011 0.     0.
  0.     0.    ]], [5],1
11, 19, [19],[[0.     0.     0.     0.     0.     0.     0.     0.     0.     0.
  0.0001 0.9999]], [11],1
3, 20, [20],[[0. 0. 1. 0. 0. 0. 0. 0. 0. 0. 0. 0.]], [2],1
7, 21, [21],[[0.     0.     0.     0.     0.     0.     0.     0.9999 0.     0.
  0.     0.    ]], [7],1
8, 2, [ 2  3 13  3 13  3 13],[[0.     0.     0.     0.     0.4027 0.     0.     0.     0.5973 0.
  0.     0.    ]
 [0.     0.     0.     0.     0.4208 0.     0.     0.     0.5792 0.
  0.     0.    ]
 [0.     0.     0.     0.     0.6725 0.     0.     0.     0.3275 0.
  0.     0.    ]
 [0.     0.     0.     0.     0.4208 0.     0.     0.     0.5792 0.
  0.     0.    ]
 [0.     0.     0.     0.     0.6725 0.     0.     0.     0.3275 0.
  0.     0.    ]
 [0.     0.     0.     0.     0.4208 0.     0.     0.     0.5792 0.
  0.     0.    ]
 [1.     1.     1.     1.     1.     1.     1.     1.     1.     1.
  1.     1.    ]], [8 8 4 8 4 8 4],7
9, 25, [25],[[0. 0. 0. 0. 0. 0. 0. 0. 0. 1. 0. 0.]], [9],1
10, 13, [13 15],[[0.     0.     0.     0.     0.     0.     0.     0.     0.     0.6446
  0.     0.3554]
 [0.     0.     0.     0.     0.     0.     0.     0.     0.     0.0025
  0.     0.9975]], [ 9 11],2
0, 12, [12],[[0.0034 0.     0.9367 0.0009 0.     0.     0.0352 0.0237 0.     0.
  0.     0.    ]], [2],1
11, 4, [4],[[0.     0.     0.     0.     0.     0.     0.     0.     0.     0.
  0.0001 0.9999]], [11],1
3, 11, [11],[[0. 0. 1. 0. 0. 0. 0. 0. 0. 0. 0. 0.]], [2],1
6, 32, [32 13],[[0.     0.     0.     0.     0.     0.     0.4993 0.     0.     0.
  0.     0.5007]
 [0.     0.     0.     0.     0.     0.     1.     0.     0.     0.
  0.     0.    ]], [11  6],2
5, 5, [5],[[0.0065 0.     0.9934 0.     0.     0.     0.     0.0001 0.     0.
  0.     0.    ]], [2],1
9, 6, [6],[[0.     0.     0.     0.     0.     0.     0.     0.     0.0001 0.9998
  0.     0.    ]], [9],1
10, 2, [2],[[0.     0.     0.     0.     0.     0.     0.     0.     0.     0.
  0.9997 0.0003]], [10],1
1, 1, [1],[[0.     0.9993 0.     0.     0.0002 0.     0.     0.     0.0003 0.
  0.     0.0001]], [1],1
4, 13, [13],[[0. 0. 1. 0. 0. 0. 0. 0. 0. 0. 0. 0.]], [2],1
6, 10, [10 13  3],[[0.1272 0.     0.     0.     0.     0.1878 0.2452 0.     0.     0.0996
  0.     0.3402]
 [0.4652 0.     0.     0.     0.     0.1933 0.3415 0.     0.     0.
  0.     0.    ]
 [0.7534 0.     0.     0.     0.     0.0045 0.2421 0.     0.     0.
  0.     0.    ]], [11  0  0],3
7, 27, [27],[[0.0001 0.     0.     0.     0.     0.9986 0.0001 0.0011 0.     0.
  0.     0.    ]], [5],1
5, 31, [31],[[0.     0.     0.     0.9982 0.     0.0014 0.     0.     0.0004 0.
  0.     0.    ]], [3],1
6, 31, [31],[[0.     0.     0.0162 0.     0.     0.0004 0.974  0.0088 0.     0.
  0.     0.0006]], [6],1
10, 27, [27],[[0. 0. 0. 0. 0. 0. 0. 0. 0. 0. 1. 0.]], [10],1
6, 18, [18 13  3],[[0.2574 0.     0.254  0.2194 0.     0.     0.1159 0.1533 0.     0.
  0.     0.    ]
 [0.2669 0.     0.     0.3702 0.     0.     0.1959 0.1671 0.     0.
  0.     0.    ]
 [0.1021 0.     0.     0.7863 0.     0.     0.0328 0.0788 0.     0.
  0.     0.    ]], [0 3 3],3
10, 8, [8],[[0. 0. 0. 0. 0. 0. 0. 0. 0. 0. 1. 0.]], [10],1
0, 30, [30],[[0.0003 0.     0.     0.     0.     0.     0.0003 0.     0.     0.9993
  0.     0.    ]], [9],1
2, 12, [12],[[0.     0.     0.     0.     0.     0.999  0.0004 0.     0.     0.0006
  0.     0.    ]], [5],1
10, 16, [16],[[0. 0. 0. 0. 0. 0. 0. 0. 0. 0. 1. 0.]], [10],1
3, 5, [5],[[0.0001 0.     0.9999 0.     0.     0.     0.     0.     0.     0.
  0.     0.    ]], [2],1
9, 21, [21],[[0.     0.     0.     0.     0.     0.0304 0.0339 0.0257 0.     0.91
  0.     0.    ]], [9],1
10, 11, [11],[[0. 0. 0. 0. 0. 0. 0. 0. 0. 0. 1. 0.]], [10],1
4, 8, [8 3],[[0.     0.     0.     0.     0.3782 0.     0.     0.     0.6218 0.
  0.     0.    ]
 [0.     0.     0.     0.     1.     0.     0.     0.     0.     0.
  0.     0.    ]], [8 4],2
5, 29, [29],[[0.     0.     0.     0.     0.     0.0322 0.     0.9677 0.     0.
  0.     0.    ]], [7],1
4, 32, [32],[[0.     0.9942 0.     0.     0.0058 0.     0.     0.     0.0001 0.
  0.     0.    ]], [1],1
6, 22, [22],[[0.0003 0.     0.0004 0.0006 0.     0.001  0.994  0.0038 0.     0.
  0.     0.    ]], [6],1
8, 14, [14  3 13  3 13  3 13],[[0.     0.     0.     0.     0.5845 0.     0.     0.     0.4155 0.
  0.     0.    ]
 [0.     0.     0.     0.     0.4208 0.     0.     0.     0.5792 0.
  0.     0.    ]
 [0.     0.     0.     0.     0.6725 0.     0.     0.     0.3275 0.
  0.     0.    ]
 [0.     0.     0.     0.     0.4208 0.     0.     0.     0.5792 0.
  0.     0.    ]
 [0.     0.     0.     0.     0.6725 0.     0.     0.     0.3275 0.
  0.     0.    ]
 [0.     0.     0.     0.     0.4208 0.     0.     0.     0.5792 0.
  0.     0.    ]
 [1.     1.     1.     1.     1.     1.     1.     1.     1.     1.
  1.     1.    ]], [4 8 4 8 4 8 4],7
3, 10, [10],[[0.0412 0.     0.034  0.0716 0.     0.0009 0.098  0.7543 0.     0.
  0.     0.    ]], [7],1
5, 26, [26],[[0.0058 0.     0.0003 0.0001 0.     0.9903 0.0011 0.0023 0.     0.
  0.     0.    ]], [5],1
6, 23, [23 13  3],[[0.2559 0.     0.     0.2861 0.     0.0967 0.1645 0.1968 0.     0.
  0.     0.    ]
 [0.2402 0.     0.     0.3332 0.     0.0998 0.1763 0.1504 0.     0.
  0.     0.    ]
 [0.1021 0.     0.     0.7858 0.     0.0006 0.0328 0.0788 0.     0.
  0.     0.    ]], [3 3 3],3
4, 21, [21],[[0.     0.     0.     0.     0.9998 0.     0.     0.     0.0002 0.
  0.     0.    ]], [4],1
3, 24, [24],[[0.     0.     0.     0.     0.     0.     0.     0.     0.     0.0002
  0.0603 0.9395]], [11],1
8, 10, [10],[[0. 1. 0. 0. 0. 0. 0. 0. 0. 0. 0. 0.]], [1],1
9, 3, [3],[[0. 0. 0. 0. 0. 0. 0. 0. 0. 1. 0. 0.]], [9],1
9, 27, [27],[[0.     0.     0.     0.     0.     0.0001 0.     0.     0.     0.9999
  0.     0.    ]], [9],1
1, 4, [4],[[0. 1. 0. 0. 0. 0. 0. 0. 0. 0. 0. 0.]], [1],1
1, 16, [16],[[0. 1. 0. 0. 0. 0. 0. 0. 0. 0. 0. 0.]], [1],1
10, 3, [3],[[0.     0.     0.     0.     0.     0.     0.     0.     0.     0.0001
  0.8589 0.141 ]], [10],1
1, 21, [21],[[0. 1. 0. 0. 0. 0. 0. 0. 0. 0. 0. 0.]], [1],1
0, 9, [ 9 13 24 13 24 13 24],[[0.2325 0.     0.     0.2721 0.     0.     0.2525 0.2429 0.     0.
  0.     0.    ]
 [0.2488 0.     0.     0.2688 0.     0.     0.2415 0.241  0.     0.
  0.     0.    ]
 [0.2618 0.     0.     0.2024 0.     0.     0.3038 0.232  0.     0.
  0.     0.    ]
 [0.2488 0.     0.     0.2688 0.     0.     0.2415 0.241  0.     0.
  0.     0.    ]
 [0.2618 0.     0.     0.2024 0.     0.     0.3038 0.232  0.     0.
  0.     0.    ]
 [0.2488 0.     0.     0.2688 0.     0.     0.2415 0.241  0.     0.
  0.     0.    ]
 [1.     1.     1.     1.     1.     1.     1.     1.     1.     1.
  1.     1.    ]], [3 3 6 3 6 3 6],7
4, 23, [23],[[0. 0. 1. 0. 0. 0. 0. 0. 0. 0. 0. 0.]], [2],1
7, 31, [31],[[0.     0.     0.0008 0.9961 0.     0.0029 0.     0.     0.0002 0.
  0.     0.    ]], [3],1
4, 18, [18],[[0. 0. 0. 0. 1. 0. 0. 0. 0. 0. 0. 0.]], [4],1
8, 1, [ 1  3 13  3 13  3 13],[[0.     0.     0.     0.     0.5966 0.     0.     0.     0.4034 0.
  0.     0.    ]
 [0.     0.     0.     0.     0.4208 0.     0.     0.     0.5792 0.
  0.     0.    ]
 [0.     0.     0.     0.     0.6725 0.     0.     0.     0.3275 0.
  0.     0.    ]
 [0.     0.     0.     0.     0.4208 0.     0.     0.     0.5792 0.
  0.     0.    ]
 [0.     0.     0.     0.     0.6725 0.     0.     0.     0.3275 0.
  0.     0.    ]
 [0.     0.     0.     0.     0.4208 0.     0.     0.     0.5792 0.
  0.     0.    ]
 [1.     1.     1.     1.     1.     1.     1.     1.     1.     1.
  1.     1.    ]], [4 8 4 8 4 8 4],7
2, 17, [17],[[0.1283 0.     0.0003 0.8223 0.     0.0001 0.0239 0.0251 0.     0.
  0.     0.    ]], [3],1
3, 27, [27],[[0.     0.0001 0.0001 0.9998 0.     0.     0.     0.     0.     0.
  0.     0.    ]], [3],1
9, 12, [12],[[0.     0.     0.     0.     0.     0.     0.     0.     0.     0.9987
  0.0001 0.0012]], [9],1
3, 12, [12],[[0.0001 0.     0.     0.9995 0.     0.0002 0.0002 0.     0.     0.
  0.     0.    ]], [3],1
8, 24, [24  3 13  3 13  3 13],[[0.     0.     0.     0.     0.5051 0.     0.     0.     0.4949 0.
  0.     0.    ]
 [0.     0.     0.     0.     0.4208 0.     0.     0.     0.5792 0.
  0.     0.    ]
 [0.     0.     0.     0.     0.6725 0.     0.     0.     0.3275 0.
  0.     0.    ]
 [0.     0.     0.     0.     0.4208 0.     0.     0.     0.5792 0.
  0.     0.    ]
 [0.     0.     0.     0.     0.6725 0.     0.     0.     0.3275 0.
  0.     0.    ]
 [0.     0.     0.     0.     0.4208 0.     0.     0.     0.5792 0.
  0.     0.    ]
 [1.     1.     1.     1.     1.     1.     1.     1.     1.     1.
  1.     1.    ]], [4 8 4 8 4 8 4],7
1, 13, [13],[[0.     0.9997 0.     0.0002 0.     0.     0.     0.0001 0.     0.
  0.     0.    ]], [1],1
11, 24, [24 15],[[0.     0.     0.     0.     0.     0.     0.     0.     0.     0.
  0.5887 0.4113]
 [0.     0.     0.     0.     0.     0.     0.     0.     0.     0.
  0.0057 0.9943]], [10 11],2
3, 7, [7],[[0.     0.     0.9998 0.     0.     0.     0.     0.     0.     0.
  0.     0.0002]], [2],1
6, 16, [16],[[0. 0. 0. 0. 0. 0. 1. 0. 0. 0. 0. 0.]], [6],1
4, 28, [28],[[0. 0. 0. 0. 1. 0. 0. 0. 0. 0. 0. 0.]], [4],1
9, 18, [18],[[0. 0. 0. 0. 0. 0. 0. 0. 0. 1. 0. 0.]], [9],1
10, 5, [5],[[0.     0.     0.     0.     0.0066 0.     0.     0.     0.0004 0.
  0.9929 0.    ]], [10],1
7, 3, [3],[[0.     0.     0.     0.     0.9997 0.     0.     0.     0.0003 0.
  0.     0.    ]], [4],1
2, 25, [25],[[0.     0.     0.     0.     0.     0.9949 0.0001 0.     0.     0.005
  0.     0.    ]], [5],1
9, 32, [32],[[0.     0.     0.     0.     0.     0.0002 0.     0.     0.     0.9998
  0.     0.    ]], [9],1
10, 17, [17],[[0. 0. 0. 0. 0. 0. 0. 0. 0. 0. 1. 0.]], [10],1
9, 15, [15],[[0.     0.     0.     0.     0.     0.     0.0002 0.     0.     0.9998
  0.     0.    ]], [9],1
8, 23, [23  3 13  3 13  3 13],[[0.     0.     0.     0.     0.5448 0.     0.     0.     0.4552 0.
  0.     0.    ]
 [0.     0.     0.     0.     0.4208 0.     0.     0.     0.5792 0.
  0.     0.    ]
 [0.     0.     0.     0.     0.6725 0.     0.     0.     0.3275 0.
  0.     0.    ]
 [0.     0.     0.     0.     0.4208 0.     0.     0.     0.5792 0.
  0.     0.    ]
 [0.     0.     0.     0.     0.6725 0.     0.     0.     0.3275 0.
  0.     0.    ]
 [0.     0.     0.     0.     0.4208 0.     0.     0.     0.5792 0.
  0.     0.    ]
 [1.     1.     1.     1.     1.     1.     1.     1.     1.     1.
  1.     1.    ]], [4 8 4 8 4 8 4],7
10, 22, [22],[[0.     0.     0.     0.     0.     0.     0.     0.     0.     0.0014
  0.9892 0.0095]], [10],1
5, 20, [20],[[0.     0.     0.     0.     0.     0.9967 0.0031 0.     0.     0.0002
  0.     0.    ]], [5],1
1, 11, [11],[[0.     0.9999 0.     0.     0.     0.     0.     0.     0.     0.
  0.     0.    ]], [1],1
11, 20, [20],[[0.     0.     0.     0.     0.     0.     0.     0.     0.     0.
  0.9965 0.0035]], [10],1
5, 9, [9],[[0.     0.     0.9948 0.     0.     0.     0.     0.     0.     0.
  0.     0.0051]], [2],1
2, 29, [29],[[0. 0. 1. 0. 0. 0. 0. 0. 0. 0. 0. 0.]], [2],1
8, 7, [ 7  3 13  3 13  3 13],[[0.     0.     0.     0.     0.6696 0.     0.     0.     0.3304 0.
  0.     0.    ]
 [0.     0.     0.     0.     0.4208 0.     0.     0.     0.5792 0.
  0.     0.    ]
 [0.     0.     0.     0.     0.6725 0.     0.     0.     0.3275 0.
  0.     0.    ]
 [0.     0.     0.     0.     0.4208 0.     0.     0.     0.5792 0.
  0.     0.    ]
 [0.     0.     0.     0.     0.6725 0.     0.     0.     0.3275 0.
  0.     0.    ]
 [0.     0.     0.     0.     0.4208 0.     0.     0.     0.5792 0.
  0.     0.    ]
 [1.     1.     1.     1.     1.     1.     1.     1.     1.     1.
  1.     1.    ]], [4 8 4 8 4 8 4],7
7, 12, [12],[[0. 0. 1. 0. 0. 0. 0. 0. 0. 0. 0. 0.]], [2],1
6, 19, [19 13 24 13 24 13 24],[[0.     0.     0.0492 0.     0.     0.     0.2981 0.6526 0.     0.
  0.     0.    ]
 [0.     0.     0.     0.     0.     0.     0.5397 0.4603 0.     0.
  0.     0.    ]
 [0.     0.     0.     0.     0.     0.     0.5872 0.4128 0.     0.
  0.     0.    ]
 [0.     0.     0.     0.     0.     0.     0.5397 0.4603 0.     0.
  0.     0.    ]
 [0.     0.     0.     0.     0.     0.     0.5872 0.4128 0.     0.
  0.     0.    ]
 [0.     0.     0.     0.     0.     0.     0.5397 0.4603 0.     0.
  0.     0.    ]
 [1.     1.     1.     1.     1.     1.     1.     1.     1.     1.
  1.     1.    ]], [7 6 6 6 6 6 6],7
3, 23, [23],[[0. 0. 1. 0. 0. 0. 0. 0. 0. 0. 0. 0.]], [2],1
7, 4, [4],[[0.     0.     0.     0.     0.     0.0002 0.     0.9998 0.     0.
  0.     0.    ]], [7],1
5, 21, [21],[[0.     0.     0.     0.     0.     0.9378 0.0007 0.0614 0.     0.0001
  0.     0.    ]], [5],1
6, 5, [5],[[0.0003 0.     0.     0.     0.     0.9995 0.     0.     0.     0.0002
  0.     0.    ]], [5],1
5, 1, [1],[[0.     0.     0.     0.     0.     0.9688 0.0075 0.     0.     0.0237
  0.     0.    ]], [5],1
2, 30, [30 13],[[0.     0.     0.     0.     0.     0.     0.6726 0.     0.     0.3274
  0.     0.    ]
 [0.     0.     0.     0.     0.     0.     0.9999 0.     0.     0.0001
  0.     0.    ]], [6 6],2
5, 7, [ 7 13],[[0.     0.     0.2767 0.     0.     0.     0.6649 0.     0.     0.
  0.     0.0584]
 [0.     0.     0.7788 0.     0.     0.     0.     0.     0.     0.
  0.     0.2211]], [6 2],2
7, 25, [25],[[0.0001 0.     0.     0.     0.     0.9996 0.0002 0.0001 0.     0.
  0.     0.    ]], [5],1
5, 10, [10],[[0.     0.     0.     0.     0.     0.9971 0.     0.     0.     0.
  0.0029 0.    ]], [5],1
5, 25, [25],[[0. 0. 0. 0. 0. 0. 0. 0. 0. 1. 0. 0.]], [9],1
4, 1, [ 1 15],[[0.     0.4378 0.     0.     0.3382 0.     0.     0.     0.2241 0.
  0.     0.    ]
 [0.     0.     0.     0.     1.     0.     0.     0.     0.     0.
  0.     0.    ]], [1 4],2
5, 17, [17],[[0.     0.     0.     0.     0.     0.0001 0.     0.     0.     0.9999
  0.     0.    ]], [9],1
6, 20, [20],[[0.     0.     0.     0.     0.     0.     0.     0.     0.     0.9999
  0.     0.0001]], [9],1
1, 28, [28],[[0. 1. 0. 0. 0. 0. 0. 0. 0. 0. 0. 0.]], [1],1
2, 16, [16],[[0. 0. 1. 0. 0. 0. 0. 0. 0. 0. 0. 0.]], [2],1
0, 17, [17 13 24 13 24 13 24],[[0.1081 0.     0.1985 0.0413 0.     0.     0.175  0.4771 0.     0.
  0.     0.    ]
 [0.2488 0.     0.     0.2688 0.     0.     0.2415 0.241  0.     0.
  0.     0.    ]
 [0.2618 0.     0.     0.2024 0.     0.     0.3038 0.232  0.     0.
  0.     0.    ]
 [0.2488 0.     0.     0.2688 0.     0.     0.2415 0.241  0.     0.
  0.     0.    ]
 [0.2618 0.     0.     0.2024 0.     0.     0.3038 0.232  0.     0.
  0.     0.    ]
 [0.2488 0.     0.     0.2688 0.     0.     0.2415 0.241  0.     0.
  0.     0.    ]
 [1.     1.     1.     1.     1.     1.     1.     1.     1.     1.
  1.     1.    ]], [7 3 6 3 6 3 6],7
11, 18, [18],[[0.     0.     0.0856 0.     0.     0.     0.     0.     0.     0.
  0.     0.9144]], [11],1
7, 1, [ 1 13 24],[[0.4329 0.     0.     0.     0.     0.     0.2992 0.2679 0.     0.
  0.     0.    ]
 [0.2756 0.     0.     0.     0.     0.     0.6812 0.0432 0.     0.
  0.     0.    ]
 [0.0059 0.     0.     0.     0.     0.     0.1885 0.8057 0.     0.
  0.     0.    ]], [0 6 7],3
0, 5, [5],[[0.0002 0.     0.     0.     0.     0.9997 0.     0.     0.     0.
  0.     0.    ]], [5],1
7, 23, [23],[[0. 0. 1. 0. 0. 0. 0. 0. 0. 0. 0. 0.]], [2],1
1, 20, [20],[[0.     0.9997 0.     0.     0.0001 0.     0.     0.     0.0001 0.
  0.     0.0001]], [1],1
4, 24, [24],[[0. 0. 0. 0. 0. 0. 0. 0. 0. 0. 0. 1.]], [11],1
0, 10, [10],[[0.9998 0.     0.     0.     0.     0.     0.0002 0.     0.     0.
  0.     0.    ]], [0],1
9, 31, [31 15],[[0.    0.    0.    0.    0.    0.    0.    0.    0.    0.476 0.524 0.   ]
 [0.    0.    0.    0.    0.    0.    0.    0.    0.    1.    0.    0.   ]], [10  9],2
2, 31, [31 13 24 13 24 13 24],[[0.     0.     0.     0.3437 0.     0.     0.5611 0.0952 0.     0.
  0.     0.    ]
 [0.     0.     0.     0.3595 0.     0.     0.3852 0.2553 0.     0.
  0.     0.    ]
 [0.     0.     0.     0.3679 0.     0.     0.4183 0.2138 0.     0.
  0.     0.    ]
 [0.     0.     0.     0.3595 0.     0.     0.3852 0.2553 0.     0.
  0.     0.    ]
 [0.     0.     0.     0.3679 0.     0.     0.4183 0.2138 0.     0.
  0.     0.    ]
 [0.     0.     0.     0.3595 0.     0.     0.3852 0.2553 0.     0.
  0.     0.    ]
 [1.     1.     1.     1.     1.     1.     1.     1.     1.     1.
  1.     1.    ]], [6 6 6 6 6 6 6],7
9, 24, [24],[[0. 0. 0. 0. 0. 0. 0. 0. 0. 1. 0. 0.]], [9],1
3, 29, [29],[[0.     0.     0.     0.9994 0.     0.0003 0.     0.0003 0.     0.
  0.     0.    ]], [3],1
8, 17, [17  3 13  3 13  3 13],[[0.     0.     0.     0.     0.4373 0.     0.     0.     0.5627 0.
  0.     0.    ]
 [0.     0.     0.     0.     0.4208 0.     0.     0.     0.5792 0.
  0.     0.    ]
 [0.     0.     0.     0.     0.6725 0.     0.     0.     0.3275 0.
  0.     0.    ]
 [0.     0.     0.     0.     0.4208 0.     0.     0.     0.5792 0.
  0.     0.    ]
 [0.     0.     0.     0.     0.6725 0.     0.     0.     0.3275 0.
  0.     0.    ]
 [0.     0.     0.     0.     0.4208 0.     0.     0.     0.5792 0.
  0.     0.    ]
 [1.     1.     1.     1.     1.     1.     1.     1.     1.     1.
  1.     1.    ]], [8 8 4 8 4 8 4],7
1, 32, [32 13],[[0.0953 0.     0.284  0.0306 0.     0.     0.2338 0.3564 0.     0.
  0.     0.    ]
 [0.0078 0.     0.     0.7247 0.     0.     0.0087 0.2587 0.     0.
  0.     0.    ]], [7 3],2
9, 10, [10],[[0.0083 0.     0.     0.     0.     0.0002 0.9799 0.0115 0.     0.0002
  0.     0.    ]], [6],1
5, 16, [16],[[0.0001 0.     0.     0.     0.     0.9962 0.003  0.0007 0.     0.
  0.     0.    ]], [5],1
2, 22, [22],[[0. 0. 1. 0. 0. 0. 0. 0. 0. 0. 0. 0.]], [2],1
7, 13, [13],[[0.     0.     0.9998 0.     0.     0.     0.     0.     0.     0.
  0.     0.0002]], [2],1
7, 5, [5],[[0. 0. 1. 0. 0. 0. 0. 0. 0. 0. 0. 0.]], [2],1
3, 28, [28],[[0.     0.0234 0.     0.9764 0.     0.     0.     0.0001 0.     0.
  0.     0.    ]], [3],1
0, 21, [21],[[1. 0. 0. 0. 0. 0. 0. 0. 0. 0. 0. 0.]], [0],1
7, 14, [14],[[0.0001 0.     0.9999 0.     0.     0.     0.     0.     0.     0.
  0.     0.    ]], [2],1
0, 14, [14],[[0.     0.     0.     0.     0.     0.     0.     0.     0.     0.9985
  0.0011 0.0004]], [9],1
1, 10, [10],[[0.     0.9985 0.     0.     0.0013 0.     0.     0.     0.0002 0.
  0.     0.    ]], [1],1
0, 32, [32],[[0.9914 0.     0.     0.0003 0.     0.     0.008  0.0002 0.     0.0001
  0.     0.    ]], [0],1
2, 4, [4],[[0. 0. 1. 0. 0. 0. 0. 0. 0. 0. 0. 0.]], [2],1
8, 8, [ 8  3 13  3 13  3 13],[[0.     0.     0.     0.     0.5801 0.     0.     0.     0.4199 0.
  0.     0.    ]
 [0.     0.     0.     0.     0.4208 0.     0.     0.     0.5792 0.
  0.     0.    ]
 [0.     0.     0.     0.     0.6725 0.     0.     0.     0.3275 0.
  0.     0.    ]
 [0.     0.     0.     0.     0.4208 0.     0.     0.     0.5792 0.
  0.     0.    ]
 [0.     0.     0.     0.     0.6725 0.     0.     0.     0.3275 0.
  0.     0.    ]
 [0.     0.     0.     0.     0.4208 0.     0.     0.     0.5792 0.
  0.     0.    ]
 [1.     1.     1.     1.     1.     1.     1.     1.     1.     1.
  1.     1.    ]], [4 8 4 8 4 8 4],7
3, 4, [4],[[0.0002 0.     0.     0.8603 0.     0.     0.     0.1351 0.     0.0016
  0.0028 0.    ]], [3],1
11, 13, [13],[[0.     0.     0.9998 0.     0.     0.     0.     0.     0.     0.
  0.     0.0002]], [2],1
0, 7, [7],[[0.0001 0.     0.     0.     0.     0.9999 0.     0.     0.     0.
  0.     0.    ]], [5],1
9, 19, [19],[[0.     0.     0.     0.     0.     0.     0.     0.     0.     0.0181
  0.0001 0.9817]], [11],1
9, 13, [13  3 13  3 13  3 13],[[0.171  0.     0.     0.1328 0.     0.2463 0.2372 0.2127 0.     0.
  0.     0.    ]
 [0.2548 0.     0.     0.071  0.     0.6741 0.     0.     0.     0.
  0.     0.    ]
 [0.3109 0.     0.     0.2413 0.     0.4478 0.     0.     0.     0.
  0.     0.    ]
 [0.2548 0.     0.     0.071  0.     0.6741 0.     0.     0.     0.
  0.     0.    ]
 [0.3109 0.     0.     0.2413 0.     0.4478 0.     0.     0.     0.
  0.     0.    ]
 [0.2548 0.     0.     0.071  0.     0.6741 0.     0.     0.     0.
  0.     0.    ]
 [1.     1.     1.     1.     1.     1.     1.     1.     1.     1.
  1.     1.    ]], [5 5 5 5 5 5 5],7
10, 15, [15],[[0. 0. 0. 0. 0. 0. 0. 0. 0. 0. 1. 0.]], [10],1
10, 24, [24],[[0. 0. 0. 0. 0. 0. 0. 0. 0. 0. 0. 1.]], [11],1
7, 16, [16],[[0.0006 0.     0.     0.     0.     0.0346 0.0001 0.9646 0.     0.
  0.     0.    ]], [7],1
0, 3, [3],[[0.0001 0.     0.     0.     0.     0.9997 0.0001 0.0001 0.     0.
  0.     0.    ]], [5],1
1, 18, [18],[[0.     0.9998 0.     0.     0.0001 0.     0.     0.     0.     0.
  0.     0.0001]], [1],1
1, 14, [14],[[0.     0.9998 0.     0.     0.     0.     0.     0.     0.     0.
  0.     0.0001]], [1],1
6, 15, [15],[[0. 0. 0. 0. 0. 0. 1. 0. 0. 0. 0. 0.]], [6],1
9, 4, [4],[[0. 0. 0. 0. 0. 0. 0. 0. 0. 1. 0. 0.]], [9],1
4, 7, [7 3],[[0.     0.     0.     0.     0.5346 0.     0.     0.     0.4654 0.
  0.     0.    ]
 [0.     0.     0.     0.     1.     0.     0.     0.     0.     0.
  0.     0.    ]], [4 4],2
2, 3, [ 3 13 24 13 24 13 24],[[0.2249 0.     0.     0.2193 0.     0.     0.315  0.2408 0.     0.
  0.     0.    ]
 [0.2343 0.     0.     0.2753 0.     0.     0.2949 0.1955 0.     0.
  0.     0.    ]
 [0.3156 0.     0.     0.2518 0.     0.     0.2862 0.1463 0.     0.
  0.     0.    ]
 [0.2343 0.     0.     0.2753 0.     0.     0.2949 0.1955 0.     0.
  0.     0.    ]
 [0.3156 0.     0.     0.2518 0.     0.     0.2862 0.1463 0.     0.
  0.     0.    ]
 [0.2343 0.     0.     0.2753 0.     0.     0.2949 0.1955 0.     0.
  0.     0.    ]
 [1.     1.     1.     1.     1.     1.     1.     1.     1.     1.
  1.     1.    ]], [6 6 0 6 0 6 0],7
4, 16, [16],[[0.     0.0001 0.     0.     0.9998 0.     0.     0.     0.0001 0.
  0.     0.    ]], [4],1
0, 15, [15 13 24 13 24 13 24],[[0.     0.     0.     0.0311 0.     0.     0.     0.3599 0.     0.4805
  0.1285 0.    ]
 [0.     0.     0.     0.5273 0.     0.     0.     0.4727 0.     0.
  0.     0.    ]
 [0.     0.     0.     0.466  0.     0.     0.     0.534  0.     0.
  0.     0.    ]
 [0.     0.     0.     0.5273 0.     0.     0.     0.4727 0.     0.
  0.     0.    ]
 [0.     0.     0.     0.466  0.     0.     0.     0.534  0.     0.
  0.     0.    ]
 [0.     0.     0.     0.5273 0.     0.     0.     0.4727 0.     0.
  0.     0.    ]
 [1.     1.     1.     1.     1.     1.     1.     1.     1.     1.
  1.     1.    ]], [9 3 7 3 7 3 7],7
5, 22, [22 13],[[0.116  0.     0.     0.1724 0.     0.     0.2102 0.5014 0.     0.
  0.     0.    ]
 [0.0064 0.     0.     0.     0.     0.     0.9907 0.0029 0.     0.
  0.     0.    ]], [7 6],2
4, 25, [25 38 15],[[0.     0.6373 0.     0.     0.2842 0.     0.     0.     0.0785 0.
  0.     0.    ]
 [0.     0.4378 0.     0.     0.3382 0.     0.     0.     0.2241 0.
  0.     0.    ]
 [0.     0.     0.     0.     1.     0.     0.     0.     0.     0.
  0.     0.    ]], [1 1 4],3
10, 28, [28],[[0. 0. 0. 0. 0. 0. 0. 0. 0. 0. 0. 1.]], [11],1
6, 2, [ 2 13  3],[[0.2571 0.     0.     0.3358 0.     0.0743 0.1827 0.1502 0.     0.
  0.     0.    ]
 [0.2402 0.     0.     0.3332 0.     0.0998 0.1763 0.1504 0.     0.
  0.     0.    ]
 [0.1021 0.     0.     0.7858 0.     0.0006 0.0328 0.0788 0.     0.
  0.     0.    ]], [3 3 3],3
6, 21, [21],[[0. 0. 0. 0. 0. 0. 1. 0. 0. 0. 0. 0.]], [6],1
2, 19, [19 13 24 13 24 13 24],[[0.     0.     0.3794 0.     0.     0.     0.2264 0.3942 0.     0.
  0.     0.    ]
 [0.     0.     0.     0.     0.     0.     0.6014 0.3986 0.     0.
  0.     0.    ]
 [0.     0.     0.     0.     0.     0.     0.6617 0.3383 0.     0.
  0.     0.    ]
 [0.     0.     0.     0.     0.     0.     0.6014 0.3986 0.     0.
  0.     0.    ]
 [0.     0.     0.     0.     0.     0.     0.6617 0.3383 0.     0.
  0.     0.    ]
 [0.     0.     0.     0.     0.     0.     0.6014 0.3986 0.     0.
  0.     0.    ]
 [1.     1.     1.     1.     1.     1.     1.     1.     1.     1.
  1.     1.    ]], [7 6 6 6 6 6 6],7
7, 32, [32 13],[[0.     0.     0.     0.     0.     0.3654 0.     0.5405 0.     0.
  0.0941 0.    ]
 [0.     0.     0.     0.     0.     0.0848 0.     0.0115 0.     0.
  0.9037 0.    ]], [ 7 10],2
1, 22, [22],[[0. 1. 0. 0. 0. 0. 0. 0. 0. 0. 0. 0.]], [1],1
11, 9, [9],[[0. 0. 0. 0. 0. 0. 0. 0. 0. 0. 0. 1.]], [11],1
5, 24, [24],[[0.     0.     0.     0.     0.     0.     0.     0.     0.     0.0001
  0.0269 0.973 ]], [11],1
0, 31, [31 13 24 13 24 13 24],[[0.     0.     0.     0.     0.     0.3694 0.1749 0.4557 0.     0.
  0.     0.    ]
 [0.     0.     0.     0.     0.     0.3419 0.3294 0.3287 0.     0.
  0.     0.    ]
 [0.     0.     0.     0.     0.     0.1628 0.4747 0.3624 0.     0.
  0.     0.    ]
 [0.     0.     0.     0.     0.     0.3419 0.3294 0.3287 0.     0.
  0.     0.    ]
 [0.     0.     0.     0.     0.     0.1628 0.4747 0.3624 0.     0.
  0.     0.    ]
 [0.     0.     0.     0.     0.     0.3419 0.3294 0.3287 0.     0.
  0.     0.    ]
 [1.     1.     1.     1.     1.     1.     1.     1.     1.     1.
  1.     1.    ]], [7 5 6 5 6 5 6],7
3, 1, [1],[[0.     0.     0.     0.9997 0.     0.0002 0.     0.     0.     0.
  0.     0.    ]], [3],1
6, 6, [6],[[0.0004 0.     0.     0.     0.     0.9986 0.0001 0.0008 0.     0.
  0.     0.    ]], [5],1
9, 1, [1],[[0.     0.     0.     0.     0.0002 0.     0.     0.     0.0002 0.9991
  0.0005 0.    ]], [9],1
9, 2, [2],[[0. 0. 0. 0. 0. 0. 0. 0. 0. 1. 0. 0.]], [9],1
5, 12, [12],[[0.     0.     0.0005 0.     0.     0.9699 0.0173 0.0122 0.     0.
  0.     0.    ]], [5],1
5, 28, [28],[[0.0008 0.     0.8127 0.0001 0.     0.1843 0.0012 0.0008 0.     0.
  0.     0.    ]], [2],1
5, 2, [2],[[0.     0.0003 0.0188 0.     0.9672 0.     0.     0.     0.     0.0002
  0.0002 0.0132]], [4],1
5, 32, [32],[[0.0005 0.     0.     0.     0.     0.9833 0.     0.003  0.     0.0006
  0.0101 0.0026]], [5],1
9, 7, [7],[[0. 0. 0. 0. 0. 0. 0. 0. 0. 1. 0. 0.]], [9],1
0, 23, [23 13  3],[[0.2939 0.     0.     0.228  0.     0.032  0.1894 0.2567 0.     0.
  0.     0.    ]
 [0.1989 0.     0.     0.2149 0.     0.2004 0.1931 0.1927 0.     0.
  0.     0.    ]
 [1.     1.     1.     1.     1.     1.     1.     1.     1.     1.
  1.     1.    ]], [0 3 5],3
1, 9, [9],[[0.     0.9999 0.     0.     0.     0.     0.     0.     0.     0.
  0.     0.0001]], [1],1
2, 15, [15],[[0. 0. 1. 0. 0. 0. 0. 0. 0. 0. 0. 0.]], [2],1
11, 28, [28 15],[[0.     0.     0.     0.     0.     0.     0.     0.     0.     0.3018
  0.     0.6982]
 [0.     0.     0.     0.     0.     0.     0.     0.     0.     0.
  0.     1.    ]], [11 11],2
11, 8, [8],[[0. 0. 0. 0. 0. 0. 0. 0. 0. 0. 1. 0.]], [10],1
11, 10, [10],[[0. 0. 0. 0. 0. 0. 0. 0. 0. 0. 0. 1.]], [11],1
10, 18, [18],[[0. 0. 0. 0. 0. 0. 0. 0. 0. 0. 1. 0.]], [10],1
3, 21, [21],[[0.     0.     0.     0.9997 0.     0.     0.     0.0003 0.     0.
  0.     0.    ]], [3],1
6, 25, [25],[[0.0132 0.     0.0004 0.0001 0.     0.9147 0.03   0.0417 0.     0.
  0.     0.    ]], [5],1
4, 14, [14  3],[[0.     0.     0.     0.     0.6232 0.     0.     0.     0.3768 0.
  0.     0.    ]
 [0.     0.     0.     0.     1.     0.     0.     0.     0.     0.
  0.     0.    ]], [4 4],2
2, 28, [28],[[0. 0. 1. 0. 0. 0. 0. 0. 0. 0. 0. 0.]], [2],1
6, 30, [30],[[0.0035 0.     0.0037 0.0001 0.     0.9738 0.0037 0.0152 0.     0.
  0.     0.    ]], [5],1
10, 31, [31],[[0.     0.     0.     0.     0.0001 0.     0.     0.     0.     0.
  0.9998 0.    ]], [10],1
10, 20, [20],[[0. 0. 0. 0. 0. 0. 0. 0. 0. 0. 1. 0.]], [10],1
11, 30, [30 15],[[0.     0.     0.     0.     0.0368 0.     0.     0.     0.     0.4007
  0.5625 0.    ]
 [0.     0.     0.     0.     0.     0.     0.     0.     0.     0.0006
  0.9993 0.    ]], [10 10],2
8, 16, [16],[[0. 0. 0. 0. 0. 0. 0. 0. 1. 0. 0. 0.]], [8],1
2, 21, [21],[[0. 0. 1. 0. 0. 0. 0. 0. 0. 0. 0. 0.]], [2],1
9, 9, [9],[[0. 0. 0. 0. 0. 0. 0. 0. 0. 1. 0. 0.]], [9],1
6, 3, [3],[[0.102  0.     0.     0.7858 0.     0.0006 0.0328 0.0788 0.     0.
  0.     0.    ]], [3],1
10, 19, [19],[[0. 0. 0. 0. 0. 0. 0. 0. 0. 0. 1. 0.]], [10],1
1, 29, [29],[[0. 1. 0. 0. 0. 0. 0. 0. 0. 0. 0. 0.]], [1],1
6, 12, [12],[[0.     0.     0.     0.     0.     0.9996 0.0002 0.     0.     0.0001
  0.     0.    ]], [5],1
1, 26, [26],[[0. 0. 0. 0. 1. 0. 0. 0. 0. 0. 0. 0.]], [4],1
5, 13, [13],[[0.     0.     0.7788 0.     0.     0.     0.     0.     0.     0.
  0.     0.2211]], [2],1
8, 15, [15],[[0. 0. 0. 0. 0. 0. 0. 0. 1. 0. 0. 0.]], [8],1
1, 23, [23],[[0.     0.998  0.     0.0016 0.     0.     0.     0.0002 0.0001 0.
  0.     0.0001]], [1],1
9, 30, [30],[[0. 0. 0. 0. 0. 0. 0. 0. 0. 1. 0. 0.]], [9],1
5, 8, [8],[[0.8804 0.     0.0011 0.0003 0.     0.0004 0.0417 0.0761 0.     0.
  0.     0.    ]], [0],1
3, 15, [15],[[0.     0.     0.     0.9997 0.     0.     0.     0.0003 0.     0.
  0.     0.    ]], [3],1
0, 1, [1],[[0.0021 0.     0.     0.0001 0.     0.9973 0.0001 0.0003 0.     0.
  0.     0.    ]], [5],1
4, 26, [26],[[0. 0. 0. 0. 1. 0. 0. 0. 0. 0. 0. 0.]], [4],1
2, 1, [1],[[0. 0. 1. 0. 0. 0. 0. 0. 0. 0. 0. 0.]], [2],1
0, 24, [24 13  3],[[0.2371 0.     0.     0.1833 0.     0.0944 0.2752 0.2101 0.     0.
  0.     0.    ]
 [0.1989 0.     0.     0.2149 0.     0.2004 0.1931 0.1927 0.     0.
  0.     0.    ]
 [0.0001 0.     0.     0.     0.     0.9997 0.0001 0.0001 0.     0.
  0.     0.    ]], [6 3 5],3
10, 32, [32],[[0.     0.     0.     0.     0.     0.953  0.     0.0043 0.     0.
  0.0426 0.    ]], [5],1
1, 27, [27],[[0. 1. 0. 0. 0. 0. 0. 0. 0. 0. 0. 0.]], [1],1
3, 25, [25],[[0.     0.9999 0.     0.     0.     0.     0.     0.     0.     0.
  0.     0.    ]], [1],1
7, 30, [30 13],[[0.     0.     0.5151 0.     0.     0.     0.1537 0.3312 0.     0.
  0.     0.    ]
 [0.     0.     1.     0.     0.     0.     0.     0.     0.     0.
  0.     0.    ]], [2 2],2
4, 19, [19],[[0.     0.     0.     0.     0.2778 0.     0.     0.     0.7221 0.
  0.0001 0.    ]], [8],1
11, 29, [29],[[0. 0. 0. 0. 0. 0. 0. 0. 0. 0. 0. 1.]], [11],1
1, 2, [2],[[0.     0.9998 0.     0.0001 0.     0.     0.     0.0001 0.     0.
  0.     0.    ]], [1],1
2, 27, [27],[[0. 0. 1. 0. 0. 0. 0. 0. 0. 0. 0. 0.]], [2],1
0, 6, [ 6 13  3],[[0.2423 0.     0.     0.1152 0.     0.0291 0.1057 0.5078 0.     0.
  0.     0.    ]
 [0.1989 0.     0.     0.2149 0.     0.2004 0.1931 0.1927 0.     0.
  0.     0.    ]
 [0.0001 0.     0.     0.     0.     0.9997 0.0001 0.0001 0.     0.
  0.     0.    ]], [7 3 5],3
2, 13, [13  3 13 24 13 24 13],[[0.2064 0.     0.     0.2426 0.     0.1188 0.2599 0.1723 0.     0.
  0.     0.    ]
 [0.2249 0.     0.     0.2193 0.     0.     0.315  0.2408 0.     0.
  0.     0.    ]
 [0.2343 0.     0.     0.2753 0.     0.     0.2949 0.1955 0.     0.
  0.     0.    ]
 [0.3156 0.     0.     0.2518 0.     0.     0.2862 0.1463 0.     0.
  0.     0.    ]
 [0.2343 0.     0.     0.2753 0.     0.     0.2949 0.1955 0.     0.
  0.     0.    ]
 [0.3156 0.     0.     0.2518 0.     0.     0.2862 0.1463 0.     0.
  0.     0.    ]
 [1.     1.     1.     1.     1.     1.     1.     1.     1.     1.
  1.     1.    ]], [6 6 6 0 6 0 6],7
0, 27, [27],[[0.0017 0.0007 0.     0.9973 0.     0.     0.0001 0.0002 0.     0.
  0.     0.    ]], [3],1
4, 20, [20 15],[[0.     0.1857 0.     0.     0.5666 0.     0.     0.     0.2477 0.
  0.     0.    ]
 [0.     0.     0.     0.     1.     0.     0.     0.     0.     0.
  0.     0.    ]], [4 4],2
4, 10, [10],[[0. 1. 0. 0. 0. 0. 0. 0. 0. 0. 0. 0.]], [1],1
2, 20, [20 13 24 13 24 13 24],[[0.1662 0.     0.     0.1608 0.     0.     0.277  0.396  0.     0.
  0.     0.    ]
 [0.2343 0.     0.     0.2753 0.     0.     0.2949 0.1955 0.     0.
  0.     0.    ]
 [0.3156 0.     0.     0.2518 0.     0.     0.2862 0.1463 0.     0.
  0.     0.    ]
 [0.2343 0.     0.     0.2753 0.     0.     0.2949 0.1955 0.     0.
  0.     0.    ]
 [0.3156 0.     0.     0.2518 0.     0.     0.2862 0.1463 0.     0.
  0.     0.    ]
 [0.2343 0.     0.     0.2753 0.     0.     0.2949 0.1955 0.     0.
  0.     0.    ]
 [1.     1.     1.     1.     1.     1.     1.     1.     1.     1.
  1.     1.    ]], [7 6 0 6 0 6 0],7
5, 23, [23],[[0. 0. 1. 0. 0. 0. 0. 0. 0. 0. 0. 0.]], [2],1
3, 32, [32],[[0.     0.     0.0003 0.0003 0.     0.0002 0.     0.0039 0.     0.
  0.9953 0.    ]], [10],1
8, 20, [20  3 13  3 13  3 13],[[0.     0.     0.     0.     0.58   0.     0.     0.     0.42   0.
  0.     0.    ]
 [0.     0.     0.     0.     0.4208 0.     0.     0.     0.5792 0.
  0.     0.    ]
 [0.     0.     0.     0.     0.6725 0.     0.     0.     0.3275 0.
  0.     0.    ]
 [0.     0.     0.     0.     0.4208 0.     0.     0.     0.5792 0.
  0.     0.    ]
 [0.     0.     0.     0.     0.6725 0.     0.     0.     0.3275 0.
  0.     0.    ]
 [0.     0.     0.     0.     0.4208 0.     0.     0.     0.5792 0.
  0.     0.    ]
 [1.     1.     1.     1.     1.     1.     1.     1.     1.     1.
  1.     1.    ]], [4 8 4 8 4 8 4],7
7, 9, [9],[[0.     0.9977 0.     0.     0.0023 0.     0.     0.     0.     0.
  0.     0.    ]], [1],1
0, 18, [18],[[0.0005 0.     0.     0.0001 0.     0.979  0.0001 0.     0.     0.0203
  0.     0.    ]], [5],1
11, 31, [31],[[0.     0.     0.     0.     0.     0.     0.     0.     0.     0.
  0.0014 0.9986]], [11],1
1, 31, [31],[[0. 1. 0. 0. 0. 0. 0. 0. 0. 0. 0. 0.]], [1],1
2, 2, [ 2 13  3 13 24 13 24],[[0.2202 0.     0.     0.154  0.     0.2932 0.2044 0.1282 0.     0.
  0.     0.    ]
 [0.2064 0.     0.     0.2426 0.     0.1188 0.2599 0.1723 0.     0.
  0.     0.    ]
 [0.2249 0.     0.     0.2193 0.     0.     0.315  0.2408 0.     0.
  0.     0.    ]
 [0.2343 0.     0.     0.2753 0.     0.     0.2949 0.1955 0.     0.
  0.     0.    ]
 [0.3156 0.     0.     0.2518 0.     0.     0.2862 0.1463 0.     0.
  0.     0.    ]
 [0.2343 0.     0.     0.2753 0.     0.     0.2949 0.1955 0.     0.
  0.     0.    ]
 [1.     1.     1.     1.     1.     1.     1.     1.     1.     1.
  1.     1.    ]], [5 6 6 6 0 6 0],7
9, 8, [8],[[0. 0. 0. 0. 0. 0. 0. 0. 0. 1. 0. 0.]], [9],1
10, 23, [23],[[0. 0. 0. 0. 0. 0. 0. 0. 0. 1. 0. 0.]], [9],1
9, 5, [5],[[0.     0.     0.     0.     0.     0.     0.     0.     0.     0.0008
  0.     0.9991]], [11],1
1, 12, [12],[[0. 1. 0. 0. 0. 0. 0. 0. 0. 0. 0. 0.]], [1],1
3, 3, [3],[[0.     0.9999 0.     0.     0.     0.     0.     0.     0.     0.
  0.     0.    ]], [1],1
0, 28, [28],[[0.9994 0.     0.     0.0004 0.     0.     0.     0.0002 0.     0.
  0.     0.    ]], [0],1
7, 19, [19],[[0.     0.     0.     0.     0.     0.889  0.0401 0.     0.     0.0708
  0.     0.    ]], [5],1
11, 17, [17],[[0. 0. 0. 0. 0. 0. 0. 0. 0. 0. 0. 1.]], [11],1
4, 3, [3],[[0. 0. 0. 0. 1. 0. 0. 0. 0. 0. 0. 0.]], [4],1
1, 6, [6],[[0.     0.9999 0.     0.     0.     0.     0.     0.     0.     0.
  0.     0.    ]], [1],1
6, 24, [24 13  3],[[0.3809 0.     0.     0.314  0.     0.     0.1791 0.1259 0.     0.
  0.     0.    ]
 [0.2669 0.     0.     0.3702 0.     0.     0.1959 0.1671 0.     0.
  0.     0.    ]
 [0.1021 0.     0.     0.7863 0.     0.     0.0328 0.0788 0.     0.
  0.     0.    ]], [0 3 3],3
10, 29, [29],[[0. 0. 0. 0. 0. 0. 0. 0. 0. 0. 1. 0.]], [10],1
2, 23, [23],[[0.0078 0.     0.9894 0.0009 0.     0.     0.0012 0.0007 0.     0.
  0.     0.    ]], [2],1
6, 28, [28],[[0.     0.     0.0067 0.     0.     0.     0.9933 0.     0.     0.
  0.     0.    ]], [6],1
2, 8, [8],[[0. 0. 1. 0. 0. 0. 0. 0. 0. 0. 0. 0.]], [2],1
4, 11, [11],[[0.     0.     0.     0.     0.2154 0.0001 0.     0.     0.7844 0.
  0.     0.    ]], [8],1
3, 13, [13],[[0.     0.     0.9994 0.     0.     0.     0.     0.     0.     0.
  0.     0.0006]], [2],1
8, 21, [21],[[0. 0. 0. 0. 0. 0. 0. 0. 1. 0. 0. 0.]], [8],1
0, 16, [16],[[0.9832 0.     0.     0.0001 0.     0.0003 0.     0.0163 0.     0.
  0.     0.    ]], [0],1
11, 21, [21],[[0. 0. 0. 0. 0. 0. 0. 0. 0. 0. 0. 1.]], [11],1
0, 8, [8],[[0.0613 0.0049 0.     0.0038 0.     0.8332 0.0008 0.0002 0.     0.0959
  0.     0.    ]], [5],1
6, 27, [27],[[0. 0. 0. 0. 0. 0. 1. 0. 0. 0. 0. 0.]], [6],1
7, 18, [18],[[0.0009 0.     0.9991 0.     0.     0.     0.     0.     0.     0.
  0.     0.    ]], [2],1
8, 13, [13 15],[[0.     0.     0.     0.     0.5247 0.     0.     0.     0.2555 0.
  0.2199 0.    ]
 [0.     0.     0.     0.     0.     0.     0.     0.     1.     0.
  0.     0.    ]], [4 8],2
8, 3, [ 3 13  3 13  3 13  3],[[0.     0.     0.     0.     0.4208 0.     0.     0.     0.5792 0.
  0.     0.    ]
 [0.     0.     0.     0.     0.6725 0.     0.     0.     0.3275 0.
  0.     0.    ]
 [0.     0.     0.     0.     0.4208 0.     0.     0.     0.5792 0.
  0.     0.    ]
 [0.     0.     0.     0.     0.6725 0.     0.     0.     0.3275 0.
  0.     0.    ]
 [0.     0.     0.     0.     0.4208 0.     0.     0.     0.5792 0.
  0.     0.    ]
 [0.     0.     0.     0.     0.6725 0.     0.     0.     0.3275 0.
  0.     0.    ]
 [1.     1.     1.     1.     1.     1.     1.     1.     1.     1.
  1.     1.    ]], [8 4 8 4 8 4 8],7
7, 2, [2],[[0.     0.     0.     0.     0.     0.     0.     0.     0.     0.
  0.0169 0.983 ]], [11],1
8, 30, [30],[[0.     0.     0.     0.     0.0644 0.0005 0.     0.     0.9348 0.
  0.0003 0.    ]], [8],1
2, 14, [14 13  3 13 24 13 24],[[0.0972 0.     0.2519 0.0721 0.     0.148  0.2578 0.1731 0.     0.
  0.     0.    ]
 [0.2064 0.     0.     0.2426 0.     0.1188 0.2599 0.1723 0.     0.
  0.     0.    ]
 [0.2249 0.     0.     0.2193 0.     0.     0.315  0.2408 0.     0.
  0.     0.    ]
 [0.2343 0.     0.     0.2753 0.     0.     0.2949 0.1955 0.     0.
  0.     0.    ]
 [0.3156 0.     0.     0.2518 0.     0.     0.2862 0.1463 0.     0.
  0.     0.    ]
 [0.2343 0.     0.     0.2753 0.     0.     0.2949 0.1955 0.     0.
  0.     0.    ]
 [1.     1.     1.     1.     1.     1.     1.     1.     1.     1.
  1.     1.    ]], [6 6 6 6 0 6 0],7
5, 27, [27],[[0.0001 0.     0.     0.     0.     0.9997 0.0002 0.     0.     0.
  0.     0.    ]], [5],1
10, 14, [14],[[0. 0. 0. 0. 0. 0. 0. 0. 0. 0. 1. 0.]], [10],1
2, 5, [ 5 13 24 13 24 13 24],[[0.1728 0.     0.2766 0.2529 0.     0.     0.1284 0.1692 0.     0.
  0.     0.    ]
 [0.2343 0.     0.     0.2753 0.     0.     0.2949 0.1955 0.     0.
  0.     0.    ]
 [0.3156 0.     0.     0.2518 0.     0.     0.2862 0.1463 0.     0.
  0.     0.    ]
 [0.2343 0.     0.     0.2753 0.     0.     0.2949 0.1955 0.     0.
  0.     0.    ]
 [0.3156 0.     0.     0.2518 0.     0.     0.2862 0.1463 0.     0.
  0.     0.    ]
 [0.2343 0.     0.     0.2753 0.     0.     0.2949 0.1955 0.     0.
  0.     0.    ]
 [1.     1.     1.     1.     1.     1.     1.     1.     1.     1.
  1.     1.    ]], [2 6 0 6 0 6 0],7
0, 26, [26],[[0.0084 0.     0.     0.197  0.     0.0037 0.     0.7164 0.     0.0745
  0.     0.    ]], [7],1
11, 16, [16],[[0. 0. 0. 0. 0. 0. 0. 0. 0. 0. 0. 1.]], [11],1
5, 11, [11],[[0. 0. 1. 0. 0. 0. 0. 0. 0. 0. 0. 0.]], [2],1
0, 22, [22],[[0.9999 0.     0.     0.     0.     0.     0.     0.     0.     0.
  0.     0.    ]], [0],1
6, 4, [ 4 13],[[0.     0.     0.     0.     0.     0.     0.6347 0.     0.     0.3653
  0.     0.    ]
 [0.     0.     0.     0.     0.     0.     0.9999 0.     0.     0.0001
  0.     0.    ]], [6 6],2
8, 29, [29],[[0.     0.     0.     0.     0.     0.0001 0.     0.     0.9999 0.
  0.     0.    ]], [8],1
11, 23, [23],[[0. 0. 1. 0. 0. 0. 0. 0. 0. 0. 0. 0.]], [2],1
1, 19, [19],[[0.     0.9999 0.     0.     0.     0.     0.     0.     0.     0.
  0.     0.    ]], [1],1
5, 15, [15],[[0. 0. 0. 0. 0. 0. 0. 1. 0. 0. 0. 0.]], [7],1
11, 6, [6],[[0.0001 0.     0.     0.     0.0089 0.     0.     0.     0.003  0.9383
  0.0496 0.    ]], [9],1
8, 5, [ 5  3 13  3 13  3 13],[[0.     0.     0.     0.     0.5718 0.     0.     0.     0.4282 0.
  0.     0.    ]
 [0.     0.     0.     0.     0.4208 0.     0.     0.     0.5792 0.
  0.     0.    ]
 [0.     0.     0.     0.     0.6725 0.     0.     0.     0.3275 0.
  0.     0.    ]
 [0.     0.     0.     0.     0.4208 0.     0.     0.     0.5792 0.
  0.     0.    ]
 [0.     0.     0.     0.     0.6725 0.     0.     0.     0.3275 0.
  0.     0.    ]
 [0.     0.     0.     0.     0.4208 0.     0.     0.     0.5792 0.
  0.     0.    ]
 [1.     1.     1.     1.     1.     1.     1.     1.     1.     1.
  1.     1.    ]], [4 8 4 8 4 8 4],7
10, 26, [26],[[0.     0.     0.     0.     0.     0.     0.     0.     0.     0.
  0.0019 0.9981]], [11],1
11, 7, [7],[[0. 0. 0. 0. 0. 0. 0. 0. 0. 0. 0. 1.]], [11],1
10, 9, [9],[[0.     0.     0.     0.     0.     0.     0.     0.     0.     0.0002
  0.7879 0.2119]], [10],1
6, 29, [29],[[0.     0.     0.     0.     0.     0.     0.1157 0.     0.     0.8843
  0.     0.    ]], [9],1
8, 9, [9],[[0.     0.8184 0.     0.0001 0.1322 0.     0.     0.0001 0.049  0.
  0.     0.0002]], [1],1
5, 3, [3],[[0.     0.     0.     0.     0.     0.0013 0.0001 0.0002 0.     0.9983
  0.     0.    ]], [9],1
10, 1, [1],[[0. 0. 0. 0. 0. 0. 0. 0. 0. 0. 1. 0.]], [10],1
6, 11, [11],[[0.943  0.     0.0032 0.0218 0.     0.0014 0.028  0.0013 0.     0.0013
  0.     0.    ]], [0],1
7, 28, [28],[[0.     0.     0.     0.     0.     0.     0.     0.9926 0.     0.0072
  0.0002 0.    ]], [7],1
1, 30, [30],[[0.0011 0.9778 0.     0.013  0.     0.     0.     0.     0.0003 0.0048
  0.     0.0029]], [1],1
8, 11, [11],[[0.     0.     0.     0.     0.9947 0.     0.     0.     0.0053 0.
  0.     0.    ]], [4],1
0, 13, [13  3],[[0.1989 0.     0.     0.2149 0.     0.2004 0.1931 0.1927 0.     0.
  0.     0.    ]
 [0.0001 0.     0.     0.     0.     0.9997 0.0001 0.0001 0.     0.
  0.     0.    ]], [3 5],2
2, 10, [10],[[0.     0.     0.9993 0.     0.     0.     0.     0.     0.     0.
  0.     0.0007]], [2],1
9, 11, [11],[[0. 0. 0. 0. 0. 0. 0. 0. 0. 1. 0. 0.]], [9],1
6, 1, [1],[[0.0019 0.     0.     0.     0.     0.8869 0.0001 0.     0.     0.1111
  0.     0.    ]], [5],1
4, 30, [30],[[0. 1. 0. 0. 0. 0. 0. 0. 0. 0. 0. 0.]], [1],1
4, 9, [9],[[0.     0.0002 0.0141 0.     0.8815 0.     0.     0.0001 0.     0.0004
  0.0016 0.1022]], [4],1
9, 26, [26 13  3],[[0.     0.     0.     0.     0.     0.1994 0.1001 0.     0.     0.7005
  0.     0.    ]
 [0.     0.     0.     0.     0.     0.5094 0.4906 0.     0.     0.
  0.     0.    ]
 [0.     0.     0.     0.     0.     0.9895 0.0105 0.     0.     0.
  0.     0.    ]], [9 5 5],3
6, 26, [26],[[0.     0.     0.     0.     0.     0.0002 0.9998 0.     0.     0.
  0.     0.    ]], [6],1
11, 32, [32],[[0.     0.001  0.0001 0.0006 0.     0.     0.     0.     0.9977 0.
  0.0006 0.    ]], [8],1
11, 14, [14],[[0. 0. 0. 0. 0. 0. 0. 0. 0. 0. 0. 1.]], [11],1
7, 15, [15],[[0. 0. 0. 0. 0. 0. 0. 1. 0. 0. 0. 0.]], [7],1
11, 5, [5],[[0.     0.     0.     0.     0.0001 0.     0.     0.     0.0001 0.0002
  0.9996 0.    ]], [10],1
1, 5, [5],[[0.     0.9981 0.     0.     0.0012 0.     0.     0.     0.0005 0.
  0.     0.0001]], [1],1
11, 1, [1],[[0. 0. 0. 0. 0. 0. 0. 0. 0. 0. 0. 1.]], [11],1
1, 17, [17],[[0.     0.9963 0.     0.0001 0.0014 0.     0.     0.0001 0.002  0.
  0.     0.0002]], [1],1
3, 17, [17],[[0.1207 0.     0.     0.8739 0.     0.0015 0.0036 0.0003 0.     0.
  0.     0.    ]], [3],1
11, 12, [12],[[0.     0.     0.     0.     0.     0.     0.     0.     0.     0.
  0.9655 0.0345]], [10],1
8, 6, [ 6  3 13  3 13  3 13],[[0.     0.     0.     0.     0.5406 0.     0.     0.     0.4594 0.
  0.     0.    ]
 [0.     0.     0.     0.     0.4208 0.     0.     0.     0.5792 0.
  0.     0.    ]
 [0.     0.     0.     0.     0.6725 0.     0.     0.     0.3275 0.
  0.     0.    ]
 [0.     0.     0.     0.     0.4208 0.     0.     0.     0.5792 0.
  0.     0.    ]
 [0.     0.     0.     0.     0.6725 0.     0.     0.     0.3275 0.
  0.     0.    ]
 [0.     0.     0.     0.     0.4208 0.     0.     0.     0.5792 0.
  0.     0.    ]
 [1.     1.     1.     1.     1.     1.     1.     1.     1.     1.
  1.     1.    ]], [4 8 4 8 4 8 4],7
10, 21, [21],[[0. 0. 0. 0. 0. 0. 0. 0. 0. 0. 1. 0.]], [10],1
0, 4, [4],[[0.0066 0.     0.     0.     0.     0.9927 0.0002 0.0005 0.     0.
  0.     0.    ]], [5],1
3, 2, [2],[[0.     0.0001 0.0262 0.     0.0616 0.     0.     0.0002 0.     0.0158
  0.0148 0.8813]], [11],1
2, 32, [32],[[0.     0.0006 0.9979 0.0002 0.     0.     0.     0.0001 0.     0.001
  0.0001 0.    ]], [2],1
6, 14, [14],[[0.0036 0.     0.0002 0.0003 0.     0.9951 0.0005 0.0002 0.     0.
  0.     0.    ]], [5],1
9, 22, [22],[[0.     0.     0.     0.     0.     0.     0.     0.     0.     0.0005
  0.0003 0.9993]], [11],1
9, 17, [17],[[0. 0. 0. 0. 0. 0. 0. 0. 0. 1. 0. 0.]], [9],1
1, 3, [3],[[0.     0.9998 0.     0.     0.     0.     0.     0.     0.     0.
  0.     0.    ]], [1],1
3, 8, [ 8 13],[[0.2091 0.     0.1607 0.0457 0.     0.0522 0.1724 0.3598 0.     0.
  0.     0.    ]
 [0.     0.     1.     0.     0.     0.     0.     0.     0.     0.
  0.     0.    ]], [7 2],2
8, 4, [ 4  3 13  3 13  3 13],[[0.     0.0281 0.     0.     0.4957 0.     0.     0.     0.4762 0.
  0.     0.    ]
 [0.     0.     0.     0.     0.4208 0.     0.     0.     0.5792 0.
  0.     0.    ]
 [0.     0.     0.     0.     0.6725 0.     0.     0.     0.3275 0.
  0.     0.    ]
 [0.     0.     0.     0.     0.4208 0.     0.     0.     0.5792 0.
  0.     0.    ]
 [0.     0.     0.     0.     0.6725 0.     0.     0.     0.3275 0.
  0.     0.    ]
 [0.     0.     0.     0.     0.4208 0.     0.     0.     0.5792 0.
  0.     0.    ]
 [1.     1.     1.     1.     1.     1.     1.     1.     1.     1.
  1.     1.    ]], [4 8 4 8 4 8 4],7
4, 4, [4],[[0. 0. 0. 0. 1. 0. 0. 0. 0. 0. 0. 0.]], [4],1
3, 31, [31],[[0.0225 0.     0.     0.8593 0.0005 0.0123 0.1029 0.0001 0.0022 0.0002
  0.     0.    ]], [3],1
