11, 2, [2],[[0.     0.     0.0001 0.     0.     0.     0.     0.     0.     0.0009
  0.0054 0.9936]], [11],1
10, 6, [6],[[0. 0. 0. 0. 0. 0. 0. 0. 0. 0. 1. 0.]], [10],1
0, 19, [19 13],[[0.1384 0.     0.0702 0.3996 0.     0.     0.15   0.2419 0.     0.
  0.     0.    ]
 [0.0001 0.     0.021  0.     0.     0.     0.9755 0.0034 0.     0.
  0.     0.    ]], [3 6],2
4, 12, [12],[[0.     0.0005 0.     0.     0.795  0.     0.     0.     0.2045 0.
  0.     0.    ]], [4],1
4, 5, [5],[[0.     0.     0.     0.     0.245  0.0001 0.     0.     0.7549 0.
  0.     0.    ]], [8],1
11, 27, [27],[[0.     0.     0.     0.     0.     0.     0.     0.     0.     0.
  0.0113 0.9887]], [11],1
7, 11, [11],[[0.0016 0.     0.     0.     0.     0.2116 0.0001 0.     0.     0.7867
  0.     0.    ]], [9],1
10, 7, [7],[[0. 0. 0. 0. 0. 0. 0. 0. 0. 0. 1. 0.]], [10],1
0, 2, [2],[[0.     0.     0.     0.     0.     0.     0.     0.     0.     0.0078
  0.     0.9922]], [11],1
8, 18, [18  3 15],[[0.     0.     0.     0.     0.3445 0.     0.     0.     0.6555 0.
  0.     0.    ]
 [0.     0.     0.     0.     0.6133 0.     0.     0.     0.3867 0.
  0.     0.    ]
 [0.     0.     0.     0.     0.0001 0.     0.     0.     0.9999 0.
  0.     0.    ]], [8 4 8],3
2, 6, [6],[[0. 0. 1. 0. 0. 0. 0. 0. 0. 0. 0. 0.]], [2],1
9, 28, [28],[[0.     0.     0.     0.     0.     0.0001 0.0808 0.     0.     0.9191
  0.     0.    ]], [9],1
2, 18, [18],[[0.0019 0.     0.9888 0.0085 0.     0.0001 0.0004 0.0002 0.     0.
  0.     0.    ]], [2],1
4, 29, [29],[[0.     0.     0.     0.     0.9995 0.     0.     0.     0.0005 0.
  0.     0.    ]], [4],1
11, 15, [15],[[0. 0. 0. 0. 0. 0. 0. 0. 0. 0. 0. 1.]], [11],1
11, 25, [25],[[0. 0. 0. 0. 0. 0. 0. 0. 0. 0. 0. 1.]], [11],1
7, 20, [20],[[0.     0.     0.     0.     0.     0.9993 0.0002 0.     0.     0.0004
  0.     0.    ]], [5],1
7, 6, [ 6 13],[[0.4068 0.     0.5932 0.     0.     0.     0.     0.     0.     0.
  0.     0.    ]
 [1.     0.     0.     0.     0.     0.     0.     0.     0.     0.
  0.     0.    ]], [2 0],2
4, 6, [6],[[0.     0.0023 0.     0.     0.0915 0.0068 0.     0.     0.8993 0.
  0.     0.    ]], [8],1
6, 9, [9],[[0.     0.9999 0.     0.     0.     0.     0.     0.     0.     0.
  0.     0.    ]], [1],1
3, 19, [19],[[0.     0.     0.     0.9997 0.     0.0002 0.     0.     0.     0.
  0.     0.    ]], [3],1
8, 12, [12  3 15],[[0.     0.     0.     0.     0.4513 0.     0.     0.     0.5487 0.
  0.     0.    ]
 [0.     0.     0.     0.     0.6133 0.     0.     0.     0.3867 0.
  0.     0.    ]
 [0.     0.     0.     0.     0.0001 0.     0.     0.     0.9999 0.
  0.     0.    ]], [8 4 8],3
10, 4, [4],[[0. 0. 0. 0. 0. 0. 0. 0. 0. 0. 1. 0.]], [10],1
5, 14, [14],[[0.0023 0.     0.     0.     0.     0.7479 0.0001 0.     0.     0.2497
  0.     0.    ]], [5],1
10, 10, [10],[[0.     0.0001 0.0002 0.     0.     0.     0.     0.     0.     0.
  0.9997 0.    ]], [10],1
3, 22, [22],[[0.     0.     0.     0.9995 0.     0.0003 0.     0.     0.0001 0.
  0.     0.    ]], [3],1
6, 17, [17  3 13  3 13  3 13],[[0.2716 0.     0.     0.5007 0.     0.2277 0.     0.     0.     0.
  0.     0.    ]
 [0.4339 0.     0.     0.0329 0.     0.5332 0.     0.     0.     0.
  0.     0.    ]
 [0.4691 0.     0.     0.0381 0.     0.4928 0.     0.     0.     0.
  0.     0.    ]
 [0.4339 0.     0.     0.0329 0.     0.5332 0.     0.     0.     0.
  0.     0.    ]
 [0.4691 0.     0.     0.0381 0.     0.4928 0.     0.     0.     0.
  0.     0.    ]
 [0.4339 0.     0.     0.0329 0.     0.5332 0.     0.     0.     0.
  0.     0.    ]
 [1.     1.     1.     1.     1.     1.     1.     1.     1.     1.
  1.     1.    ]], [3 5 5 5 5 5 5],7
3, 6, [6],[[0.0001 0.     0.     0.     0.     0.9954 0.0002 0.0001 0.     0.0043
  0.     0.    ]], [5],1
0, 29, [29],[[0.026  0.     0.0064 0.9378 0.0001 0.0007 0.0011 0.0277 0.0002 0.
  0.     0.    ]], [3],1
3, 14, [14 13 24 13 24 13 24],[[0.6092 0.     0.     0.     0.     0.     0.2027 0.1881 0.     0.
  0.     0.    ]
 [0.4792 0.     0.     0.     0.     0.     0.277  0.2438 0.     0.
  0.     0.    ]
 [0.4254 0.     0.     0.     0.     0.     0.3015 0.2731 0.     0.
  0.     0.    ]
 [0.4792 0.     0.     0.     0.     0.     0.277  0.2438 0.     0.
  0.     0.    ]
 [0.4254 0.     0.     0.     0.     0.     0.3015 0.2731 0.     0.
  0.     0.    ]
 [0.4792 0.     0.     0.     0.     0.     0.277  0.2438 0.     0.
  0.     0.    ]
 [1.     1.     1.     1.     1.     1.     1.     1.     1.     1.
  1.     1.    ]], [0 0 0 0 0 0 0],7
2, 24, [24],[[0. 0. 0. 0. 0. 0. 0. 0. 0. 0. 0. 1.]], [11],1
9, 29, [29],[[0.     0.     0.     0.     0.     0.0002 0.     0.     0.     0.9997
  0.     0.    ]], [9],1
5, 6, [6],[[0.0005 0.     0.     0.     0.     0.9986 0.0001 0.0008 0.     0.
  0.     0.    ]], [5],1
11, 3, [3],[[0. 0. 0. 0. 0. 0. 0. 0. 0. 0. 0. 1.]], [11],1
8, 22, [22  3 15],[[0.     0.     0.     0.     0.5568 0.     0.     0.     0.4432 0.
  0.     0.    ]
 [0.     0.     0.     0.     0.6133 0.     0.     0.     0.3867 0.
  0.     0.    ]
 [0.     0.     0.     0.     0.0001 0.     0.     0.     0.9999 0.
  0.     0.    ]], [4 4 8],3
1, 8, [8],[[0.     0.9915 0.     0.0001 0.0041 0.     0.     0.0001 0.004  0.
  0.     0.0002]], [1],1
1, 7, [7],[[0.     0.9998 0.     0.     0.0001 0.     0.     0.     0.     0.
  0.     0.    ]], [1],1
3, 30, [30],[[0.0007 0.     0.     0.9935 0.0002 0.0022 0.0001 0.0027 0.0006 0.
  0.     0.    ]], [3],1
2, 11, [11],[[0. 0. 1. 0. 0. 0. 0. 0. 0. 0. 0. 0.]], [2],1
5, 4, [4],[[0.0001 0.     0.     0.     0.     0.9994 0.0002 0.0003 0.     0.
  0.     0.    ]], [5],1
7, 24, [24 13 24 13 24 13 24],[[0.2635 0.     0.     0.2977 0.     0.     0.2306 0.2082 0.     0.
  0.     0.    ]
 [0.3516 0.     0.     0.2667 0.     0.     0.1907 0.191  0.     0.
  0.     0.    ]
 [0.2635 0.     0.     0.2977 0.     0.     0.2306 0.2082 0.     0.
  0.     0.    ]
 [0.3516 0.     0.     0.2667 0.     0.     0.1907 0.191  0.     0.
  0.     0.    ]
 [0.2635 0.     0.     0.2977 0.     0.     0.2306 0.2082 0.     0.
  0.     0.    ]
 [0.3516 0.     0.     0.2667 0.     0.     0.1907 0.191  0.     0.
  0.     0.    ]
 [1.     1.     1.     1.     1.     1.     1.     1.     1.     1.
  1.     1.    ]], [3 0 3 0 3 0 3],7
2, 26, [26],[[0. 0. 1. 0. 0. 0. 0. 0. 0. 0. 0. 0.]], [2],1
5, 19, [19],[[0.0001 0.     0.     0.     0.     0.9997 0.0001 0.0002 0.     0.
  0.     0.    ]], [5],1
7, 8, [ 8 13  3],[[0.4119 0.     0.     0.2841 0.     0.0787 0.1044 0.1209 0.     0.
  0.     0.    ]
 [0.1146 0.     0.     0.0869 0.     0.674  0.0622 0.0623 0.     0.
  0.     0.    ]
 [0.0002 0.     0.     0.     0.     0.9996 0.0001 0.0001 0.     0.
  0.     0.    ]], [0 5 5],3
4, 17, [17  3],[[0.     0.     0.     0.     0.6605 0.     0.     0.     0.3395 0.
  0.     0.    ]
 [0.     0.     0.     0.     1.     0.     0.     0.     0.     0.
  0.     0.    ]], [4 4],2
2, 7, [ 7 13],[[0.     0.     0.4467 0.     0.     0.     0.4556 0.     0.     0.
  0.     0.0976]
 [0.     0.     1.     0.     0.     0.     0.     0.     0.     0.
  0.     0.    ]], [6 2],2
3, 16, [16],[[0. 0. 0. 1. 0. 0. 0. 0. 0. 0. 0. 0.]], [3],1
9, 20, [20],[[0. 0. 0. 0. 0. 0. 0. 0. 0. 1. 0. 0.]], [9],1
6, 8, [ 8 13 24],[[0.4867 0.     0.     0.0337 0.     0.     0.3202 0.1594 0.     0.
  0.     0.    ]
 [0.3244 0.     0.     0.0263 0.     0.     0.6024 0.047  0.     0.
  0.     0.    ]
 [0.     0.     0.     0.     0.     0.     0.9997 0.0003 0.     0.
  0.     0.    ]], [0 6 6],3
4, 27, [27],[[0.     0.     0.     0.     0.9997 0.     0.     0.     0.0003 0.
  0.     0.    ]], [4],1
10, 12, [12],[[0.     0.     0.     0.     0.1105 0.     0.     0.0001 0.0054 0.
  0.884  0.    ]], [10],1
5, 18, [18 13  3 13 24 13 24],[[0.1576 0.     0.0618 0.0255 0.     0.671  0.0381 0.046  0.     0.
  0.     0.    ]
 [0.1643 0.     0.     0.1626 0.     0.4672 0.102  0.1039 0.     0.
  0.     0.    ]
 [0.2309 0.     0.     0.2147 0.     0.     0.3281 0.2262 0.     0.
  0.     0.    ]
 [0.3083 0.     0.     0.3053 0.     0.     0.1914 0.195  0.     0.
  0.     0.    ]
 [0.2879 0.     0.     0.1829 0.     0.     0.3012 0.2279 0.     0.
  0.     0.    ]
 [0.3083 0.     0.     0.3053 0.     0.     0.1914 0.195  0.     0.
  0.     0.    ]
 [1.     1.     1.     1.     1.     1.     1.     1.     1.     1.
  1.     1.    ]], [5 5 6 0 6 0 6],7
9, 16, [16],[[0. 0. 0. 0. 0. 0. 0. 0. 0. 1. 0. 0.]], [9],1
1, 24, [24],[[0.     0.9999 0.     0.     0.     0.     0.     0.     0.     0.
  0.     0.    ]], [1],1
9, 23, [23],[[0. 0. 0. 0. 0. 0. 0. 0. 0. 1. 0. 0.]], [9],1
8, 32, [32],[[0. 1. 0. 0. 0. 0. 0. 0. 0. 0. 0. 0.]], [1],1
11, 22, [22],[[0.     0.     0.0002 0.     0.     0.     0.     0.     0.     0.
  0.     0.9998]], [11],1
9, 14, [14],[[0. 0. 0. 0. 0. 0. 0. 0. 0. 1. 0. 0.]], [9],1
4, 22, [22  3],[[0.     0.     0.     0.     0.5344 0.     0.     0.     0.4656 0.
  0.     0.    ]
 [0.     0.     0.     0.     1.     0.     0.     0.     0.     0.
  0.     0.    ]], [4 4],2
11, 26, [26],[[0.     0.     0.0003 0.     0.     0.     0.0404 0.     0.     0.
  0.     0.9594]], [11],1
11, 11, [11],[[0.     0.     0.0031 0.     0.     0.     0.     0.     0.     0.
  0.     0.9969]], [11],1
7, 22, [22],[[0.0007 0.     0.     0.     0.     0.0005 0.0059 0.9929 0.     0.
  0.     0.    ]], [7],1
8, 25, [25  3 15],[[0.     0.     0.     0.     0.4752 0.     0.     0.     0.5248 0.
  0.     0.    ]
 [0.     0.     0.     0.     0.6133 0.     0.     0.     0.3867 0.
  0.     0.    ]
 [0.     0.     0.     0.     0.0001 0.     0.     0.     0.9999 0.
  0.     0.    ]], [8 4 8],3
0, 20, [20],[[0.7524 0.0514 0.0002 0.0669 0.0004 0.0055 0.073  0.0498 0.0004 0.
  0.     0.    ]], [0],1
8, 27, [27],[[0.     0.     0.0001 0.     0.     0.     0.     0.     0.     0.
  0.0622 0.9377]], [11],1
6, 7, [7],[[0. 0. 1. 0. 0. 0. 0. 0. 0. 0. 0. 0.]], [2],1
11, 19, [19 15],[[0.     0.     0.     0.     0.0405 0.0254 0.     0.     0.     0.2005
  0.5741 0.1595]
 [0.     0.     0.     0.     0.     0.     0.     0.     0.     0.
  0.     1.    ]], [10 11],2
3, 20, [20],[[0.     0.     0.     0.     0.     0.0008 0.     0.     0.     0.9992
  0.     0.    ]], [9],1
7, 21, [21 13 24 13 24 13 24],[[0.     0.     0.     0.     0.     0.     0.4929 0.2837 0.     0.2234
  0.     0.    ]
 [0.     0.     0.     0.     0.     0.     0.4996 0.5004 0.     0.
  0.     0.    ]
 [0.     0.     0.     0.     0.     0.     0.5256 0.4744 0.     0.
  0.     0.    ]
 [0.     0.     0.     0.     0.     0.     0.4996 0.5004 0.     0.
  0.     0.    ]
 [0.     0.     0.     0.     0.     0.     0.5256 0.4744 0.     0.
  0.     0.    ]
 [0.     0.     0.     0.     0.     0.     0.4996 0.5004 0.     0.
  0.     0.    ]
 [1.     1.     1.     1.     1.     1.     1.     1.     1.     1.
  1.     1.    ]], [6 7 6 7 6 7 6],7
8, 2, [ 2  3 15],[[0.     0.     0.     0.     0.3647 0.     0.     0.     0.6353 0.
  0.     0.    ]
 [0.     0.     0.     0.     0.6133 0.     0.     0.     0.3867 0.
  0.     0.    ]
 [0.     0.     0.     0.     0.0001 0.     0.     0.     0.9999 0.
  0.     0.    ]], [8 4 8],3
9, 25, [25],[[0.     0.     0.     0.     0.     0.     0.     0.     0.     0.9045
  0.095  0.0005]], [9],1
10, 13, [13],[[0.     0.     0.     0.     0.     0.     0.     0.     0.     0.
  0.9999 0.    ]], [10],1
0, 12, [12 13],[[0.     0.     0.1078 0.     0.     0.     0.5898 0.3024 0.     0.
  0.     0.    ]
 [0.     0.     0.021  0.     0.     0.     0.9756 0.0034 0.     0.
  0.     0.    ]], [6 6],2
11, 4, [4],[[0.     0.     0.     0.     0.     0.     0.     0.     0.     0.
  0.9957 0.0043]], [10],1
3, 11, [11 13  3],[[0.1214 0.     0.5476 0.     0.     0.0397 0.0775 0.2138 0.     0.
  0.     0.    ]
 [0.3268 0.     0.     0.     0.     0.318  0.1889 0.1663 0.     0.
  0.     0.    ]
 [1.     1.     1.     1.     1.     1.     1.     1.     1.     1.
  1.     1.    ]], [2 0 7],3
6, 32, [32 13],[[0.     0.     0.     0.     0.     0.     0.3309 0.     0.     0.441
  0.     0.2281]
 [0.     0.     0.     0.     0.     0.     0.0002 0.     0.     0.
  0.     0.9998]], [ 9 11],2
5, 5, [ 5 13],[[0.     0.     0.     0.     0.     0.4047 0.     0.     0.     0.5953
  0.     0.    ]
 [0.     0.     0.     0.     0.     0.9998 0.     0.     0.     0.0002
  0.     0.    ]], [9 5],2
9, 6, [6],[[0. 0. 0. 0. 0. 0. 0. 0. 0. 0. 0. 1.]], [11],1
10, 2, [2],[[0. 0. 0. 0. 0. 0. 0. 0. 0. 0. 1. 0.]], [10],1
1, 1, [1],[[0.     0.9994 0.     0.     0.0002 0.     0.     0.     0.0003 0.
  0.     0.0001]], [1],1
4, 13, [13],[[0. 0. 1. 0. 0. 0. 0. 0. 0. 0. 0. 0.]], [2],1
6, 10, [10],[[0. 0. 0. 0. 0. 0. 1. 0. 0. 0. 0. 0.]], [6],1
7, 27, [27],[[0.0083 0.     0.     0.0001 0.     0.01   0.0001 0.9814 0.     0.0002
  0.     0.    ]], [7],1
5, 31, [31],[[0.     0.     0.0011 0.     0.     0.0003 0.0359 0.9627 0.     0.
  0.     0.    ]], [7],1
6, 31, [31],[[0. 0. 1. 0. 0. 0. 0. 0. 0. 0. 0. 0.]], [2],1
10, 27, [27],[[0.     0.     0.     0.     0.     0.     0.     0.     0.0034 0.
  0.9966 0.    ]], [10],1
6, 18, [18],[[0. 0. 1. 0. 0. 0. 0. 0. 0. 0. 0. 0.]], [2],1
10, 8, [8],[[0. 0. 0. 0. 0. 0. 0. 0. 0. 0. 1. 0.]], [10],1
0, 30, [30],[[0.0004 0.     0.9991 0.     0.     0.     0.0002 0.0003 0.     0.
  0.     0.    ]], [2],1
2, 12, [12],[[0.     0.     0.9993 0.     0.     0.     0.0002 0.0004 0.     0.
  0.     0.    ]], [2],1
10, 16, [16],[[0.     0.     0.     0.     0.     0.     0.     0.     0.0002 0.
  0.9998 0.    ]], [10],1
3, 5, [5],[[0.0037 0.     0.     0.0001 0.     0.9958 0.0002 0.0001 0.     0.
  0.     0.    ]], [5],1
9, 21, [21],[[0.     0.     0.     0.     0.     0.001  0.0026 0.0006 0.     0.9958
  0.     0.    ]], [9],1
10, 11, [11],[[0. 0. 0. 0. 0. 0. 0. 0. 0. 0. 1. 0.]], [10],1
4, 8, [8],[[0. 0. 0. 0. 0. 0. 0. 0. 0. 0. 1. 0.]], [10],1
5, 29, [29 13],[[0.     0.     0.     0.     0.     0.0427 0.     0.6712 0.     0.2861
  0.     0.    ]
 [0.     0.     0.     0.     0.     0.818  0.     0.1819 0.     0.0001
  0.     0.    ]], [7 5],2
4, 32, [32],[[0.     0.8104 0.0001 0.     0.0004 0.     0.     0.     0.189  0.
  0.0001 0.    ]], [1],1
6, 22, [22],[[0.788  0.     0.     0.0007 0.0004 0.0136 0.1921 0.0022 0.0028 0.0001
  0.     0.0002]], [0],1
8, 14, [14  3 15],[[0.     0.     0.     0.     0.4785 0.     0.     0.     0.5215 0.
  0.     0.    ]
 [0.     0.     0.     0.     0.6133 0.     0.     0.     0.3867 0.
  0.     0.    ]
 [1.     1.     1.     1.     1.     1.     1.     1.     1.     1.
  1.     1.    ]], [8 4 8],3
3, 10, [10],[[0.0234 0.     0.0049 0.97   0.     0.     0.     0.0016 0.     0.
  0.     0.    ]], [3],1
5, 26, [26],[[0.2152 0.     0.0159 0.0011 0.     0.7394 0.0034 0.0247 0.     0.0002
  0.     0.    ]], [5],1
6, 23, [23],[[0. 0. 1. 0. 0. 0. 0. 0. 0. 0. 0. 0.]], [2],1
4, 21, [21],[[0.     0.     0.     0.     0.9964 0.     0.     0.     0.0036 0.
  0.     0.    ]], [4],1
3, 24, [24 13  3],[[0.2437 0.     0.     0.36   0.     0.0673 0.1727 0.1564 0.     0.
  0.     0.    ]
 [0.2404 0.     0.     0.2645 0.     0.2339 0.1389 0.1223 0.     0.
  0.     0.    ]
 [1.     1.     1.     1.     1.     1.     1.     1.     1.     1.
  1.     1.    ]], [3 3 7],3
8, 10, [10],[[0. 0. 0. 0. 0. 0. 0. 0. 1. 0. 0. 0.]], [8],1
9, 3, [3],[[0. 0. 0. 0. 0. 0. 0. 0. 0. 1. 0. 0.]], [9],1
9, 27, [27],[[0.     0.     0.     0.     0.     0.0005 0.0001 0.     0.     0.9994
  0.     0.    ]], [9],1
1, 4, [4],[[0.     0.     0.     0.     0.     0.0002 0.     0.     0.9997 0.
  0.     0.    ]], [8],1
1, 16, [16],[[0. 1. 0. 0. 0. 0. 0. 0. 0. 0. 0. 0.]], [1],1
10, 3, [3],[[0.     0.     0.     0.     0.     0.     0.     0.     0.     0.
  0.9999 0.0001]], [10],1
1, 21, [21],[[0. 1. 0. 0. 0. 0. 0. 0. 0. 0. 0. 0.]], [1],1
0, 9, [9],[[0.     0.7698 0.     0.     0.2296 0.     0.     0.     0.0005 0.
  0.     0.    ]], [1],1
4, 23, [23],[[0. 0. 1. 0. 0. 0. 0. 0. 0. 0. 0. 0.]], [2],1
7, 31, [31],[[0.     0.     0.     0.9996 0.     0.0002 0.     0.     0.0002 0.
  0.     0.    ]], [3],1
4, 18, [18],[[0. 0. 0. 0. 1. 0. 0. 0. 0. 0. 0. 0.]], [4],1
8, 1, [1],[[0.     0.8228 0.     0.     0.1109 0.     0.     0.0001 0.0659 0.
  0.     0.0002]], [1],1
2, 17, [17 13],[[0.     0.     0.4723 0.     0.     0.1086 0.1445 0.2746 0.     0.
  0.     0.    ]
 [0.     0.     1.     0.     0.     0.     0.     0.     0.     0.
  0.     0.    ]], [2 2],2
3, 27, [27],[[0.0001 0.0013 0.0001 0.9985 0.     0.     0.     0.0001 0.     0.
  0.     0.    ]], [3],1
9, 12, [12],[[0. 0. 0. 0. 0. 0. 0. 0. 0. 1. 0. 0.]], [9],1
3, 12, [12],[[0.     0.     0.     0.9992 0.     0.0008 0.     0.     0.0001 0.
  0.     0.    ]], [3],1
8, 24, [24],[[0.     0.     0.     0.     0.7121 0.     0.     0.     0.247  0.
  0.0408 0.    ]], [4],1
1, 13, [13],[[0.     0.9996 0.     0.0003 0.     0.     0.     0.0001 0.     0.
  0.     0.    ]], [1],1
11, 24, [24],[[0.     0.     0.     0.     0.0001 0.     0.     0.     0.     0.
  0.7693 0.2306]], [10],1
3, 7, [7],[[0.     0.     0.0008 0.999  0.     0.0002 0.     0.     0.     0.
  0.     0.    ]], [3],1
6, 16, [16],[[0. 0. 0. 0. 0. 0. 1. 0. 0. 0. 0. 0.]], [6],1
4, 28, [28],[[0. 0. 0. 0. 1. 0. 0. 0. 0. 0. 0. 0.]], [4],1
9, 18, [18],[[0. 0. 0. 0. 0. 0. 0. 0. 0. 1. 0. 0.]], [9],1
10, 5, [5],[[0. 0. 0. 0. 0. 0. 0. 0. 0. 0. 1. 0.]], [10],1
7, 3, [3],[[0.0002 0.     0.     0.     0.     0.9996 0.0001 0.0001 0.     0.
  0.     0.    ]], [5],1
2, 25, [25],[[0.0005 0.     0.     0.     0.     0.9839 0.0025 0.013  0.     0.
  0.     0.    ]], [5],1
9, 32, [32],[[0.     0.     0.     0.     0.     0.0007 0.     0.0002 0.     0.999
  0.     0.    ]], [9],1
10, 17, [17],[[0. 0. 0. 0. 0. 0. 0. 0. 0. 0. 1. 0.]], [10],1
9, 15, [15],[[0.     0.     0.     0.     0.     0.0002 0.     0.     0.     0.
  0.9998 0.    ]], [10],1
8, 23, [23  3 15],[[0.     0.     0.     0.     0.5133 0.     0.     0.     0.4867 0.
  0.     0.    ]
 [0.     0.     0.     0.     0.6133 0.     0.     0.     0.3867 0.
  0.     0.    ]
 [1.     1.     1.     1.     1.     1.     1.     1.     1.     1.
  1.     1.    ]], [4 4 8],3
10, 22, [22],[[0. 0. 0. 0. 0. 0. 0. 0. 0. 0. 1. 0.]], [10],1
5, 20, [20],[[0.0001 0.     0.     0.     0.     0.9992 0.0001 0.0006 0.     0.0001
  0.     0.    ]], [5],1
1, 11, [11],[[0.     0.9995 0.     0.     0.0001 0.     0.     0.     0.0001 0.
  0.     0.0002]], [1],1
11, 20, [20],[[0. 0. 0. 0. 0. 0. 0. 0. 0. 0. 0. 1.]], [11],1
5, 9, [9],[[0.0496 0.     0.     0.0324 0.     0.8369 0.035  0.046  0.     0.
  0.     0.    ]], [5],1
2, 29, [29],[[0. 0. 1. 0. 0. 0. 0. 0. 0. 0. 0. 0.]], [2],1
8, 7, [7],[[0.     0.     0.     0.     0.7345 0.     0.     0.0007 0.2624 0.
  0.0023 0.    ]], [4],1
7, 12, [12],[[0.0001 0.     0.     0.     0.     0.9993 0.0005 0.0001 0.     0.
  0.     0.    ]], [5],1
6, 19, [19],[[0.9999 0.     0.     0.     0.     0.0001 0.     0.     0.     0.
  0.     0.    ]], [0],1
3, 23, [23 13  3],[[0.2297 0.     0.     0.2485 0.     0.1596 0.1824 0.1798 0.     0.
  0.     0.    ]
 [0.2404 0.     0.     0.2645 0.     0.2339 0.1389 0.1223 0.     0.
  0.     0.    ]
 [1.     1.     1.     1.     1.     1.     1.     1.     1.     1.
  1.     1.    ]], [3 3 7],3
7, 4, [ 4 13],[[0.     0.     0.     0.     0.     0.05   0.     0.6407 0.     0.3093
  0.     0.    ]
 [0.     0.     0.     0.     0.     0.9153 0.     0.0846 0.     0.0001
  0.     0.    ]], [7 5],2
5, 21, [21],[[0.     0.     0.     0.     0.     0.0637 0.2148 0.0003 0.     0.7211
  0.     0.    ]], [9],1
6, 5, [5],[[0.1265 0.     0.8692 0.0013 0.     0.     0.0013 0.0016 0.     0.
  0.     0.    ]], [2],1
5, 1, [1],[[0.017  0.     0.0004 0.001  0.     0.9698 0.0007 0.0112 0.     0.
  0.     0.    ]], [5],1
2, 30, [30],[[0.0055 0.     0.     0.     0.     0.9917 0.001  0.0003 0.     0.0015
  0.     0.    ]], [5],1
5, 7, [7],[[0.0002 0.     0.     0.     0.     0.9994 0.0001 0.0003 0.     0.
  0.     0.    ]], [5],1
7, 25, [25 13 24 13 24 13 24],[[0.0565 0.     0.     0.     0.     0.     0.2544 0.6891 0.     0.
  0.     0.    ]
 [0.4794 0.     0.     0.     0.     0.     0.2601 0.2605 0.     0.
  0.     0.    ]
 [0.3752 0.     0.     0.     0.     0.     0.3284 0.2964 0.     0.
  0.     0.    ]
 [0.4794 0.     0.     0.     0.     0.     0.2601 0.2605 0.     0.
  0.     0.    ]
 [0.3752 0.     0.     0.     0.     0.     0.3284 0.2964 0.     0.
  0.     0.    ]
 [0.4794 0.     0.     0.     0.     0.     0.2601 0.2605 0.     0.
  0.     0.    ]
 [1.     1.     1.     1.     1.     1.     1.     1.     1.     1.
  1.     1.    ]], [7 0 0 0 0 0 0],7
5, 10, [10],[[0.0001 0.     0.     0.     0.     0.9953 0.     0.0045 0.     0.
  0.     0.    ]], [5],1
5, 25, [25 13  3 13 24 13 24],[[0.1329 0.     0.     0.     0.     0.0592 0.2659 0.5419 0.     0.
  0.     0.    ]
 [0.1962 0.     0.     0.     0.     0.558  0.1218 0.124  0.     0.
  0.     0.    ]
 [0.2941 0.     0.     0.     0.     0.     0.4178 0.2881 0.     0.
  0.     0.    ]
 [0.4438 0.     0.     0.     0.     0.     0.2755 0.2806 0.     0.
  0.     0.    ]
 [0.3524 0.     0.     0.     0.     0.     0.3687 0.279  0.     0.
  0.     0.    ]
 [0.4438 0.     0.     0.     0.     0.     0.2755 0.2806 0.     0.
  0.     0.    ]
 [1.     1.     1.     1.     1.     1.     1.     1.     1.     1.
  1.     1.    ]], [7 5 6 0 6 0 6],7
4, 1, [1],[[0.     0.9978 0.     0.     0.0014 0.     0.     0.     0.0008 0.
  0.     0.    ]], [1],1
5, 17, [17 13 24 13 24 13 24],[[0.0839 0.     0.0413 0.     0.     0.     0.2103 0.6645 0.     0.
  0.     0.    ]
 [0.4438 0.     0.     0.     0.     0.     0.2755 0.2806 0.     0.
  0.     0.    ]
 [0.3524 0.     0.     0.     0.     0.     0.3687 0.279  0.     0.
  0.     0.    ]
 [0.4438 0.     0.     0.     0.     0.     0.2755 0.2806 0.     0.
  0.     0.    ]
 [0.3524 0.     0.     0.     0.     0.     0.3687 0.279  0.     0.
  0.     0.    ]
 [0.4438 0.     0.     0.     0.     0.     0.2755 0.2806 0.     0.
  0.     0.    ]
 [1.     1.     1.     1.     1.     1.     1.     1.     1.     1.
  1.     1.    ]], [7 0 6 0 6 0 6],7
6, 20, [20],[[0.005  0.     0.0001 0.     0.     0.0011 0.2904 0.7034 0.     0.
  0.     0.    ]], [7],1
1, 28, [28],[[0. 1. 0. 0. 0. 0. 0. 0. 0. 0. 0. 0.]], [1],1
2, 16, [16],[[0. 0. 1. 0. 0. 0. 0. 0. 0. 0. 0. 0.]], [2],1
0, 17, [17],[[0.0001 0.     0.     0.     0.     0.9054 0.0021 0.0924 0.     0.
  0.     0.    ]], [5],1
11, 18, [18],[[0.     0.     0.0048 0.     0.     0.     0.     0.     0.     0.
  0.     0.9951]], [11],1
7, 1, [1],[[0. 0. 0. 0. 0. 0. 0. 0. 0. 1. 0. 0.]], [9],1
0, 5, [5],[[0.8265 0.     0.1102 0.0095 0.     0.0001 0.0201 0.0336 0.     0.
  0.     0.    ]], [0],1
7, 23, [23 13  3],[[0.2387 0.     0.     0.2638 0.     0.09   0.1823 0.2253 0.     0.
  0.     0.    ]
 [0.1146 0.     0.     0.0869 0.     0.674  0.0622 0.0623 0.     0.
  0.     0.    ]
 [0.0002 0.     0.     0.     0.     0.9996 0.0001 0.0001 0.     0.
  0.     0.    ]], [3 5 5],3
1, 20, [20],[[0.     0.9995 0.     0.0001 0.0001 0.     0.     0.     0.0002 0.
  0.     0.0001]], [1],1
4, 24, [24],[[0. 0. 0. 0. 0. 0. 0. 0. 0. 0. 0. 1.]], [11],1
0, 10, [10],[[1. 0. 0. 0. 0. 0. 0. 0. 0. 0. 0. 0.]], [0],1
9, 31, [31 15],[[0.     0.     0.     0.     0.6019 0.     0.     0.     0.2556 0.1425
  0.     0.    ]
 [0.     0.     0.     0.     0.1908 0.     0.     0.     0.0185 0.7907
  0.     0.    ]], [4 9],2
2, 31, [31],[[0.     0.     0.9975 0.     0.     0.0001 0.0024 0.     0.     0.
  0.     0.    ]], [2],1
9, 24, [24],[[0. 0. 0. 0. 0. 0. 0. 0. 0. 1. 0. 0.]], [9],1
3, 29, [29],[[0.     0.     0.     0.9982 0.     0.0001 0.     0.0017 0.     0.
  0.     0.    ]], [3],1
8, 17, [17  3 15],[[0.     0.     0.     0.     0.4657 0.     0.     0.     0.5343 0.
  0.     0.    ]
 [0.     0.     0.     0.     0.6133 0.     0.     0.     0.3867 0.
  0.     0.    ]
 [0.     0.     0.     0.     0.0001 0.     0.     0.     0.9999 0.
  0.     0.    ]], [8 4 8],3
1, 32, [32],[[0.0005 0.     0.9936 0.0001 0.     0.     0.0026 0.0032 0.     0.
  0.     0.    ]], [2],1
9, 10, [10],[[0. 0. 0. 0. 0. 0. 0. 0. 0. 1. 0. 0.]], [9],1
5, 16, [16],[[0.     0.     0.     0.     0.     0.9996 0.0003 0.0001 0.     0.
  0.     0.    ]], [5],1
2, 22, [22],[[0.     0.     0.     0.9582 0.     0.0415 0.     0.     0.0003 0.
  0.     0.    ]], [3],1
7, 13, [13  3],[[0.1146 0.     0.     0.0869 0.     0.674  0.0622 0.0623 0.     0.
  0.     0.    ]
 [0.0002 0.     0.     0.     0.     0.9996 0.0001 0.0001 0.     0.
  0.     0.    ]], [5 5],2
7, 5, [ 5 13 24 13 24 13 24],[[0.1653 0.     0.3729 0.2363 0.     0.     0.0964 0.1292 0.     0.
  0.     0.    ]
 [0.3516 0.     0.     0.2667 0.     0.     0.1907 0.191  0.     0.
  0.     0.    ]
 [0.2635 0.     0.     0.2977 0.     0.     0.2306 0.2082 0.     0.
  0.     0.    ]
 [0.3516 0.     0.     0.2667 0.     0.     0.1907 0.191  0.     0.
  0.     0.    ]
 [0.2635 0.     0.     0.2977 0.     0.     0.2306 0.2082 0.     0.
  0.     0.    ]
 [0.3516 0.     0.     0.2667 0.     0.     0.1907 0.191  0.     0.
  0.     0.    ]
 [1.     1.     1.     1.     1.     1.     1.     1.     1.     1.
  1.     1.    ]], [2 0 3 0 3 0 3],7
3, 28, [28],[[0.     0.     0.     0.9999 0.     0.     0.     0.     0.     0.
  0.     0.    ]], [3],1
0, 21, [21],[[0.9724 0.     0.     0.0002 0.     0.     0.     0.0274 0.     0.
  0.     0.    ]], [0],1
7, 14, [14],[[0.     0.     0.     0.     0.     0.9999 0.     0.     0.     0.
  0.     0.    ]], [5],1
0, 14, [14 13],[[0.0603 0.3618 0.     0.3094 0.     0.     0.027  0.2416 0.     0.
  0.     0.    ]
 [0.0001 0.006  0.     0.     0.     0.     0.9904 0.0035 0.     0.
  0.     0.    ]], [1 6],2
1, 10, [10],[[0. 1. 0. 0. 0. 0. 0. 0. 0. 0. 0. 0.]], [1],1
0, 32, [32],[[0.9934 0.     0.     0.0005 0.     0.     0.0041 0.0019 0.     0.0001
  0.     0.0001]], [0],1
2, 4, [4],[[0. 0. 1. 0. 0. 0. 0. 0. 0. 0. 0. 0.]], [2],1
8, 8, [ 8  3 15],[[0.     0.     0.     0.     0.5207 0.     0.     0.     0.4793 0.
  0.     0.    ]
 [0.     0.     0.     0.     0.6133 0.     0.     0.     0.3867 0.
  0.     0.    ]
 [0.     0.     0.     0.     0.0001 0.     0.     0.     0.9999 0.
  0.     0.    ]], [4 4 8],3
3, 4, [4],[[0.     0.     0.     0.9959 0.     0.     0.     0.0038 0.     0.0002
  0.0001 0.    ]], [3],1
11, 13, [13],[[0. 0. 1. 0. 0. 0. 0. 0. 0. 0. 0. 0.]], [2],1
0, 7, [7],[[0.9986 0.     0.     0.0009 0.     0.0001 0.     0.0004 0.     0.
  0.     0.    ]], [0],1
9, 19, [19],[[0. 0. 0. 0. 0. 0. 0. 0. 0. 1. 0. 0.]], [9],1
9, 13, [13  3],[[0.0709 0.     0.     0.0654 0.     0.5466 0.0812 0.194  0.     0.0418
  0.     0.    ]
 [0.     0.     0.     0.     0.     0.     0.     0.     0.     1.
  0.     0.    ]], [5 9],2
10, 15, [15],[[0. 0. 0. 0. 0. 0. 0. 0. 0. 0. 1. 0.]], [10],1
10, 24, [24],[[0.     0.     0.     0.     0.     0.     0.     0.     0.     0.
  0.9996 0.0004]], [10],1
7, 16, [16],[[0.     0.     0.     0.     0.     0.     0.     0.9999 0.     0.
  0.     0.    ]], [7],1
0, 3, [3],[[0.     0.9994 0.     0.     0.0004 0.     0.     0.     0.0001 0.
  0.     0.0001]], [1],1
1, 18, [18],[[0.     0.9998 0.     0.     0.0001 0.     0.     0.     0.     0.
  0.     0.0001]], [1],1
1, 14, [14],[[0.     0.9999 0.     0.     0.0001 0.     0.     0.     0.     0.
  0.     0.    ]], [1],1
6, 15, [15],[[0. 0. 0. 0. 0. 0. 1. 0. 0. 0. 0. 0.]], [6],1
9, 4, [ 4 13 24],[[0.     0.     0.     0.     0.     0.     0.3891 0.     0.     0.6109
  0.     0.    ]
 [0.     0.     0.     0.     0.     0.     0.66   0.     0.     0.34
  0.     0.    ]
 [0.     0.     0.     0.     0.     0.     0.     0.     0.     1.
  0.     0.    ]], [9 6 9],3
4, 7, [7 3],[[0.     0.     0.     0.     0.5327 0.     0.     0.     0.4673 0.
  0.     0.    ]
 [0.     0.     0.     0.     1.     0.     0.     0.     0.     0.
  0.     0.    ]], [4 4],2
2, 3, [3],[[0.     0.     0.0001 0.     0.999  0.     0.     0.     0.     0.
  0.0008 0.    ]], [4],1
4, 16, [16],[[0.     0.003  0.     0.     0.9968 0.     0.     0.     0.0002 0.
  0.     0.    ]], [4],1
0, 15, [15],[[0.9604 0.     0.     0.0041 0.     0.     0.     0.0355 0.     0.
  0.     0.    ]], [0],1
5, 22, [22],[[0.0025 0.     0.0023 0.0293 0.     0.0165 0.7944 0.155  0.     0.
  0.     0.    ]], [6],1
4, 25, [25 15],[[0.     0.     0.     0.     0.6823 0.     0.     0.     0.3177 0.
  0.     0.    ]
 [0.     0.     0.     0.     0.9995 0.     0.     0.     0.0005 0.
  0.     0.    ]], [4 4],2
10, 28, [28],[[0.     0.     0.     0.     0.     0.     0.     0.     0.     0.
  0.0772 0.9227]], [11],1
6, 2, [2],[[0.     0.     0.     0.     0.     0.     0.     0.     0.     0.0002
  0.0005 0.9993]], [11],1
6, 21, [21],[[0.     0.     0.0018 0.     0.     0.     0.9982 0.     0.     0.
  0.     0.    ]], [6],1
2, 19, [19],[[0.     0.     0.9997 0.     0.     0.     0.0002 0.0001 0.     0.
  0.     0.    ]], [2],1
7, 32, [32],[[0.     0.     0.     0.     0.     0.9983 0.     0.0011 0.     0.0005
  0.0002 0.    ]], [5],1
1, 22, [22],[[0.     0.9999 0.     0.     0.     0.     0.     0.     0.     0.
  0.     0.    ]], [1],1
11, 9, [9],[[0. 0. 0. 0. 0. 0. 0. 0. 0. 0. 0. 1.]], [11],1
5, 24, [24 13  3 13 24 13 24],[[0.1756 0.     0.     0.1115 0.     0.39   0.1837 0.139  0.     0.
  0.     0.    ]
 [0.1643 0.     0.     0.1626 0.     0.4672 0.102  0.1039 0.     0.
  0.     0.    ]
 [0.2309 0.     0.     0.2147 0.     0.     0.3281 0.2262 0.     0.
  0.     0.    ]
 [0.3083 0.     0.     0.3053 0.     0.     0.1914 0.195  0.     0.
  0.     0.    ]
 [0.2879 0.     0.     0.1829 0.     0.     0.3012 0.2279 0.     0.
  0.     0.    ]
 [0.3083 0.     0.     0.3053 0.     0.     0.1914 0.195  0.     0.
  0.     0.    ]
 [1.     1.     1.     1.     1.     1.     1.     1.     1.     1.
  1.     1.    ]], [5 5 6 0 6 0 6],7
0, 31, [31],[[0.0001 0.0005 0.     0.9911 0.     0.     0.0003 0.0078 0.0001 0.
  0.     0.    ]], [3],1
3, 1, [1],[[0.0016 0.     0.     0.     0.     0.997  0.0002 0.0011 0.     0.
  0.     0.    ]], [5],1
6, 6, [6],[[0.0072 0.     0.9924 0.     0.     0.     0.0001 0.0002 0.     0.
  0.     0.    ]], [2],1
9, 1, [1],[[0.     0.     0.     0.     0.0004 0.     0.     0.     0.0001 0.0016
  0.9979 0.    ]], [10],1
9, 2, [2],[[0. 0. 0. 0. 0. 0. 0. 0. 0. 1. 0. 0.]], [9],1
5, 12, [12],[[0.0004 0.     0.8926 0.     0.     0.0394 0.0291 0.0383 0.     0.
  0.     0.    ]], [2],1
5, 28, [28 13],[[0.     0.     0.5797 0.     0.     0.4203 0.     0.     0.     0.
  0.     0.    ]
 [0.     0.     0.     0.     0.     1.     0.     0.     0.     0.
  0.     0.    ]], [2 5],2
5, 2, [2],[[0.0402 0.     0.0003 0.0046 0.     0.9397 0.0102 0.005  0.     0.0001
  0.     0.    ]], [5],1
5, 32, [32],[[0.0316 0.     0.0001 0.0002 0.     0.0965 0.     0.0014 0.0021 0.
  0.8668 0.0013]], [10],1
9, 7, [7],[[0.001  0.     0.0089 0.025  0.0012 0.0011 0.9597 0.0003 0.0001 0.002
  0.     0.0006]], [6],1
0, 23, [23],[[0.     0.     0.     0.     0.     0.     0.0001 0.     0.     0.9999
  0.     0.    ]], [9],1
1, 9, [9],[[0.     0.9999 0.     0.     0.     0.     0.     0.     0.     0.
  0.     0.    ]], [1],1
2, 15, [15],[[0. 0. 1. 0. 0. 0. 0. 0. 0. 0. 0. 0.]], [2],1
11, 28, [28],[[0.     0.     0.0261 0.     0.     0.     0.     0.     0.     0.9736
  0.0002 0.0001]], [9],1
11, 8, [ 8 15],[[0.     0.     0.     0.     0.     0.     0.     0.     0.     0.
  0.4546 0.5454]
 [0.     0.     0.     0.     0.     0.     0.     0.     0.     0.
  0.     1.    ]], [11 11],2
11, 10, [10],[[0. 0. 0. 0. 0. 0. 0. 0. 0. 0. 0. 1.]], [11],1
10, 18, [18],[[0. 0. 0. 0. 0. 0. 0. 0. 0. 0. 1. 0.]], [10],1
3, 21, [21],[[0.     0.     0.     0.9995 0.     0.     0.     0.0005 0.     0.
  0.     0.    ]], [3],1
6, 25, [25],[[0.0001 0.     0.     0.     0.     0.9976 0.0003 0.002  0.     0.
  0.     0.    ]], [5],1
4, 14, [14],[[0.     0.8283 0.     0.0001 0.105  0.     0.     0.0002 0.066  0.
  0.     0.0003]], [1],1
2, 28, [28],[[0. 0. 1. 0. 0. 0. 0. 0. 0. 0. 0. 0.]], [2],1
6, 30, [30],[[0.     0.     0.     0.     0.     0.     0.0008 0.     0.     0.9988
  0.     0.0003]], [9],1
10, 31, [31],[[0.     0.     0.     0.     0.     0.     0.     0.     0.0001 0.
  0.9999 0.    ]], [10],1
10, 20, [20],[[0. 0. 0. 0. 0. 0. 0. 0. 0. 0. 1. 0.]], [10],1
11, 30, [30],[[0. 0. 0. 0. 0. 0. 0. 0. 0. 1. 0. 0.]], [9],1
8, 16, [16],[[0.     0.0001 0.     0.     0.     0.     0.     0.     0.9999 0.
  0.     0.    ]], [8],1
2, 21, [21],[[0. 0. 1. 0. 0. 0. 0. 0. 0. 0. 0. 0.]], [2],1
9, 9, [9],[[0. 0. 0. 0. 0. 0. 0. 0. 0. 1. 0. 0.]], [9],1
6, 3, [3],[[0.     0.     0.     0.     0.0504 0.     0.     0.     0.0001 0.
  0.9491 0.0004]], [10],1
10, 19, [19],[[0.     0.     0.     0.     0.0016 0.     0.     0.     0.0235 0.
  0.9748 0.    ]], [10],1
1, 29, [29],[[0.     0.     0.     0.     0.0001 0.0001 0.     0.     0.9984 0.
  0.0014 0.    ]], [8],1
6, 12, [12],[[0.     0.     0.9988 0.     0.     0.0001 0.0006 0.0005 0.     0.
  0.     0.    ]], [2],1
1, 26, [26],[[0. 1. 0. 0. 0. 0. 0. 0. 0. 0. 0. 0.]], [1],1
5, 13, [13  3 13 24 13 24 13],[[0.1643 0.     0.     0.1626 0.     0.4672 0.102  0.1039 0.     0.
  0.     0.    ]
 [0.2309 0.     0.     0.2147 0.     0.     0.3281 0.2262 0.     0.
  0.     0.    ]
 [0.3083 0.     0.     0.3053 0.     0.     0.1914 0.195  0.     0.
  0.     0.    ]
 [0.2879 0.     0.     0.1829 0.     0.     0.3012 0.2279 0.     0.
  0.     0.    ]
 [0.3083 0.     0.     0.3053 0.     0.     0.1914 0.195  0.     0.
  0.     0.    ]
 [0.2879 0.     0.     0.1829 0.     0.     0.3012 0.2279 0.     0.
  0.     0.    ]
 [1.     1.     1.     1.     1.     1.     1.     1.     1.     1.
  1.     1.    ]], [5 6 0 6 0 6 0],7
8, 15, [15],[[0.     0.     0.     0.     0.0001 0.     0.     0.     0.9923 0.
  0.0075 0.    ]], [8],1
1, 23, [23],[[0.     0.9987 0.     0.001  0.     0.     0.     0.0002 0.0001 0.
  0.     0.0001]], [1],1
9, 30, [30],[[0.     0.     0.     0.     0.     0.     0.     0.     0.     0.7946
  0.     0.2053]], [9],1
5, 8, [8],[[0. 1. 0. 0. 0. 0. 0. 0. 0. 0. 0. 0.]], [1],1
3, 15, [15],[[0. 0. 0. 1. 0. 0. 0. 0. 0. 0. 0. 0.]], [3],1
0, 1, [1],[[0.0001 0.     0.     0.     0.     0.9998 0.0001 0.0001 0.     0.
  0.     0.    ]], [5],1
4, 26, [26],[[0. 0. 0. 0. 1. 0. 0. 0. 0. 0. 0. 0.]], [4],1
2, 1, [ 1 13 24],[[0.3788 0.     0.     0.     0.     0.     0.238  0.3832 0.     0.
  0.     0.    ]
 [0.6823 0.     0.     0.     0.     0.     0.2273 0.0904 0.     0.
  0.     0.    ]
 [0.0002 0.     0.     0.     0.     0.     0.9982 0.0015 0.     0.
  0.     0.    ]], [7 0 6],3
0, 24, [24],[[0.     0.     0.     0.     0.0001 0.     0.     0.     0.     0.0051
  0.2689 0.7259]], [11],1
10, 32, [32],[[0.     0.     0.0001 0.     0.     0.     0.     0.     0.     0.
  0.9998 0.    ]], [10],1
1, 27, [27],[[0. 1. 0. 0. 0. 0. 0. 0. 0. 0. 0. 0.]], [1],1
3, 25, [25],[[0.     0.     0.     0.9998 0.     0.0002 0.     0.     0.     0.
  0.     0.    ]], [3],1
7, 30, [30],[[0.0024 0.     0.8793 0.001  0.     0.0005 0.0475 0.0693 0.     0.
  0.     0.    ]], [2],1
4, 19, [19],[[0.     0.     0.     0.     0.1859 0.0001 0.     0.     0.8139 0.
  0.     0.    ]], [8],1
11, 29, [29],[[0.     0.     0.     0.     0.     0.     0.     0.     0.0002 0.
  0.9998 0.    ]], [10],1
1, 2, [2],[[0.     0.9998 0.     0.     0.     0.     0.     0.     0.     0.
  0.     0.    ]], [1],1
2, 27, [27],[[0. 0. 1. 0. 0. 0. 0. 0. 0. 0. 0. 0.]], [2],1
0, 6, [6],[[0.0001 0.     0.     0.     0.     0.999  0.0001 0.0008 0.     0.
  0.     0.    ]], [5],1
2, 13, [13],[[0. 0. 1. 0. 0. 0. 0. 0. 0. 0. 0. 0.]], [2],1
0, 27, [27],[[0.9951 0.     0.     0.     0.     0.0034 0.     0.0015 0.     0.
  0.     0.    ]], [0],1
4, 20, [20],[[0. 0. 0. 0. 0. 0. 0. 0. 0. 0. 1. 0.]], [10],1
4, 10, [10],[[0. 1. 0. 0. 0. 0. 0. 0. 0. 0. 0. 0.]], [1],1
2, 20, [20],[[0.0587 0.     0.0002 0.     0.     0.0009 0.2154 0.7248 0.     0.
  0.     0.    ]], [7],1
5, 23, [23 13  3 13 24 13 24],[[0.2313 0.     0.     0.2115 0.     0.1133 0.2211 0.2229 0.     0.
  0.     0.    ]
 [0.1643 0.     0.     0.1626 0.     0.4672 0.102  0.1039 0.     0.
  0.     0.    ]
 [0.2309 0.     0.     0.2147 0.     0.     0.3281 0.2262 0.     0.
  0.     0.    ]
 [0.3083 0.     0.     0.3053 0.     0.     0.1914 0.195  0.     0.
  0.     0.    ]
 [0.2879 0.     0.     0.1829 0.     0.     0.3012 0.2279 0.     0.
  0.     0.    ]
 [0.3083 0.     0.     0.3053 0.     0.     0.1914 0.195  0.     0.
  0.     0.    ]
 [1.     1.     1.     1.     1.     1.     1.     1.     1.     1.
  1.     1.    ]], [0 5 6 0 6 0 6],7
3, 32, [32],[[0.0001 0.     0.     0.9641 0.     0.     0.     0.0355 0.     0.
  0.0002 0.    ]], [3],1
8, 20, [20  3 15],[[0.     0.     0.     0.     0.6144 0.     0.     0.     0.3856 0.
  0.     0.    ]
 [0.     0.     0.     0.     0.6133 0.     0.     0.     0.3867 0.
  0.     0.    ]
 [0.     0.     0.     0.     0.0001 0.     0.     0.     0.9999 0.
  0.     0.    ]], [4 4 8],3
7, 9, [9],[[0.0004 0.     0.     0.     0.     0.9992 0.     0.     0.     0.0003
  0.     0.    ]], [5],1
0, 18, [18],[[0.9932 0.     0.     0.     0.     0.0001 0.     0.0066 0.     0.
  0.     0.    ]], [0],1
11, 31, [31],[[0.     0.     0.     0.     0.     0.     0.     0.     0.     0.
  0.9996 0.0004]], [10],1
1, 31, [31],[[0.     0.9999 0.     0.     0.     0.     0.     0.     0.     0.
  0.     0.    ]], [1],1
2, 2, [2],[[0. 0. 0. 0. 0. 0. 0. 0. 0. 0. 0. 1.]], [11],1
9, 8, [ 8 13],[[0.     0.     0.     0.     0.     0.     0.     0.     0.6337 0.3663
  0.     0.    ]
 [0.     0.     0.     0.     0.     0.     0.     0.     0.0073 0.9927
  0.     0.    ]], [8 9],2
10, 23, [23],[[0.     0.     0.     0.     0.0001 0.     0.     0.     0.     0.0003
  0.9996 0.    ]], [10],1
9, 5, [5],[[0.     0.     0.     0.     0.     0.     0.     0.     0.     0.9999
  0.     0.    ]], [9],1
1, 12, [12],[[0. 1. 0. 0. 0. 0. 0. 0. 0. 0. 0. 0.]], [1],1
3, 3, [3],[[0.     0.     0.     0.     0.     0.     0.     0.     0.     0.9852
  0.0147 0.    ]], [9],1
0, 28, [28],[[0. 0. 0. 1. 0. 0. 0. 0. 0. 0. 0. 0.]], [3],1
7, 19, [19],[[0.     0.     0.     0.     0.     0.9957 0.0005 0.0037 0.     0.
  0.     0.    ]], [5],1
11, 17, [17],[[0.     0.     0.0001 0.     0.0001 0.     0.     0.     0.0005 0.0511
  0.9483 0.    ]], [10],1
4, 3, [3],[[0.     0.     0.0007 0.     0.9989 0.     0.     0.     0.     0.
  0.     0.0003]], [4],1
1, 6, [6],[[0.     0.9999 0.     0.     0.     0.     0.     0.     0.     0.
  0.     0.    ]], [1],1
6, 24, [24],[[0.     0.     0.     0.     0.     0.     0.     0.     0.     0.0008
  0.     0.9992]], [11],1
10, 29, [29],[[0.     0.     0.     0.     0.     0.     0.     0.     0.0001 0.
  0.9999 0.    ]], [10],1
2, 23, [23],[[0. 0. 1. 0. 0. 0. 0. 0. 0. 0. 0. 0.]], [2],1
6, 28, [28],[[0.0001 0.     0.     0.     0.     0.     0.9999 0.     0.     0.
  0.     0.    ]], [6],1
2, 8, [8],[[0.8673 0.     0.0026 0.0011 0.     0.0003 0.0407 0.0879 0.     0.
  0.     0.    ]], [0],1
4, 11, [11],[[0.     0.     0.     0.     0.2451 0.0001 0.     0.     0.7548 0.
  0.     0.    ]], [8],1
3, 13, [13  3],[[0.2404 0.     0.     0.2645 0.     0.2339 0.1389 0.1223 0.     0.
  0.     0.    ]
 [0.0009 0.     0.     0.0453 0.     0.1002 0.0003 0.8533 0.     0.
  0.     0.    ]], [3 7],2
8, 21, [21],[[0. 0. 0. 0. 0. 0. 0. 0. 1. 0. 0. 0.]], [8],1
0, 16, [16],[[0.999  0.     0.     0.     0.     0.     0.     0.0009 0.     0.
  0.     0.    ]], [0],1
11, 21, [21],[[0. 0. 0. 0. 0. 0. 0. 0. 0. 0. 0. 1.]], [11],1
0, 8, [8],[[0.0039 0.     0.0003 0.     0.     0.9653 0.0125 0.018  0.     0.
  0.     0.    ]], [5],1
6, 27, [27],[[0.     0.     0.     0.     0.     0.0001 0.9987 0.     0.     0.
  0.     0.0012]], [6],1
7, 18, [18],[[0.0002 0.     0.     0.     0.     0.9994 0.     0.     0.     0.0003
  0.     0.    ]], [5],1
8, 13, [13],[[0.     0.     0.     0.     0.7063 0.     0.     0.     0.2796 0.
  0.014  0.    ]], [4],1
8, 3, [ 3 15],[[0.     0.     0.     0.     0.6133 0.     0.     0.     0.3867 0.
  0.     0.    ]
 [0.     0.     0.     0.     0.0001 0.     0.     0.     0.9999 0.
  0.     0.    ]], [4 8],2
7, 2, [ 2 13 24 13 24 13 24],[[0.5246 0.     0.     0.1986 0.     0.     0.205  0.0718 0.     0.
  0.     0.    ]
 [0.3516 0.     0.     0.2667 0.     0.     0.1907 0.191  0.     0.
  0.     0.    ]
 [0.2635 0.     0.     0.2977 0.     0.     0.2306 0.2082 0.     0.
  0.     0.    ]
 [0.3516 0.     0.     0.2667 0.     0.     0.1907 0.191  0.     0.
  0.     0.    ]
 [0.2635 0.     0.     0.2977 0.     0.     0.2306 0.2082 0.     0.
  0.     0.    ]
 [0.3516 0.     0.     0.2667 0.     0.     0.1907 0.191  0.     0.
  0.     0.    ]
 [1.     1.     1.     1.     1.     1.     1.     1.     1.     1.
  1.     1.    ]], [0 0 3 0 3 0 3],7
8, 30, [30],[[0.     0.     0.     0.     0.1134 0.0007 0.     0.     0.8858 0.
  0.0001 0.    ]], [8],1
2, 14, [14],[[0.0101 0.     0.9882 0.0002 0.     0.     0.0011 0.0003 0.     0.
  0.     0.    ]], [2],1
5, 27, [27],[[0.0001 0.     0.     0.     0.     0.9998 0.0001 0.     0.     0.
  0.     0.    ]], [5],1
10, 14, [14],[[0. 0. 0. 0. 0. 0. 0. 0. 0. 0. 1. 0.]], [10],1
2, 5, [5],[[0.0023 0.     0.9976 0.     0.     0.     0.     0.     0.     0.
  0.     0.    ]], [2],1
0, 26, [26],[[0.     0.0006 0.     0.9993 0.     0.     0.     0.     0.     0.
  0.     0.    ]], [3],1
11, 16, [16],[[0. 0. 0. 0. 0. 0. 0. 0. 0. 0. 0. 1.]], [11],1
5, 11, [11],[[0.0002 0.     0.     0.     0.     0.0405 0.     0.     0.     0.9593
  0.     0.    ]], [9],1
0, 22, [22],[[0.0003 0.     0.     0.9992 0.     0.     0.0001 0.0003 0.     0.
  0.     0.    ]], [3],1
6, 4, [4],[[0. 0. 0. 0. 0. 0. 1. 0. 0. 0. 0. 0.]], [6],1
8, 29, [29],[[0.     0.     0.     0.     0.     0.0001 0.     0.     0.9999 0.
  0.     0.    ]], [8],1
11, 23, [23],[[0. 0. 1. 0. 0. 0. 0. 0. 0. 0. 0. 0.]], [2],1
1, 19, [19],[[0. 1. 0. 0. 0. 0. 0. 0. 0. 0. 0. 0.]], [1],1
5, 15, [15],[[0.0001 0.     0.     0.     0.     0.9996 0.0001 0.0002 0.     0.
  0.     0.    ]], [5],1
11, 6, [6],[[0. 0. 0. 0. 0. 0. 0. 0. 0. 0. 0. 1.]], [11],1
8, 5, [ 5  3 15],[[0.     0.     0.     0.     0.5717 0.     0.     0.     0.4283 0.
  0.     0.    ]
 [0.     0.     0.     0.     0.6133 0.     0.     0.     0.3867 0.
  0.     0.    ]
 [0.     0.     0.     0.     0.0001 0.     0.     0.     0.9999 0.
  0.     0.    ]], [4 4 8],3
10, 26, [26  5],[[0.     0.     0.3485 0.     0.     0.     0.     0.     0.     0.
  0.     0.6515]
 [0.     0.     0.2117 0.     0.     0.     0.     0.     0.     0.
  0.     0.7883]], [11 11],2
11, 7, [7],[[0. 0. 0. 0. 0. 0. 0. 0. 0. 0. 0. 1.]], [11],1
10, 9, [9],[[0. 0. 0. 0. 0. 0. 0. 0. 0. 0. 1. 0.]], [10],1
6, 29, [29],[[0.     0.     0.     0.     0.     0.     0.2149 0.     0.     0.785
  0.     0.    ]], [9],1
8, 9, [ 9  3 15],[[0.     0.     0.     0.     0.4505 0.     0.     0.     0.5495 0.
  0.     0.    ]
 [0.     0.     0.     0.     0.6133 0.     0.     0.     0.3867 0.
  0.     0.    ]
 [0.     0.     0.     0.     0.0001 0.     0.     0.     0.9999 0.
  0.     0.    ]], [8 4 8],3
5, 3, [ 3 13 24 13 24 13 24],[[0.2309 0.     0.     0.2147 0.     0.     0.3281 0.2262 0.     0.
  0.     0.    ]
 [0.3083 0.     0.     0.3053 0.     0.     0.1914 0.195  0.     0.
  0.     0.    ]
 [0.2879 0.     0.     0.1829 0.     0.     0.3012 0.2279 0.     0.
  0.     0.    ]
 [0.3083 0.     0.     0.3053 0.     0.     0.1914 0.195  0.     0.
  0.     0.    ]
 [0.2879 0.     0.     0.1829 0.     0.     0.3012 0.2279 0.     0.
  0.     0.    ]
 [0.3083 0.     0.     0.3053 0.     0.     0.1914 0.195  0.     0.
  0.     0.    ]
 [1.     1.     1.     1.     1.     1.     1.     1.     1.     1.
  1.     1.    ]], [6 0 6 0 6 0 6],7
10, 1, [1],[[0.     0.     0.0001 0.     0.1333 0.0002 0.     0.0001 0.8605 0.
  0.0058 0.    ]], [8],1
6, 11, [11],[[0. 0. 1. 0. 0. 0. 0. 0. 0. 0. 0. 0.]], [2],1
7, 28, [28],[[0.     0.     0.     0.     0.     0.     0.     0.9987 0.     0.0012
  0.0001 0.    ]], [7],1
1, 30, [30],[[0.0023 0.9291 0.     0.052  0.     0.0001 0.     0.     0.0011 0.0057
  0.     0.0097]], [1],1
8, 11, [11],[[0.     0.     0.     0.     0.1259 0.     0.     0.0001 0.0573 0.
  0.8166 0.    ]], [10],1
0, 13, [13],[[0.     0.     0.     0.     0.     0.     0.     0.     0.     0.0002
  0.     0.9998]], [11],1
2, 10, [10],[[0. 0. 1. 0. 0. 0. 0. 0. 0. 0. 0. 0.]], [2],1
9, 11, [11],[[0. 0. 0. 0. 0. 0. 0. 0. 0. 1. 0. 0.]], [9],1
6, 1, [1],[[0.0008 0.     0.0004 0.     0.     0.9921 0.0009 0.0058 0.     0.
  0.     0.    ]], [5],1
4, 30, [30  3],[[0.     0.     0.     0.     0.5457 0.     0.     0.     0.4543 0.
  0.     0.    ]
 [0.     0.     0.     0.     1.     0.     0.     0.     0.     0.
  0.     0.    ]], [4 4],2
4, 9, [9],[[0. 0. 0. 0. 1. 0. 0. 0. 0. 0. 0. 0.]], [4],1
9, 26, [26],[[0.     0.     0.     0.     0.     0.     0.     0.     0.     0.9848
  0.0002 0.0149]], [9],1
6, 26, [26],[[0.     0.     0.0001 0.     0.     0.     0.9999 0.     0.     0.
  0.     0.    ]], [6],1
11, 32, [32],[[0.     0.1934 0.0047 0.0005 0.     0.     0.     0.0001 0.8001 0.
  0.0011 0.    ]], [8],1
11, 14, [14],[[0. 0. 0. 0. 0. 0. 0. 0. 0. 0. 1. 0.]], [10],1
7, 15, [15 13],[[0.     0.     0.     0.     0.     0.6724 0.     0.3276 0.     0.
  0.     0.    ]
 [0.     0.     0.     0.     0.     0.9154 0.     0.0846 0.     0.
  0.     0.    ]], [5 5],2
11, 5, [5],[[0. 0. 0. 0. 0. 0. 0. 0. 0. 0. 1. 0.]], [10],1
1, 5, [5],[[0.     0.9988 0.     0.     0.0007 0.     0.     0.     0.0003 0.
  0.     0.0001]], [1],1
11, 1, [1],[[0. 0. 0. 0. 0. 0. 0. 0. 0. 0. 0. 1.]], [11],1
1, 17, [17],[[0.     0.9992 0.     0.     0.0003 0.     0.     0.     0.0003 0.
  0.     0.0001]], [1],1
3, 17, [17 13  3],[[0.4247 0.     0.     0.2039 0.     0.     0.1867 0.1847 0.     0.
  0.     0.    ]
 [0.3138 0.     0.     0.3452 0.     0.     0.1814 0.1597 0.     0.
  0.     0.    ]
 [0.001  0.     0.     0.0504 0.     0.     0.0004 0.9483 0.     0.
  0.     0.    ]], [0 3 7],3
11, 12, [12 15],[[0.    0.    0.    0.    0.    0.    0.    0.    0.    0.    0.633 0.367]
 [0.    0.    0.    0.    0.    0.    0.    0.    0.    0.    0.    1.   ]], [10 11],2
8, 6, [ 6  3 15],[[0.     0.     0.     0.     0.3297 0.     0.     0.     0.6703 0.
  0.     0.    ]
 [0.     0.     0.     0.     0.6133 0.     0.     0.     0.3867 0.
  0.     0.    ]
 [0.     0.     0.     0.     0.0001 0.     0.     0.     0.9999 0.
  0.     0.    ]], [8 4 8],3
10, 21, [21],[[0.     0.     0.     0.     0.     0.     0.     0.     0.0001 0.
  0.9999 0.    ]], [10],1
0, 4, [4],[[0.8688 0.     0.     0.0001 0.     0.1293 0.0002 0.0017 0.     0.
  0.     0.    ]], [0],1
3, 2, [ 2 13  3],[[0.2037 0.     0.     0.3018 0.     0.0726 0.2344 0.1875 0.     0.
  0.     0.    ]
 [0.2404 0.     0.     0.2645 0.     0.2339 0.1389 0.1223 0.     0.
  0.     0.    ]
 [0.0009 0.     0.     0.0453 0.     0.1002 0.0003 0.8533 0.     0.
  0.     0.    ]], [3 3 7],3
2, 32, [32],[[0.     0.0015 0.9942 0.0005 0.     0.     0.     0.0002 0.     0.0035
  0.     0.0001]], [2],1
6, 14, [14],[[0.0028 0.     0.9842 0.0083 0.     0.     0.0017 0.0029 0.     0.
  0.     0.    ]], [2],1
9, 22, [22],[[0. 0. 0. 0. 0. 0. 0. 0. 0. 1. 0. 0.]], [9],1
9, 17, [17],[[0.     0.     0.     0.     0.     0.     0.     0.     0.     0.0077
  0.0658 0.9265]], [11],1
1, 3, [3],[[0.     0.9999 0.     0.     0.     0.     0.     0.     0.     0.
  0.     0.    ]], [1],1
3, 8, [8],[[0.0003 0.     0.     0.     0.     0.9988 0.0003 0.0006 0.     0.
  0.     0.    ]], [5],1
8, 4, [4],[[0.     0.     0.     0.     0.     0.     0.     0.     0.9999 0.
  0.     0.    ]], [8],1
4, 4, [4],[[0.     0.     0.0008 0.     0.113  0.     0.     0.     0.     0.
  0.8815 0.0047]], [10],1
3, 31, [31],[[0.     0.001  0.     0.9969 0.     0.001  0.     0.     0.0011 0.
  0.     0.    ]], [3],1
