11, 2, [2],[[0. 0. 0. 0. 0. 0. 0. 0. 0. 0. 0. 1.]], [11],1
10, 6, [6],[[0. 0. 0. 0. 0. 0. 0. 0. 0. 0. 1. 0.]], [10],1
0, 19, [19 13],[[0.     0.     0.     0.     0.     0.3668 0.0917 0.5416 0.     0.
  0.     0.    ]
 [0.     0.     0.     0.     0.     0.0295 0.9631 0.0074 0.     0.
  0.     0.    ]], [7 6],2
4, 12, [12  3 15],[[0.     0.     0.     0.     0.5074 0.     0.     0.     0.4926 0.
  0.     0.    ]
 [0.     0.     0.     0.     0.5292 0.     0.     0.     0.4708 0.
  0.     0.    ]
 [1.     1.     1.     1.     1.     1.     1.     1.     1.     1.
  1.     1.    ]], [4 4 4],3
4, 5, [5],[[0.     0.     0.     0.     0.7001 0.     0.     0.0001 0.2969 0.
  0.0029 0.    ]], [4],1
11, 27, [27],[[0.    0.    0.    0.    0.    0.    0.    0.    0.    0.    0.021 0.979]], [11],1
7, 11, [11],[[0. 0. 1. 0. 0. 0. 0. 0. 0. 0. 0. 0.]], [2],1
10, 7, [7],[[0. 0. 0. 0. 0. 0. 0. 0. 0. 0. 1. 0.]], [10],1
0, 2, [2],[[0.     0.     0.     0.     0.     0.     0.     0.     0.     0.0437
  0.0285 0.9278]], [11],1
8, 18, [18  3 15],[[0.     0.     0.     0.     0.6379 0.     0.     0.     0.3621 0.
  0.     0.    ]
 [0.     0.     0.     0.     0.4765 0.     0.     0.     0.5235 0.
  0.     0.    ]
 [1.     1.     1.     1.     1.     1.     1.     1.     1.     1.
  1.     1.    ]], [4 8 8],3
2, 6, [6],[[0.0001 0.     0.     0.     0.     0.9995 0.0002 0.     0.     0.0002
  0.     0.    ]], [5],1
9, 28, [28 13 24],[[0.0935 0.     0.     0.     0.     0.     0.682  0.039  0.     0.1854
  0.     0.    ]
 [0.5625 0.     0.     0.     0.     0.     0.3673 0.0702 0.     0.
  0.     0.    ]
 [1.     1.     1.     1.     1.     1.     1.     1.     1.     1.
  1.     1.    ]], [6 0 6],3
2, 18, [18],[[0. 0. 1. 0. 0. 0. 0. 0. 0. 0. 0. 0.]], [2],1
4, 29, [29],[[0.     0.     0.     0.     0.9999 0.     0.     0.     0.0001 0.
  0.     0.    ]], [4],1
11, 15, [15],[[0.     0.     0.     0.     0.     0.     0.     0.     0.     0.
  0.9999 0.0001]], [10],1
11, 25, [25],[[0. 0. 0. 0. 0. 0. 0. 0. 0. 0. 0. 1.]], [11],1
7, 20, [20],[[0.0012 0.     0.9006 0.0017 0.     0.     0.0324 0.0641 0.     0.
  0.     0.    ]], [2],1
7, 6, [ 6 13 24],[[0.138  0.     0.     0.     0.     0.     0.1342 0.7278 0.     0.
  0.     0.    ]
 [0.4156 0.     0.     0.     0.     0.     0.5034 0.0809 0.     0.
  0.     0.    ]
 [1.     1.     1.     1.     1.     1.     1.     1.     1.     1.
  1.     1.    ]], [7 6 6],3
4, 6, [ 6  3 15],[[0.     0.     0.     0.     0.5481 0.     0.     0.     0.4519 0.
  0.     0.    ]
 [0.     0.     0.     0.     0.5292 0.     0.     0.     0.4708 0.
  0.     0.    ]
 [1.     1.     1.     1.     1.     1.     1.     1.     1.     1.
  1.     1.    ]], [4 4 4],3
6, 9, [9],[[0.     0.9367 0.     0.     0.0632 0.     0.     0.     0.0001 0.
  0.     0.    ]], [1],1
3, 19, [19],[[0.0001 0.0007 0.     0.999  0.     0.     0.     0.0002 0.     0.
  0.     0.    ]], [3],1
8, 12, [12  3 15],[[0.     0.     0.     0.     0.4744 0.     0.     0.     0.5256 0.
  0.     0.    ]
 [0.     0.     0.     0.     0.4765 0.     0.     0.     0.5235 0.
  0.     0.    ]
 [1.     1.     1.     1.     1.     1.     1.     1.     1.     1.
  1.     1.    ]], [8 8 8],3
10, 4, [4],[[0.     0.     0.     0.     0.     0.     0.     0.     0.     0.
  0.9999 0.0001]], [10],1
5, 14, [14 13],[[0.5519 0.     0.3962 0.     0.     0.     0.0519 0.     0.     0.
  0.     0.    ]
 [0.     0.     1.     0.     0.     0.     0.     0.     0.     0.
  0.     0.    ]], [0 2],2
10, 10, [10],[[0.7513 0.     0.     0.0006 0.     0.0004 0.0011 0.2466 0.     0.
  0.     0.    ]], [0],1
3, 22, [22],[[0.     0.     0.8967 0.1031 0.     0.     0.     0.     0.     0.
  0.     0.    ]], [2],1
6, 17, [17 13],[[0.3488 0.     0.027  0.     0.     0.0756 0.2743 0.2742 0.     0.
  0.     0.    ]
 [0.     0.     1.     0.     0.     0.     0.     0.     0.     0.
  0.     0.    ]], [0 2],2
3, 6, [6],[[0.7046 0.     0.0001 0.2323 0.     0.002  0.047  0.014  0.     0.
  0.     0.    ]], [0],1
0, 29, [29],[[0.9962 0.     0.     0.     0.     0.0031 0.0001 0.0001 0.0004 0.
  0.     0.    ]], [0],1
3, 14, [14],[[0.    0.    0.999 0.001 0.    0.    0.    0.    0.    0.    0.    0.   ]], [2],1
2, 24, [24],[[0.     0.     0.     0.     0.     0.     0.     0.     0.     0.0001
  0.0001 0.9998]], [11],1
9, 29, [29],[[0.     0.     0.     0.     0.0001 0.     0.     0.     0.     0.9998
  0.     0.    ]], [9],1
5, 6, [ 6 13],[[0.3605 0.     0.0262 0.     0.     0.     0.2438 0.3695 0.     0.
  0.     0.    ]
 [0.     0.     1.     0.     0.     0.     0.     0.     0.     0.
  0.     0.    ]], [7 2],2
11, 3, [ 3 11],[[0.     0.2632 0.     0.     0.     0.     0.     0.     0.1073 0.6294
  0.     0.    ]
 [0.     0.0002 0.     0.     0.     0.     0.     0.     0.009  0.9907
  0.     0.    ]], [9 9],2
8, 22, [22],[[0.     0.0039 0.     0.0001 0.7909 0.     0.     0.     0.1735 0.
  0.0316 0.    ]], [4],1
1, 8, [8],[[0.     0.9951 0.     0.0001 0.002  0.     0.     0.0001 0.0025 0.
  0.     0.0002]], [1],1
1, 7, [7],[[0.     0.9998 0.     0.     0.0002 0.     0.     0.     0.0001 0.
  0.     0.    ]], [1],1
3, 30, [30],[[0.     0.     0.     0.9997 0.     0.0002 0.     0.     0.     0.
  0.     0.    ]], [3],1
2, 11, [11],[[0. 0. 1. 0. 0. 0. 0. 0. 0. 0. 0. 0.]], [2],1
5, 4, [4],[[0.     0.     0.     0.     0.     0.9997 0.0001 0.0001 0.     0.
  0.     0.    ]], [5],1
7, 24, [24],[[0.     0.     0.     0.     0.     0.     0.     0.     0.     0.0001
  0.0079 0.992 ]], [11],1
2, 26, [26],[[0. 0. 1. 0. 0. 0. 0. 0. 0. 0. 0. 0.]], [2],1
5, 19, [19],[[0.     0.     0.     0.     0.     0.9753 0.0138 0.0021 0.     0.0088
  0.     0.    ]], [5],1
7, 8, [8],[[0.0096 0.     0.0012 0.0003 0.     0.9769 0.0052 0.0069 0.     0.
  0.     0.    ]], [5],1
4, 17, [17  3 15],[[0.     0.     0.     0.     0.4079 0.     0.     0.     0.5921 0.
  0.     0.    ]
 [0.     0.     0.     0.     0.5292 0.     0.     0.     0.4708 0.
  0.     0.    ]
 [1.     1.     1.     1.     1.     1.     1.     1.     1.     1.
  1.     1.    ]], [8 4 4],3
2, 7, [ 7 13 24],[[0.0862 0.     0.     0.     0.     0.     0.4699 0.4439 0.     0.
  0.     0.    ]
 [0.6207 0.     0.     0.     0.     0.     0.2629 0.1164 0.     0.
  0.     0.    ]
 [1.     1.     1.     1.     1.     1.     1.     1.     1.     1.
  1.     1.    ]], [6 0 6],3
3, 16, [16],[[0.125  0.     0.     0.8593 0.     0.     0.     0.0156 0.     0.
  0.     0.    ]], [3],1
9, 20, [20],[[0.     0.     0.     0.     0.0916 0.     0.     0.0001 0.006  0.0003
  0.902  0.    ]], [10],1
6, 8, [8],[[0.     0.     0.9999 0.     0.     0.     0.     0.     0.     0.
  0.     0.    ]], [2],1
4, 27, [27],[[0.     0.     0.     0.     0.9997 0.     0.     0.     0.0003 0.
  0.     0.    ]], [4],1
10, 12, [12],[[0. 0. 0. 0. 0. 0. 0. 0. 0. 0. 1. 0.]], [10],1
5, 18, [18],[[0.0001 0.     0.9998 0.     0.     0.     0.0001 0.     0.     0.
  0.     0.    ]], [2],1
9, 16, [16],[[0.     0.     0.     0.     0.     0.     0.     0.     0.     0.9999
  0.     0.    ]], [9],1
1, 24, [24],[[0.     0.9998 0.     0.0001 0.     0.     0.     0.     0.     0.
  0.     0.    ]], [1],1
9, 23, [23],[[0. 0. 1. 0. 0. 0. 0. 0. 0. 0. 0. 0.]], [2],1
8, 32, [32],[[0.     0.0123 0.0001 0.0002 0.     0.     0.     0.     0.9874 0.
  0.0001 0.    ]], [8],1
11, 22, [22],[[0. 0. 0. 0. 0. 0. 0. 0. 0. 0. 0. 1.]], [11],1
9, 14, [14],[[0. 0. 0. 0. 0. 0. 0. 0. 0. 1. 0. 0.]], [9],1
4, 22, [22],[[0.     0.     0.     0.     0.     0.     0.     0.     0.     0.
  0.9993 0.0007]], [10],1
11, 26, [26],[[0.     0.     0.     0.     0.     0.0004 0.9996 0.     0.     0.
  0.     0.    ]], [6],1
11, 11, [11],[[0. 0. 0. 0. 0. 0. 0. 0. 0. 0. 0. 1.]], [11],1
7, 22, [22 13],[[0.     0.     0.     0.     0.     0.     0.616  0.384  0.     0.
  0.     0.    ]
 [0.     0.     0.     0.     0.     0.     0.8615 0.1385 0.     0.
  0.     0.    ]], [6 6],2
8, 25, [25  3 15],[[0.     0.     0.     0.     0.6288 0.     0.     0.     0.3712 0.
  0.     0.    ]
 [0.     0.     0.     0.     0.4765 0.     0.     0.     0.5235 0.
  0.     0.    ]
 [1.     1.     1.     1.     1.     1.     1.     1.     1.     1.
  1.     1.    ]], [4 8 8],3
0, 20, [20],[[0.0058 0.     0.9184 0.0021 0.     0.     0.0324 0.0413 0.     0.
  0.     0.    ]], [2],1
8, 27, [27],[[0. 0. 0. 0. 0. 0. 0. 0. 1. 0. 0. 0.]], [8],1
6, 7, [7],[[0.     0.     0.     0.     0.     0.0002 0.9969 0.0028 0.     0.
  0.     0.0001]], [6],1
11, 19, [19],[[0.     0.     0.     0.     0.     0.     0.     0.     0.     0.
  0.9999 0.0001]], [10],1
3, 20, [20],[[0.     0.     0.9797 0.0201 0.     0.0001 0.     0.     0.     0.
  0.     0.0001]], [2],1
7, 21, [21],[[0.     0.     0.     0.     0.     0.     0.     0.9995 0.     0.0005
  0.     0.    ]], [7],1
8, 2, [ 2  3 15],[[0.     0.     0.     0.     0.345  0.     0.     0.     0.655  0.
  0.     0.    ]
 [0.     0.     0.     0.     0.4765 0.     0.     0.     0.5235 0.
  0.     0.    ]
 [1.     1.     1.     1.     1.     1.     1.     1.     1.     1.
  1.     1.    ]], [8 8 8],3
9, 25, [25],[[0.     0.     0.     0.     0.     0.     0.     0.     0.     0.
  0.0636 0.9364]], [11],1
10, 13, [13],[[0.     0.     0.     0.     0.     0.     0.0001 0.     0.     0.1839
  0.     0.816 ]], [11],1
0, 12, [12],[[0.9994 0.     0.     0.0002 0.     0.     0.     0.0002 0.     0.
  0.     0.    ]], [0],1
11, 4, [4],[[0.     0.     0.     0.     0.     0.     0.     0.     0.     0.
  0.0031 0.9969]], [11],1
3, 11, [11],[[0. 0. 1. 0. 0. 0. 0. 0. 0. 0. 0. 0.]], [2],1
6, 32, [32],[[0.0001 0.     0.     0.     0.     0.     0.9257 0.     0.     0.
  0.     0.0741]], [6],1
5, 5, [5],[[0. 0. 1. 0. 0. 0. 0. 0. 0. 0. 0. 0.]], [2],1
9, 6, [6],[[0.     0.     0.     0.     0.     0.     0.     0.     0.     0.9996
  0.0003 0.    ]], [9],1
10, 2, [2],[[0.     0.     0.     0.     0.     0.     0.     0.     0.     0.
  0.9893 0.0107]], [10],1
1, 1, [1],[[0.     0.9993 0.     0.     0.0003 0.     0.     0.     0.0004 0.
  0.     0.0001]], [1],1
4, 13, [13  3 15],[[0.     0.     0.     0.     0.5483 0.     0.     0.     0.4517 0.
  0.     0.    ]
 [0.     0.     0.     0.     0.5292 0.     0.     0.     0.4708 0.
  0.     0.    ]
 [1.     1.     1.     1.     1.     1.     1.     1.     1.     1.
  1.     1.    ]], [4 4 4],3
6, 10, [10],[[0.     0.     0.0002 0.     0.     0.0001 0.9997 0.     0.     0.
  0.     0.    ]], [6],1
7, 27, [27 13  3],[[0.5051 0.     0.     0.     0.     0.1147 0.     0.3802 0.     0.
  0.     0.    ]
 [0.5607 0.     0.     0.     0.     0.3301 0.     0.1092 0.     0.
  0.     0.    ]
 [1.     1.     1.     1.     1.     1.     1.     1.     1.     1.
  1.     1.    ]], [0 0 7],3
5, 31, [31],[[0.     0.     0.0038 0.0001 0.     0.0003 0.9772 0.0183 0.     0.
  0.     0.0003]], [6],1
6, 31, [31 13],[[0.     0.     0.0258 0.     0.     0.4776 0.2415 0.2551 0.     0.
  0.     0.    ]
 [0.     0.     1.     0.     0.     0.     0.     0.     0.     0.
  0.     0.    ]], [5 2],2
10, 27, [27],[[0.     0.     0.     0.     0.     0.     0.     0.     0.     0.
  0.0003 0.9997]], [11],1
6, 18, [18],[[0. 0. 1. 0. 0. 0. 0. 0. 0. 0. 0. 0.]], [2],1
10, 8, [8],[[0. 0. 0. 0. 0. 0. 0. 0. 0. 0. 1. 0.]], [10],1
0, 30, [30],[[0.8812 0.     0.     0.0016 0.     0.0373 0.0497 0.0294 0.     0.0008
  0.     0.    ]], [0],1
2, 12, [12],[[0.932  0.     0.     0.     0.     0.0157 0.0299 0.0223 0.0001 0.
  0.     0.    ]], [0],1
10, 16, [16 13],[[0.     0.     0.     0.     0.     0.025  0.     0.4361 0.     0.0352
  0.5037 0.    ]
 [0.     0.     0.     0.     0.     0.     0.     0.     0.     1.
  0.     0.    ]], [10  9],2
3, 5, [5],[[0.0005 0.     0.9995 0.     0.     0.     0.     0.     0.     0.
  0.     0.    ]], [2],1
9, 21, [21],[[0. 0. 0. 0. 0. 0. 0. 0. 0. 1. 0. 0.]], [9],1
10, 11, [11],[[0. 0. 0. 0. 0. 0. 0. 0. 0. 0. 1. 0.]], [10],1
4, 8, [ 8  3 15],[[0.     0.     0.     0.     0.4927 0.     0.     0.     0.5073 0.
  0.     0.    ]
 [0.     0.     0.     0.     0.5292 0.     0.     0.     0.4708 0.
  0.     0.    ]
 [1.     1.     1.     1.     1.     1.     1.     1.     1.     1.
  1.     1.    ]], [8 4 4],3
5, 29, [29],[[0.     0.     0.     0.     0.     0.9099 0.0003 0.0887 0.     0.001
  0.     0.    ]], [5],1
4, 32, [32],[[0.     0.0706 0.0018 0.0054 0.     0.     0.     0.0001 0.9213 0.
  0.0009 0.    ]], [8],1
6, 22, [22],[[0.0002 0.     0.     0.0001 0.     0.0006 0.9987 0.0002 0.     0.
  0.     0.0001]], [6],1
8, 14, [14  3 15],[[0.     0.     0.     0.     0.5646 0.     0.     0.     0.4354 0.
  0.     0.    ]
 [0.     0.     0.     0.     0.4765 0.     0.     0.     0.5235 0.
  0.     0.    ]
 [1.     1.     1.     1.     1.     1.     1.     1.     1.     1.
  1.     1.    ]], [4 8 8],3
3, 10, [10],[[0.0001 0.     0.     0.7391 0.     0.     0.     0.2609 0.     0.
  0.     0.    ]], [3],1
5, 26, [26],[[0.0005 0.     0.0041 0.     0.     0.9945 0.0007 0.0002 0.     0.
  0.     0.    ]], [5],1
6, 23, [23],[[0. 0. 1. 0. 0. 0. 0. 0. 0. 0. 0. 0.]], [2],1
4, 21, [21],[[0.     0.     0.     0.     0.9994 0.     0.     0.     0.0006 0.
  0.     0.    ]], [4],1
3, 24, [24],[[0.     0.     0.     0.     0.     0.     0.     0.     0.     0.0001
  0.042  0.9579]], [11],1
8, 10, [10],[[0. 0. 0. 0. 0. 0. 0. 0. 1. 0. 0. 0.]], [8],1
9, 3, [3],[[0.     0.     0.     0.     0.9671 0.     0.     0.0001 0.0328 0.
  0.     0.    ]], [4],1
9, 27, [27],[[0. 0. 0. 0. 0. 0. 0. 0. 0. 1. 0. 0.]], [9],1
1, 4, [4],[[0. 1. 0. 0. 0. 0. 0. 0. 0. 0. 0. 0.]], [1],1
1, 16, [16],[[0.     0.9999 0.     0.     0.0001 0.     0.     0.     0.     0.
  0.     0.    ]], [1],1
10, 3, [ 3 15],[[0.     0.     0.     0.     0.2958 0.     0.     0.     0.0879 0.
  0.6163 0.    ]
 [0.     0.     0.     0.     0.     0.     0.     0.     0.     0.
  1.     0.    ]], [10 10],2
1, 21, [21],[[0.     0.9996 0.     0.     0.     0.     0.     0.     0.0002 0.0001
  0.     0.    ]], [1],1
0, 9, [9],[[0.0001 0.     0.9995 0.     0.     0.     0.0002 0.     0.     0.
  0.     0.0002]], [2],1
4, 23, [23  3 15],[[0.     0.     0.     0.     0.5744 0.     0.     0.     0.4256 0.
  0.     0.    ]
 [0.     0.     0.     0.     0.5292 0.     0.     0.     0.4708 0.
  0.     0.    ]
 [0.     0.     0.     0.     0.9995 0.     0.     0.     0.0005 0.
  0.     0.    ]], [4 4 4],3
7, 31, [31 13 24 13 24 13 24],[[0.     0.     0.     0.     0.     0.0523 0.3486 0.5991 0.     0.
  0.     0.    ]
 [0.     0.     0.     0.     0.     0.2951 0.6072 0.0976 0.     0.
  0.     0.    ]
 [0.     0.     0.     0.     0.     0.4849 0.3885 0.1266 0.     0.
  0.     0.    ]
 [0.     0.     0.     0.     0.     0.2951 0.6072 0.0976 0.     0.
  0.     0.    ]
 [0.     0.     0.     0.     0.     0.4849 0.3885 0.1266 0.     0.
  0.     0.    ]
 [0.     0.     0.     0.     0.     0.2951 0.6072 0.0976 0.     0.
  0.     0.    ]
 [1.     1.     1.     1.     1.     1.     1.     1.     1.     1.
  1.     1.    ]], [7 6 5 6 5 6 5],7
4, 18, [18  3 15],[[0.     0.     0.     0.     0.6052 0.     0.     0.     0.3948 0.
  0.     0.    ]
 [0.     0.     0.     0.     0.5292 0.     0.     0.     0.4708 0.
  0.     0.    ]
 [0.     0.     0.     0.     0.9995 0.     0.     0.     0.0005 0.
  0.     0.    ]], [4 4 4],3
8, 1, [1],[[0. 0. 0. 0. 0. 0. 0. 0. 0. 1. 0. 0.]], [9],1
2, 17, [17],[[0.0001 0.     0.     0.     0.     0.9997 0.     0.0001 0.     0.
  0.     0.    ]], [5],1
3, 27, [27],[[0. 0. 0. 1. 0. 0. 0. 0. 0. 0. 0. 0.]], [3],1
9, 12, [12],[[0.     0.     0.     0.     0.     0.     0.     0.     0.     0.
  0.0245 0.9754]], [11],1
3, 12, [12],[[0.0027 0.     0.0259 0.9343 0.     0.0057 0.027  0.0043 0.     0.
  0.     0.    ]], [3],1
8, 24, [24  3 15],[[0.     0.     0.     0.     0.5754 0.     0.     0.     0.4246 0.
  0.     0.    ]
 [0.     0.     0.     0.     0.4765 0.     0.     0.     0.5235 0.
  0.     0.    ]
 [0.     0.     0.     0.     0.1951 0.     0.     0.     0.8049 0.
  0.     0.    ]], [4 8 8],3
1, 13, [13],[[0.     0.9997 0.     0.0002 0.     0.     0.     0.0001 0.     0.
  0.     0.    ]], [1],1
11, 24, [24],[[0.     0.     0.0066 0.     0.     0.     0.     0.     0.     0.
  0.     0.9933]], [11],1
3, 7, [ 7 21],[[0.     0.     0.3783 0.6217 0.     0.     0.     0.     0.     0.
  0.     0.    ]
 [0.     0.     0.     1.     0.     0.     0.     0.     0.     0.
  0.     0.    ]], [3 3],2
6, 16, [16],[[0.     0.     0.     0.     0.     0.8582 0.     0.0001 0.     0.1379
  0.0001 0.0037]], [5],1
4, 28, [28],[[0. 0. 0. 0. 1. 0. 0. 0. 0. 0. 0. 0.]], [4],1
9, 18, [18],[[0.     0.     0.0002 0.     0.     0.     0.     0.     0.     0.
  0.     0.9998]], [11],1
10, 5, [5],[[0. 0. 0. 0. 0. 0. 0. 0. 0. 0. 1. 0.]], [10],1
7, 3, [3],[[0.     0.     0.     0.     0.9992 0.     0.     0.     0.0008 0.
  0.     0.    ]], [4],1
2, 25, [25],[[0.8404 0.     0.     0.0005 0.     0.0026 0.0346 0.1218 0.     0.
  0.     0.    ]], [0],1
9, 32, [32],[[0. 0. 0. 0. 0. 0. 0. 0. 0. 1. 0. 0.]], [9],1
10, 17, [17],[[0.     0.     0.     0.     0.     0.     0.     0.     0.     0.
  0.9999 0.0001]], [10],1
9, 15, [15],[[0. 0. 0. 0. 0. 0. 0. 0. 0. 1. 0. 0.]], [9],1
8, 23, [23],[[0.     0.     0.     0.     0.0002 0.     0.     0.     0.     0.0037
  0.9961 0.    ]], [10],1
10, 22, [22],[[0. 0. 0. 0. 0. 0. 0. 0. 0. 0. 1. 0.]], [10],1
5, 20, [20],[[0.     0.     0.0007 0.     0.     0.2359 0.762  0.     0.     0.0002
  0.     0.0011]], [6],1
1, 11, [11],[[0.     0.9999 0.     0.     0.     0.     0.     0.     0.     0.
  0.     0.0001]], [1],1
11, 20, [20 15],[[0.     0.     0.     0.     0.     0.     0.     0.     0.     0.
  0.4156 0.5844]
 [0.     0.     0.     0.     0.     0.     0.     0.     0.     0.
  0.9999 0.0001]], [11 10],2
5, 9, [9],[[0.     0.     0.9959 0.     0.     0.     0.     0.     0.     0.
  0.     0.0041]], [2],1
2, 29, [29],[[0. 0. 1. 0. 0. 0. 0. 0. 0. 0. 0. 0.]], [2],1
8, 7, [ 7 15],[[0.     0.     0.     0.     0.4046 0.     0.     0.     0.     0.
  0.5954 0.    ]
 [0.     0.     0.     0.     0.     0.     0.     0.     0.     0.
  1.     0.    ]], [10 10],2
7, 12, [12],[[0.9919 0.     0.     0.     0.     0.0005 0.0016 0.006  0.     0.
  0.     0.    ]], [0],1
6, 19, [19],[[0.0015 0.     0.0004 0.     0.     0.9931 0.0013 0.0036 0.     0.
  0.     0.    ]], [5],1
3, 23, [23],[[0. 0. 1. 0. 0. 0. 0. 0. 0. 0. 0. 0.]], [2],1
7, 4, [4],[[0.     0.     0.     0.     0.     0.8954 0.0071 0.0966 0.     0.0009
  0.     0.    ]], [5],1
5, 21, [21 13],[[0.     0.     0.     0.     0.     0.6433 0.     0.3567 0.     0.
  0.     0.    ]
 [0.     0.     0.     0.     0.     0.8395 0.     0.1605 0.     0.
  0.     0.    ]], [5 5],2
6, 5, [5],[[0.0002 0.     0.9998 0.     0.     0.     0.     0.     0.     0.
  0.     0.    ]], [2],1
5, 1, [1],[[0. 0. 0. 0. 0. 0. 0. 0. 0. 1. 0. 0.]], [9],1
2, 30, [30],[[0.0024 0.     0.9967 0.     0.     0.     0.0003 0.0006 0.     0.
  0.     0.    ]], [2],1
5, 7, [7],[[0.0351 0.     0.0001 0.     0.     0.0069 0.9441 0.0128 0.0001 0.
  0.     0.0007]], [6],1
7, 25, [25],[[0.    0.    0.    0.    0.    0.999 0.001 0.    0.    0.    0.    0.   ]], [5],1
5, 10, [10],[[0.0015 0.     0.0001 0.     0.     0.0949 0.8405 0.002  0.     0.061
  0.     0.    ]], [6],1
5, 25, [25],[[0.     0.     0.     0.     0.     0.0237 0.0014 0.     0.     0.9749
  0.     0.    ]], [9],1
4, 1, [ 1 38 15],[[0.     0.5021 0.     0.     0.3071 0.     0.     0.     0.1908 0.
  0.     0.    ]
 [0.     0.5021 0.     0.     0.3071 0.     0.     0.     0.1908 0.
  0.     0.    ]
 [1.     1.     1.     1.     1.     1.     1.     1.     1.     1.
  1.     1.    ]], [1 1 4],3
5, 17, [17],[[0.     0.     0.     0.     0.     0.0032 0.     0.     0.     0.9968
  0.     0.    ]], [9],1
6, 20, [20],[[0.0019 0.     0.8516 0.0022 0.     0.0001 0.0419 0.1023 0.     0.
  0.     0.    ]], [2],1
1, 28, [28],[[0.     0.0001 0.     0.     0.9993 0.     0.     0.     0.0007 0.
  0.     0.    ]], [4],1
2, 16, [16],[[0. 0. 1. 0. 0. 0. 0. 0. 0. 0. 0. 0.]], [2],1
0, 17, [17],[[0.0001 0.     0.     0.     0.     0.9961 0.0003 0.0002 0.     0.0034
  0.     0.    ]], [5],1
11, 18, [18],[[0.0001 0.7773 0.     0.0007 0.0361 0.     0.     0.     0.1708 0.0147
  0.0004 0.    ]], [1],1
7, 1, [ 1 13 24],[[0.5185 0.     0.     0.     0.     0.     0.2038 0.2777 0.     0.
  0.     0.    ]
 [0.4156 0.     0.     0.     0.     0.     0.5034 0.0809 0.     0.
  0.     0.    ]
 [1.     1.     1.     1.     1.     1.     1.     1.     1.     1.
  1.     1.    ]], [0 6 6],3
0, 5, [5],[[0.834  0.     0.1186 0.0075 0.     0.0001 0.0159 0.0238 0.     0.
  0.     0.    ]], [0],1
7, 23, [23],[[0. 0. 1. 0. 0. 0. 0. 0. 0. 0. 0. 0.]], [2],1
1, 20, [20],[[0.     0.9993 0.     0.0001 0.0002 0.     0.     0.     0.0003 0.
  0.     0.0002]], [1],1
4, 24, [24  3 15],[[0.     0.     0.     0.     0.4365 0.     0.     0.     0.5635 0.
  0.     0.    ]
 [0.     0.     0.     0.     0.5292 0.     0.     0.     0.4708 0.
  0.     0.    ]
 [1.     1.     1.     1.     1.     1.     1.     1.     1.     1.
  1.     1.    ]], [8 4 4],3
0, 10, [10],[[0.917  0.     0.0396 0.     0.     0.     0.0372 0.0062 0.     0.
  0.     0.    ]], [0],1
9, 31, [31],[[0.     0.     0.     0.     0.     0.0001 0.0001 0.0003 0.     0.9987
  0.     0.0009]], [9],1
2, 31, [31],[[0.     0.     0.9992 0.     0.     0.     0.0007 0.0001 0.     0.
  0.     0.    ]], [2],1
9, 24, [24],[[0.     0.     0.     0.     0.     0.     0.     0.     0.     0.0003
  0.0083 0.9913]], [11],1
3, 29, [29],[[0.0002 0.     0.     0.759  0.     0.0063 0.     0.2345 0.     0.
  0.     0.    ]], [3],1
8, 17, [17  3 15],[[0.     0.     0.     0.     0.5943 0.     0.     0.     0.4057 0.
  0.     0.    ]
 [0.     0.     0.     0.     0.4765 0.     0.     0.     0.5235 0.
  0.     0.    ]
 [1.     1.     1.     1.     1.     1.     1.     1.     1.     1.
  1.     1.    ]], [4 8 8],3
1, 32, [32],[[0. 1. 0. 0. 0. 0. 0. 0. 0. 0. 0. 0.]], [1],1
9, 10, [10],[[0.     0.     0.     0.     0.     0.0003 0.0084 0.     0.     0.9912
  0.     0.    ]], [9],1
5, 16, [16],[[0.     0.     0.     0.     0.     0.9996 0.0001 0.     0.     0.0002
  0.     0.    ]], [5],1
2, 22, [22],[[0. 0. 1. 0. 0. 0. 0. 0. 0. 0. 0. 0.]], [2],1
7, 13, [13],[[0. 0. 1. 0. 0. 0. 0. 0. 0. 0. 0. 0.]], [2],1
7, 5, [5],[[0.0005 0.     0.9995 0.     0.     0.     0.     0.     0.     0.
  0.     0.    ]], [2],1
3, 28, [28],[[0.     0.0009 0.     0.9991 0.     0.     0.     0.     0.     0.
  0.     0.    ]], [3],1
0, 21, [21],[[0.2546 0.     0.     0.0012 0.     0.0004 0.     0.728  0.     0.0158
  0.     0.    ]], [7],1
7, 14, [14],[[0. 0. 1. 0. 0. 0. 0. 0. 0. 0. 0. 0.]], [2],1
0, 14, [14],[[0.0079 0.9364 0.     0.0245 0.     0.0001 0.0038 0.0272 0.     0.
  0.     0.    ]], [1],1
1, 10, [10],[[0. 1. 0. 0. 0. 0. 0. 0. 0. 0. 0. 0.]], [1],1
0, 32, [32],[[0.0071 0.     0.     0.     0.     0.0631 0.     0.0003 0.0002 0.0098
  0.141  0.7785]], [11],1
2, 4, [4],[[0. 0. 1. 0. 0. 0. 0. 0. 0. 0. 0. 0.]], [2],1
8, 8, [ 8  3 15],[[0.     0.     0.     0.     0.5356 0.     0.     0.     0.4644 0.
  0.     0.    ]
 [0.     0.     0.     0.     0.4765 0.     0.     0.     0.5235 0.
  0.     0.    ]
 [1.     1.     1.     1.     1.     1.     1.     1.     1.     1.
  1.     1.    ]], [4 8 8],3
3, 4, [ 4 13],[[0.     0.     0.     0.     0.     0.     0.     0.4084 0.     0.5916
  0.     0.    ]
 [0.     0.     0.     0.     0.     0.     0.     0.9657 0.     0.0343
  0.     0.    ]], [9 7],2
11, 13, [13],[[0.     0.     0.0206 0.     0.     0.     0.     0.     0.     0.
  0.     0.9793]], [11],1
0, 7, [7],[[0.8312 0.     0.     0.1635 0.     0.0003 0.0001 0.0049 0.     0.
  0.     0.    ]], [0],1
9, 19, [19],[[0.     0.     0.     0.     0.     0.     0.     0.     0.     0.9915
  0.     0.0084]], [9],1
9, 13, [13],[[0. 0. 1. 0. 0. 0. 0. 0. 0. 0. 0. 0.]], [2],1
10, 15, [15],[[0. 0. 0. 0. 0. 0. 0. 0. 0. 0. 1. 0.]], [10],1
10, 24, [24],[[0. 0. 0. 0. 0. 0. 0. 0. 0. 0. 1. 0.]], [10],1
7, 16, [16],[[0.     0.     0.     0.     0.     0.     0.     0.9999 0.     0.
  0.     0.    ]], [7],1
0, 3, [3],[[0.     0.9998 0.     0.     0.     0.     0.     0.     0.     0.
  0.     0.0001]], [1],1
1, 18, [18],[[0.     0.9998 0.     0.     0.0001 0.     0.     0.     0.     0.
  0.     0.0001]], [1],1
1, 14, [14],[[0.     0.9998 0.     0.     0.     0.     0.     0.     0.     0.
  0.     0.0001]], [1],1
6, 15, [15],[[0. 0. 0. 0. 0. 0. 1. 0. 0. 0. 0. 0.]], [6],1
9, 4, [4],[[0.     0.     0.     0.     0.     0.     0.0011 0.     0.     0.9989
  0.     0.    ]], [9],1
4, 7, [7],[[0.     0.     0.     0.     0.8432 0.     0.     0.0001 0.1438 0.
  0.0128 0.    ]], [4],1
2, 3, [3],[[0.     0.     0.     0.     0.9996 0.     0.     0.     0.0003 0.
  0.0001 0.    ]], [4],1
4, 16, [16],[[0.     0.0003 0.     0.     0.9984 0.     0.     0.     0.0013 0.
  0.     0.    ]], [4],1
0, 15, [15],[[0.9977 0.     0.     0.0001 0.     0.0003 0.     0.0018 0.     0.
  0.     0.    ]], [0],1
5, 22, [22],[[0.0059 0.     0.0007 0.0002 0.     0.9524 0.0066 0.0341 0.     0.
  0.     0.    ]], [5],1
4, 25, [25],[[0.     0.9992 0.     0.     0.0007 0.     0.     0.     0.0001 0.
  0.     0.    ]], [1],1
10, 28, [28],[[0. 0. 0. 0. 0. 0. 0. 0. 0. 0. 1. 0.]], [10],1
6, 2, [2],[[0.     0.     0.     0.     0.     0.     0.     0.     0.     0.0002
  0.0013 0.9985]], [11],1
6, 21, [21],[[0.     0.     0.     0.     0.     0.     0.9992 0.     0.     0.0007
  0.     0.    ]], [6],1
2, 19, [19],[[0. 0. 1. 0. 0. 0. 0. 0. 0. 0. 0. 0.]], [2],1
7, 32, [32 13],[[0.     0.     0.     0.     0.     0.2681 0.     0.2757 0.     0.
  0.4562 0.    ]
 [0.     0.     0.     0.     0.     0.1962 0.     0.0649 0.     0.
  0.7389 0.    ]], [10 10],2
1, 22, [22],[[0.     0.9999 0.     0.     0.     0.     0.     0.     0.     0.
  0.     0.    ]], [1],1
11, 9, [9],[[0. 0. 0. 0. 0. 0. 0. 0. 0. 0. 0. 1.]], [11],1
5, 24, [24],[[0.     0.     0.     0.     0.     0.     0.     0.     0.     0.0001
  0.0225 0.9774]], [11],1
0, 31, [31],[[0.0206 0.9018 0.0001 0.0584 0.0004 0.0007 0.0051 0.0118 0.0011 0.
  0.     0.    ]], [1],1
3, 1, [1],[[0.     0.0006 0.     0.9909 0.0006 0.0061 0.     0.     0.0017 0.
  0.     0.    ]], [3],1
6, 6, [6],[[0.0001 0.     0.     0.     0.     0.9987 0.0001 0.0011 0.     0.
  0.     0.    ]], [5],1
9, 1, [1],[[0.     0.     0.     0.     0.     0.     0.     0.     0.0002 0.0315
  0.014  0.9543]], [11],1
9, 2, [2],[[0.     0.     0.0094 0.     0.0026 0.     0.     0.     0.     0.0273
  0.0039 0.9567]], [11],1
5, 12, [12],[[0.0001 0.     0.0002 0.     0.     0.9505 0.004  0.0452 0.     0.
  0.     0.    ]], [5],1
5, 28, [28 13],[[0.     0.     0.5343 0.     0.     0.4657 0.     0.     0.     0.
  0.     0.    ]
 [1.     1.     1.     1.     1.     1.     1.     1.     1.     1.
  1.     1.    ]], [2 2],2
5, 2, [2],[[0.     0.     0.     0.     0.     0.     0.     0.     0.     0.0001
  0.0117 0.9882]], [11],1
5, 32, [32],[[0.0095 0.     0.     0.     0.     0.006  0.     0.0001 0.0002 0.0001
  0.0097 0.9743]], [11],1
9, 7, [7],[[0.     0.     0.     0.     0.     0.     0.0009 0.     0.     0.0032
  0.     0.9959]], [11],1
0, 23, [23],[[0.     0.     0.     0.     0.     0.     0.0001 0.     0.     0.9993
  0.     0.0006]], [9],1
1, 9, [9],[[0.     0.9999 0.     0.     0.     0.     0.     0.     0.     0.
  0.     0.0001]], [1],1
2, 15, [15],[[0. 0. 1. 0. 0. 0. 0. 0. 0. 0. 0. 0.]], [2],1
11, 28, [28],[[0.     0.     0.     0.     0.     0.     0.     0.     0.     0.
  0.003  0.9969]], [11],1
11, 8, [8],[[0. 0. 0. 0. 0. 0. 0. 0. 0. 0. 1. 0.]], [10],1
11, 10, [10],[[0.     0.     0.     0.     0.     0.     0.     0.     0.     0.
  0.0101 0.9899]], [11],1
10, 18, [18],[[0. 0. 0. 0. 0. 0. 0. 0. 0. 0. 1. 0.]], [10],1
3, 21, [21],[[0.     0.     0.     0.9999 0.     0.     0.     0.0001 0.     0.
  0.     0.    ]], [3],1
6, 25, [25],[[0.0001 0.     0.     0.     0.     0.9997 0.0001 0.0001 0.     0.
  0.     0.    ]], [5],1
4, 14, [14],[[0.     0.0001 0.     0.     0.7082 0.     0.     0.     0.2917 0.
  0.     0.    ]], [4],1
2, 28, [28],[[0. 0. 1. 0. 0. 0. 0. 0. 0. 0. 0. 0.]], [2],1
6, 30, [30],[[0.0452 0.     0.9454 0.0047 0.     0.     0.0021 0.0025 0.     0.
  0.     0.    ]], [2],1
10, 31, [31],[[0.     0.     0.     0.     0.     0.     0.     0.     0.     0.
  0.9928 0.0072]], [10],1
10, 20, [20],[[0.     0.     0.     0.     0.     0.     0.     0.     0.0001 0.
  0.9999 0.    ]], [10],1
11, 30, [30],[[0. 0. 0. 0. 0. 0. 0. 0. 0. 0. 0. 1.]], [11],1
8, 16, [16],[[0.     0.     0.     0.     0.0001 0.     0.     0.     0.9998 0.
  0.0001 0.    ]], [8],1
2, 21, [21],[[0. 0. 1. 0. 0. 0. 0. 0. 0. 0. 0. 0.]], [2],1
9, 9, [9],[[0.     0.     0.     0.     0.9998 0.     0.     0.     0.0002 0.
  0.     0.    ]], [4],1
6, 3, [3],[[0.     0.0001 0.     0.     0.9596 0.     0.     0.0001 0.0403 0.
  0.     0.    ]], [4],1
10, 19, [19],[[0. 0. 0. 0. 0. 0. 0. 0. 0. 0. 1. 0.]], [10],1
1, 29, [29],[[0.     0.9999 0.     0.     0.     0.     0.     0.     0.     0.
  0.     0.    ]], [1],1
6, 12, [12],[[0.     0.     0.     0.9998 0.     0.0002 0.     0.     0.     0.
  0.     0.    ]], [3],1
1, 26, [26],[[0. 1. 0. 0. 0. 0. 0. 0. 0. 0. 0. 0.]], [1],1
5, 13, [13],[[0. 0. 1. 0. 0. 0. 0. 0. 0. 0. 0. 0.]], [2],1
8, 15, [15],[[0. 0. 0. 0. 0. 0. 0. 0. 0. 0. 1. 0.]], [10],1
1, 23, [23],[[0.     0.9979 0.     0.0018 0.     0.     0.     0.0002 0.0001 0.
  0.     0.0001]], [1],1
9, 30, [30],[[0.     0.     0.     0.     0.     0.     0.     0.     0.0002 0.9997
  0.     0.    ]], [9],1
5, 8, [ 8 13],[[0.5284 0.     0.4716 0.     0.     0.     0.     0.     0.     0.
  0.     0.    ]
 [1.     1.     1.     1.     1.     1.     1.     1.     1.     1.
  1.     1.    ]], [0 2],2
3, 15, [15],[[0. 0. 0. 1. 0. 0. 0. 0. 0. 0. 0. 0.]], [3],1
0, 1, [ 1 13],[[0.6871 0.     0.     0.     0.     0.     0.103  0.2099 0.     0.
  0.     0.    ]
 [1.     1.     1.     1.     1.     1.     1.     1.     1.     1.
  1.     1.    ]], [0 6],2
4, 26, [26],[[0. 0. 0. 0. 1. 0. 0. 0. 0. 0. 0. 0.]], [4],1
2, 1, [1],[[0.0013 0.     0.838  0.0007 0.     0.0019 0.058  0.1    0.     0.
  0.     0.    ]], [2],1
0, 24, [24],[[0.     0.     0.     0.     0.     0.     0.     0.     0.     0.0064
  0.0473 0.9463]], [11],1
10, 32, [32],[[0.     0.     0.     0.     0.     0.9717 0.     0.0167 0.     0.0066
  0.005  0.    ]], [5],1
1, 27, [27],[[0. 1. 0. 0. 0. 0. 0. 0. 0. 0. 0. 0.]], [1],1
3, 25, [25],[[0.0001 0.8864 0.     0.0877 0.0048 0.0003 0.     0.0096 0.0101 0.
  0.     0.0011]], [1],1
7, 30, [30],[[0.0005 0.     0.     0.     0.     0.9994 0.     0.0001 0.     0.
  0.     0.    ]], [5],1
4, 19, [19],[[0.     0.     0.     0.     0.2274 0.0001 0.     0.     0.7721 0.
  0.0003 0.    ]], [8],1
11, 29, [29],[[0.     0.     0.     0.     0.     0.     0.     0.     0.     0.
  0.9999 0.0001]], [10],1
1, 2, [2],[[0.     0.9998 0.     0.0001 0.     0.     0.     0.0001 0.     0.
  0.     0.    ]], [1],1
2, 27, [27],[[0. 0. 1. 0. 0. 0. 0. 0. 0. 0. 0. 0.]], [2],1
0, 6, [6],[[0.0082 0.     0.9904 0.     0.     0.     0.0007 0.0007 0.     0.
  0.     0.    ]], [2],1
2, 13, [13],[[0. 0. 1. 0. 0. 0. 0. 0. 0. 0. 0. 0.]], [2],1
0, 27, [27],[[0.9988 0.     0.     0.     0.     0.0003 0.     0.0008 0.     0.
  0.     0.    ]], [0],1
4, 20, [20  3 15],[[0.     0.     0.     0.     0.5864 0.     0.     0.     0.4136 0.
  0.     0.    ]
 [0.     0.     0.     0.     0.5292 0.     0.     0.     0.4708 0.
  0.     0.    ]
 [1.     1.     1.     1.     1.     1.     1.     1.     1.     1.
  1.     1.    ]], [4 4 4],3
4, 10, [10 38],[[0.     0.5155 0.     0.     0.     0.     0.     0.     0.4845 0.
  0.     0.    ]
 [0.     0.7246 0.     0.     0.     0.     0.     0.     0.2754 0.
  0.     0.    ]], [1 1],2
2, 20, [20],[[0. 0. 1. 0. 0. 0. 0. 0. 0. 0. 0. 0.]], [2],1
5, 23, [23],[[0. 0. 1. 0. 0. 0. 0. 0. 0. 0. 0. 0.]], [2],1
3, 32, [32],[[0.1164 0.     0.0001 0.0512 0.     0.0016 0.     0.7337 0.     0.095
  0.002  0.    ]], [7],1
8, 20, [20],[[0.     0.0012 0.     0.     0.7159 0.     0.     0.     0.2827 0.
  0.0002 0.    ]], [4],1
7, 9, [9],[[0.0001 0.9985 0.     0.0006 0.     0.     0.0001 0.0006 0.     0.
  0.     0.    ]], [1],1
0, 18, [18],[[0.9929 0.     0.     0.     0.     0.0001 0.     0.0069 0.     0.
  0.     0.    ]], [0],1
11, 31, [31],[[0.     0.     0.0002 0.     0.     0.     0.     0.     0.     0.
  0.     0.9997]], [11],1
1, 31, [31],[[0.     0.9998 0.     0.     0.     0.     0.     0.     0.0001 0.
  0.     0.    ]], [1],1
2, 2, [2],[[0. 0. 0. 0. 0. 0. 0. 0. 0. 0. 0. 1.]], [11],1
9, 8, [8],[[0.     0.     0.     0.     0.     0.     0.     0.     0.     0.
  0.0036 0.9963]], [11],1
10, 23, [23],[[0. 0. 0. 0. 0. 0. 0. 0. 0. 1. 0. 0.]], [9],1
9, 5, [5],[[0. 0. 0. 0. 0. 0. 0. 0. 0. 0. 0. 1.]], [11],1
1, 12, [12],[[0. 1. 0. 0. 0. 0. 0. 0. 0. 0. 0. 0.]], [1],1
3, 3, [3],[[0.     0.     0.     0.     0.9977 0.     0.     0.     0.002  0.
  0.0003 0.    ]], [4],1
0, 28, [28],[[0.9998 0.     0.     0.     0.     0.     0.     0.0001 0.     0.
  0.     0.    ]], [0],1
7, 19, [19],[[0.0005 0.     0.9674 0.     0.     0.     0.0166 0.0154 0.     0.
  0.     0.    ]], [2],1
11, 17, [17],[[0. 0. 0. 0. 0. 0. 0. 0. 0. 0. 0. 1.]], [11],1
4, 3, [ 3 15],[[0.     0.     0.     0.     0.5292 0.     0.     0.     0.4708 0.
  0.     0.    ]
 [0.     0.     0.     0.     0.9995 0.     0.     0.     0.0005 0.
  0.     0.    ]], [4 4],2
1, 6, [6],[[0. 1. 0. 0. 0. 0. 0. 0. 0. 0. 0. 0.]], [1],1
6, 24, [24],[[0.     0.     0.     0.     0.     0.     0.     0.     0.     0.0002
  0.0033 0.9965]], [11],1
10, 29, [29],[[0.     0.9989 0.     0.     0.     0.     0.     0.     0.001  0.
  0.     0.    ]], [1],1
2, 23, [23],[[0. 0. 1. 0. 0. 0. 0. 0. 0. 0. 0. 0.]], [2],1
6, 28, [28],[[0. 0. 0. 0. 0. 0. 1. 0. 0. 0. 0. 0.]], [6],1
2, 8, [ 8 13 24],[[0.4765 0.     0.     0.     0.     0.     0.3644 0.1591 0.     0.
  0.     0.    ]
 [0.6207 0.     0.     0.     0.     0.     0.2629 0.1164 0.     0.
  0.     0.    ]
 [1.     1.     1.     1.     1.     1.     1.     1.     1.     1.
  1.     1.    ]], [0 0 6],3
4, 11, [11  3 15],[[0.     0.     0.     0.     0.6735 0.     0.     0.     0.3265 0.
  0.     0.    ]
 [0.     0.     0.     0.     0.5292 0.     0.     0.     0.4708 0.
  0.     0.    ]
 [1.     1.     1.     1.     1.     1.     1.     1.     1.     1.
  1.     1.    ]], [4 4 4],3
3, 13, [13],[[0. 0. 1. 0. 0. 0. 0. 0. 0. 0. 0. 0.]], [2],1
8, 21, [21],[[0. 0. 0. 0. 0. 0. 0. 0. 1. 0. 0. 0.]], [8],1
0, 16, [16],[[0.     0.     0.     0.     0.     0.0001 0.0001 0.9998 0.     0.
  0.     0.    ]], [7],1
11, 21, [21],[[0. 0. 0. 0. 0. 0. 0. 0. 0. 0. 0. 1.]], [11],1
0, 8, [8],[[0.0001 0.     0.     0.     0.     0.9993 0.0001 0.0004 0.     0.
  0.     0.    ]], [5],1
6, 27, [27],[[0.     0.     0.0013 0.     0.     0.     0.9981 0.     0.     0.
  0.     0.0006]], [6],1
7, 18, [18],[[0.0019 0.     0.998  0.     0.     0.     0.     0.     0.     0.
  0.     0.    ]], [2],1
8, 13, [13],[[0.     0.     0.     0.     0.0002 0.     0.     0.     0.     0.
  0.9998 0.    ]], [10],1
8, 3, [ 3 15],[[0.     0.     0.     0.     0.4765 0.     0.     0.     0.5235 0.
  0.     0.    ]
 [0.     0.     0.     0.     0.1951 0.     0.     0.     0.8049 0.
  0.     0.    ]], [8 8],2
7, 2, [2],[[0.     0.     0.0009 0.     0.     0.     0.     0.     0.     0.0396
  0.0173 0.9422]], [11],1
8, 30, [30],[[0.0002 0.0001 0.     0.     0.0457 0.0001 0.     0.     0.9529 0.001
  0.     0.    ]], [8],1
2, 14, [14 13],[[0.3187 0.     0.6216 0.0326 0.     0.     0.0271 0.     0.     0.
  0.     0.    ]
 [0.     0.     1.     0.     0.     0.     0.     0.     0.     0.
  0.     0.    ]], [2 2],2
5, 27, [27],[[0.     0.     0.     0.     0.     0.9994 0.0004 0.0001 0.     0.
  0.     0.    ]], [5],1
10, 14, [14],[[0. 0. 0. 0. 0. 0. 0. 0. 0. 0. 1. 0.]], [10],1
2, 5, [5],[[0.0001 0.     0.9999 0.     0.     0.     0.     0.     0.     0.
  0.     0.    ]], [2],1
0, 26, [26],[[0. 0. 0. 1. 0. 0. 0. 0. 0. 0. 0. 0.]], [3],1
11, 16, [16],[[0. 0. 0. 0. 0. 0. 0. 0. 0. 0. 0. 1.]], [11],1
5, 11, [11],[[0.0001 0.     0.9999 0.     0.     0.     0.     0.     0.     0.
  0.     0.    ]], [2],1
0, 22, [22],[[0.0002 0.9993 0.     0.0001 0.0002 0.     0.0001 0.0001 0.     0.
  0.     0.    ]], [1],1
6, 4, [4],[[0. 0. 0. 0. 0. 0. 1. 0. 0. 0. 0. 0.]], [6],1
8, 29, [29],[[0.     0.     0.     0.     0.     0.     0.     0.     0.9999 0.
  0.     0.    ]], [8],1
11, 23, [23],[[0.     0.     0.0033 0.     0.     0.     0.     0.     0.     0.
  0.     0.9967]], [11],1
1, 19, [19],[[0. 1. 0. 0. 0. 0. 0. 0. 0. 0. 0. 0.]], [1],1
5, 15, [15],[[0.0005 0.     0.0006 0.     0.     0.9972 0.0008 0.001  0.     0.
  0.     0.    ]], [5],1
11, 6, [6],[[0. 0. 0. 0. 0. 0. 0. 0. 0. 0. 0. 1.]], [11],1
8, 5, [ 5  3 15],[[0.     0.     0.     0.     0.5635 0.     0.     0.     0.4365 0.
  0.     0.    ]
 [0.     0.     0.     0.     0.4765 0.     0.     0.     0.5235 0.
  0.     0.    ]
 [1.     1.     1.     1.     1.     1.     1.     1.     1.     1.
  1.     1.    ]], [4 8 8],3
10, 26, [26],[[0.     0.     0.     0.     0.     0.     0.0001 0.     0.     0.
  0.     0.9999]], [11],1
11, 7, [7],[[0. 0. 0. 0. 0. 0. 0. 0. 0. 0. 0. 1.]], [11],1
10, 9, [9],[[0.     0.     0.     0.     0.268  0.     0.     0.0007 0.0134 0.0003
  0.7176 0.    ]], [10],1
6, 29, [29],[[0.     0.     0.     0.     0.     0.     0.9336 0.     0.     0.0663
  0.     0.    ]], [6],1
8, 9, [9],[[0.     0.0003 0.     0.     0.782  0.     0.     0.     0.2176 0.
  0.     0.    ]], [4],1
5, 3, [ 3 13],[[0.     0.     0.0286 0.     0.     0.     0.3722 0.     0.     0.0928
  0.     0.5064]
 [0.     0.     1.     0.     0.     0.     0.     0.     0.     0.
  0.     0.    ]], [11  2],2
10, 1, [1],[[0. 0. 0. 0. 0. 0. 0. 0. 0. 0. 1. 0.]], [10],1
6, 11, [11],[[0. 0. 1. 0. 0. 0. 0. 0. 0. 0. 0. 0.]], [2],1
7, 28, [28],[[0.     0.     0.     0.     0.     0.     0.0002 0.9727 0.     0.027
  0.0001 0.    ]], [7],1
1, 30, [30],[[0.     0.9999 0.     0.     0.     0.     0.     0.     0.     0.
  0.     0.    ]], [1],1
8, 11, [11  3 15],[[0.     0.     0.     0.     0.5718 0.     0.     0.     0.4282 0.
  0.     0.    ]
 [0.     0.     0.     0.     0.4765 0.     0.     0.     0.5235 0.
  0.     0.    ]
 [1.     1.     1.     1.     1.     1.     1.     1.     1.     1.
  1.     1.    ]], [4 8 8],3
0, 13, [13],[[0.     0.     0.     0.     0.     0.     0.     0.     0.     0.0082
  0.003  0.9888]], [11],1
2, 10, [10],[[0. 0. 1. 0. 0. 0. 0. 0. 0. 0. 0. 0.]], [2],1
9, 11, [11],[[0. 0. 0. 0. 0. 0. 0. 0. 0. 0. 0. 1.]], [11],1
6, 1, [1],[[0.0011 0.     0.0002 0.     0.     0.9975 0.0003 0.0009 0.     0.
  0.     0.    ]], [5],1
4, 30, [30],[[0.     0.0003 0.     0.     0.2388 0.     0.     0.     0.7608 0.
  0.     0.    ]], [8],1
4, 9, [ 9  3 15],[[0.     0.     0.     0.     0.5438 0.     0.     0.     0.4562 0.
  0.     0.    ]
 [0.     0.     0.     0.     0.5292 0.     0.     0.     0.4708 0.
  0.     0.    ]
 [1.     1.     1.     1.     1.     1.     1.     1.     1.     1.
  1.     1.    ]], [4 4 4],3
9, 26, [26],[[0. 0. 0. 0. 0. 0. 0. 0. 0. 1. 0. 0.]], [9],1
6, 26, [26],[[0.     0.     0.7695 0.     0.     0.0002 0.2284 0.     0.     0.
  0.     0.002 ]], [2],1
11, 32, [32],[[0.     0.     0.     0.     0.0355 0.     0.     0.0001 0.9607 0.
  0.0037 0.    ]], [8],1
11, 14, [14],[[0.     0.     0.     0.     0.0004 0.     0.     0.     0.0012 0.1308
  0.8676 0.0001]], [10],1
7, 15, [15],[[0.0003 0.     0.     0.0001 0.     0.9696 0.0007 0.029  0.     0.0002
  0.     0.    ]], [5],1
11, 5, [5],[[0.     0.     0.     0.     0.     0.     0.     0.     0.     0.0644
  0.     0.9355]], [11],1
1, 5, [5],[[0.     0.9988 0.     0.     0.0008 0.     0.     0.     0.0003 0.
  0.     0.    ]], [1],1
11, 1, [1],[[0. 0. 0. 0. 0. 0. 0. 0. 0. 0. 0. 1.]], [11],1
1, 17, [17],[[0.     0.9844 0.     0.0001 0.0076 0.     0.     0.0001 0.0077 0.
  0.     0.0002]], [1],1
3, 17, [17],[[0.0001 0.     0.     0.     0.     0.0132 0.     0.     0.     0.9866
  0.     0.    ]], [9],1
11, 12, [12],[[0.     0.     0.     0.     0.     0.     0.0003 0.     0.     0.
  0.     0.9997]], [11],1
8, 6, [ 6  3 15],[[0.     0.     0.     0.     0.5415 0.     0.     0.     0.4585 0.
  0.     0.    ]
 [0.     0.     0.     0.     0.4765 0.     0.     0.     0.5235 0.
  0.     0.    ]
 [1.     1.     1.     1.     1.     1.     1.     1.     1.     1.
  1.     1.    ]], [4 8 8],3
10, 21, [21],[[0.     0.     0.     0.     0.     0.     0.     0.     0.0001 0.
  0.9999 0.    ]], [10],1
0, 4, [4],[[0.9998 0.     0.     0.0001 0.     0.     0.     0.0001 0.     0.
  0.     0.    ]], [0],1
3, 2, [2],[[0.     0.     0.0004 0.     0.     0.     0.     0.     0.     0.0017
  0.0064 0.9915]], [11],1
2, 32, [32 13],[[0.     0.     0.5725 0.2195 0.     0.     0.     0.1803 0.     0.
  0.0277 0.    ]
 [0.     0.     1.     0.     0.     0.     0.     0.     0.     0.
  0.     0.    ]], [2 2],2
6, 14, [14],[[0.0002 0.     0.9998 0.     0.     0.     0.     0.     0.     0.
  0.     0.    ]], [2],1
9, 22, [22],[[0.     0.     0.     0.     0.0002 0.0004 0.0088 0.0001 0.0001 0.9871
  0.     0.0034]], [9],1
9, 17, [17],[[0. 0. 0. 0. 0. 0. 0. 0. 0. 1. 0. 0.]], [9],1
1, 3, [3],[[0.     0.9999 0.     0.     0.     0.     0.     0.     0.     0.
  0.     0.    ]], [1],1
3, 8, [8],[[0.0019 0.     0.1329 0.8615 0.0001 0.0006 0.0022 0.0008 0.     0.
  0.     0.    ]], [3],1
8, 4, [4],[[0. 0. 0. 0. 0. 0. 0. 0. 1. 0. 0. 0.]], [8],1
4, 4, [4],[[0.     0.     0.     0.     0.9947 0.     0.     0.     0.0002 0.
  0.0051 0.    ]], [4],1
3, 31, [31],[[0.0602 0.0085 0.0071 0.9045 0.0018 0.0012 0.0025 0.0129 0.0012 0.
  0.     0.    ]], [3],1
