11, 2, [2],[[0.     0.     0.0001 0.     0.     0.     0.     0.     0.     0.
  0.     0.9999]], [11],1
10, 6, [6],[[0.     0.     0.     0.     0.     0.     0.     0.     0.0002 0.
  0.9998 0.    ]], [10],1
0, 19, [19],[[0.0003 0.     0.0001 0.     0.     0.9737 0.0015 0.0244 0.     0.
  0.     0.    ]], [5],1
4, 12, [12],[[0.     0.7418 0.     0.     0.2411 0.     0.     0.     0.0163 0.
  0.0007 0.0001]], [1],1
4, 5, [5 3],[[0.     0.     0.     0.     0.549  0.     0.     0.     0.451  0.
  0.     0.    ]
 [0.     0.     0.     0.     0.7631 0.     0.     0.     0.2369 0.
  0.     0.    ]], [4 4],2
11, 27, [27],[[0.     0.     0.0002 0.     0.     0.     0.     0.     0.     0.
  0.1978 0.802 ]], [11],1
7, 11, [11],[[0. 0. 1. 0. 0. 0. 0. 0. 0. 0. 0. 0.]], [2],1
10, 7, [7],[[0. 0. 0. 0. 0. 0. 0. 0. 0. 0. 1. 0.]], [10],1
0, 2, [ 2 13 24 13 24 13 24],[[0.2436 0.     0.     0.3251 0.     0.     0.2197 0.2116 0.     0.
  0.     0.    ]
 [0.2507 0.     0.     0.2162 0.     0.     0.2676 0.2655 0.     0.
  0.     0.    ]
 [0.3431 0.     0.     0.2601 0.     0.     0.261  0.1357 0.     0.
  0.     0.    ]
 [0.2507 0.     0.     0.2162 0.     0.     0.2676 0.2655 0.     0.
  0.     0.    ]
 [0.3431 0.     0.     0.2601 0.     0.     0.261  0.1357 0.     0.
  0.     0.    ]
 [0.2507 0.     0.     0.2162 0.     0.     0.2676 0.2655 0.     0.
  0.     0.    ]
 [1.     1.     1.     1.     1.     1.     1.     1.     1.     1.
  1.     1.    ]], [3 6 0 6 0 6 0],7
8, 18, [18],[[0.     0.0186 0.     0.     0.9574 0.     0.     0.     0.024  0.
  0.     0.    ]], [4],1
2, 6, [6],[[0. 0. 1. 0. 0. 0. 0. 0. 0. 0. 0. 0.]], [2],1
9, 28, [28],[[0.     0.     0.     0.     0.     0.0002 0.8854 0.     0.     0.1144
  0.     0.    ]], [6],1
2, 18, [18 13  3 13  3 13  3],[[0.2592 0.     0.     0.4616 0.     0.     0.148  0.1312 0.     0.
  0.     0.    ]
 [0.3346 0.     0.     0.3433 0.     0.     0.1493 0.1728 0.     0.
  0.     0.    ]
 [0.3701 0.     0.     0.1131 0.     0.     0.2661 0.2507 0.     0.
  0.     0.    ]
 [0.3346 0.     0.     0.3433 0.     0.     0.1493 0.1728 0.     0.
  0.     0.    ]
 [0.3701 0.     0.     0.1131 0.     0.     0.2661 0.2507 0.     0.
  0.     0.    ]
 [0.3346 0.     0.     0.3433 0.     0.     0.1493 0.1728 0.     0.
  0.     0.    ]
 [1.     1.     1.     1.     1.     1.     1.     1.     1.     1.
  1.     1.    ]], [3 3 0 3 0 3 0],7
4, 29, [29],[[0.     0.     0.     0.     0.9995 0.     0.     0.     0.0005 0.
  0.     0.    ]], [4],1
11, 15, [15],[[0.     0.     0.     0.     0.     0.     0.     0.     0.     0.
  0.0001 0.9999]], [11],1
11, 25, [25],[[0. 0. 0. 0. 0. 0. 0. 0. 0. 0. 0. 1.]], [11],1
7, 20, [20 13],[[0.149  0.     0.     0.     0.     0.     0.1856 0.6655 0.     0.
  0.     0.    ]
 [0.2362 0.     0.     0.     0.     0.     0.7338 0.0301 0.     0.
  0.     0.    ]], [7 6],2
7, 6, [6],[[0.0011 0.     0.8318 0.0006 0.     0.0001 0.071  0.0953 0.     0.
  0.     0.    ]], [2],1
4, 6, [6],[[0.0001 0.0001 0.     0.     0.051  0.     0.     0.     0.9475 0.0012
  0.     0.    ]], [8],1
6, 9, [9],[[0.     0.9999 0.     0.     0.     0.     0.     0.     0.     0.
  0.     0.    ]], [1],1
3, 19, [19],[[0.0002 0.     0.     0.9995 0.     0.0001 0.0001 0.     0.     0.
  0.     0.    ]], [3],1
8, 12, [12  3],[[0.     0.     0.     0.     0.5065 0.     0.     0.     0.4935 0.
  0.     0.    ]
 [0.     0.     0.     0.     0.9936 0.     0.     0.     0.0064 0.
  0.     0.    ]], [4 4],2
10, 4, [4],[[0. 0. 0. 0. 0. 0. 0. 0. 0. 0. 1. 0.]], [10],1
5, 14, [14],[[0.0001 0.     0.     0.     0.     0.9998 0.     0.0001 0.     0.
  0.     0.    ]], [5],1
10, 10, [10],[[0.     0.     0.     0.     0.     0.8567 0.     0.0052 0.     0.1381
  0.     0.0001]], [5],1
3, 22, [22],[[0. 0. 1. 0. 0. 0. 0. 0. 0. 0. 0. 0.]], [2],1
6, 17, [17],[[0.0001 0.     0.     0.     0.     0.9998 0.0001 0.     0.     0.
  0.     0.    ]], [5],1
3, 6, [ 6 13],[[0.2638 0.     0.0359 0.     0.     0.     0.244  0.4562 0.     0.
  0.     0.    ]
 [0.     0.     1.     0.     0.     0.     0.     0.     0.     0.
  0.     0.    ]], [7 2],2
0, 29, [29],[[0.     0.     0.     0.9995 0.     0.0005 0.     0.     0.     0.
  0.     0.    ]], [3],1
3, 14, [14],[[0. 0. 1. 0. 0. 0. 0. 0. 0. 0. 0. 0.]], [2],1
2, 24, [24 13  3 13  3 13  3],[[0.3265 0.     0.     0.3033 0.     0.     0.2357 0.1345 0.     0.
  0.     0.    ]
 [0.3346 0.     0.     0.3433 0.     0.     0.1493 0.1728 0.     0.
  0.     0.    ]
 [0.3701 0.     0.     0.1131 0.     0.     0.2661 0.2507 0.     0.
  0.     0.    ]
 [0.3346 0.     0.     0.3433 0.     0.     0.1493 0.1728 0.     0.
  0.     0.    ]
 [0.3701 0.     0.     0.1131 0.     0.     0.2661 0.2507 0.     0.
  0.     0.    ]
 [0.3346 0.     0.     0.3433 0.     0.     0.1493 0.1728 0.     0.
  0.     0.    ]
 [1.     1.     1.     1.     1.     1.     1.     1.     1.     1.
  1.     1.    ]], [0 3 0 3 0 3 0],7
9, 29, [29],[[0.     0.     0.     0.     0.     0.     0.0018 0.     0.     0.9982
  0.     0.    ]], [9],1
5, 6, [ 6  3 21],[[0.4813 0.     0.     0.5187 0.     0.     0.     0.     0.     0.
  0.     0.    ]
 [0.4663 0.     0.     0.5337 0.     0.     0.     0.     0.     0.
  0.     0.    ]
 [0.8507 0.     0.     0.1493 0.     0.     0.     0.     0.     0.
  0.     0.    ]], [3 3 0],3
11, 3, [3],[[0.     0.0001 0.     0.     0.     0.0003 0.     0.     0.     0.9966
  0.0024 0.0006]], [9],1
8, 22, [22  3],[[0.     0.     0.     0.     0.5352 0.     0.     0.     0.4648 0.
  0.     0.    ]
 [0.     0.     0.     0.     0.9936 0.     0.     0.     0.0064 0.
  0.     0.    ]], [4 4],2
1, 8, [8],[[0.     0.995  0.     0.0001 0.0021 0.     0.     0.0001 0.0025 0.
  0.     0.0002]], [1],1
1, 7, [7],[[0.     0.9995 0.     0.     0.0004 0.     0.     0.     0.0001 0.
  0.     0.    ]], [1],1
3, 30, [30],[[0.     0.     0.     0.9998 0.     0.0002 0.     0.     0.     0.
  0.     0.    ]], [3],1
2, 11, [11 13  3],[[0.5137 0.     0.1508 0.117  0.     0.0517 0.1152 0.0516 0.     0.
  0.     0.    ]
 [0.2093 0.     0.     0.2147 0.     0.3744 0.0934 0.1081 0.     0.
  0.     0.    ]
 [0.0904 0.     0.     0.0276 0.     0.7556 0.065  0.0613 0.     0.
  0.     0.    ]], [0 5 5],3
5, 4, [4],[[0.     0.     0.     0.     0.     0.9805 0.0019 0.0029 0.     0.0147
  0.     0.    ]], [5],1
7, 24, [24],[[0.     0.     0.     0.     0.     0.     0.     0.     0.     0.0001
  0.0084 0.9915]], [11],1
2, 26, [26],[[0. 0. 1. 0. 0. 0. 0. 0. 0. 0. 0. 0.]], [2],1
5, 19, [19],[[0.0005 0.     0.     0.     0.     0.984  0.0001 0.0153 0.     0.
  0.     0.    ]], [5],1
7, 8, [8],[[0.0006 0.     0.     0.     0.     0.9957 0.0013 0.0024 0.     0.
  0.     0.    ]], [5],1
4, 17, [17  3],[[0.     0.     0.     0.     0.5753 0.     0.     0.     0.4247 0.
  0.     0.    ]
 [0.     0.     0.     0.     0.7631 0.     0.     0.     0.2369 0.
  0.     0.    ]], [4 4],2
2, 7, [7],[[0. 0. 1. 0. 0. 0. 0. 0. 0. 0. 0. 0.]], [2],1
3, 16, [16],[[0. 0. 0. 1. 0. 0. 0. 0. 0. 0. 0. 0.]], [3],1
9, 20, [20],[[0. 0. 0. 0. 0. 0. 0. 0. 0. 1. 0. 0.]], [9],1
6, 8, [8],[[0.0075 0.     0.     0.     0.     0.988  0.0018 0.0026 0.     0.
  0.     0.    ]], [5],1
4, 27, [27],[[0.     0.     0.     0.     0.9991 0.     0.     0.     0.0009 0.
  0.     0.    ]], [4],1
10, 12, [12],[[0. 0. 0. 0. 0. 0. 0. 0. 0. 0. 1. 0.]], [10],1
5, 18, [18 13 24 13 24 13 24],[[0.2897 0.     0.1185 0.2012 0.     0.     0.1735 0.2171 0.     0.
  0.     0.    ]
 [0.3345 0.     0.     0.253  0.     0.     0.2201 0.1925 0.     0.
  0.     0.    ]
 [0.2698 0.     0.     0.2239 0.     0.     0.3144 0.1919 0.     0.
  0.     0.    ]
 [0.3345 0.     0.     0.253  0.     0.     0.2201 0.1925 0.     0.
  0.     0.    ]
 [0.2698 0.     0.     0.2239 0.     0.     0.3144 0.1919 0.     0.
  0.     0.    ]
 [0.3345 0.     0.     0.253  0.     0.     0.2201 0.1925 0.     0.
  0.     0.    ]
 [1.     1.     1.     1.     1.     1.     1.     1.     1.     1.
  1.     1.    ]], [0 0 6 0 6 0 6],7
9, 16, [16],[[0.     0.     0.     0.     0.     0.0002 0.     0.     0.     0.9998
  0.     0.    ]], [9],1
1, 24, [24],[[0.     0.9998 0.     0.0001 0.     0.     0.     0.     0.     0.
  0.     0.    ]], [1],1
9, 23, [23],[[0. 0. 0. 0. 0. 0. 0. 0. 0. 1. 0. 0.]], [9],1
8, 32, [32],[[0.     0.     0.     0.     0.9999 0.     0.     0.     0.     0.
  0.     0.    ]], [4],1
11, 22, [22],[[0.     0.     0.9986 0.     0.     0.0002 0.     0.     0.     0.
  0.     0.0012]], [2],1
9, 14, [14],[[0.     0.     0.     0.     0.     0.     0.     0.     0.0001 0.004
  0.9284 0.0675]], [10],1
4, 22, [22],[[0.     0.9935 0.     0.     0.0056 0.     0.     0.     0.0009 0.
  0.     0.    ]], [1],1
11, 26, [26],[[0.     0.     0.     0.     0.     0.     0.0704 0.     0.     0.
  0.     0.9296]], [11],1
11, 11, [11],[[0.     0.     0.     0.     0.0314 0.     0.     0.0002 0.0016 0.0085
  0.9583 0.    ]], [10],1
7, 22, [22],[[0.0007 0.     0.0001 0.0007 0.     0.0027 0.0121 0.9837 0.     0.
  0.     0.    ]], [7],1
8, 25, [25 15],[[0.     0.     0.     0.     0.6941 0.     0.     0.     0.3059 0.
  0.     0.    ]
 [0.     0.     0.     0.     0.0003 0.     0.     0.     0.9997 0.
  0.     0.    ]], [4 8],2
0, 20, [20],[[0.0001 0.     0.     0.     0.     0.9997 0.     0.0001 0.     0.
  0.     0.    ]], [5],1
8, 27, [27],[[0. 0. 0. 0. 0. 0. 0. 0. 0. 0. 1. 0.]], [10],1
6, 7, [ 7 13 24 13 24 13 24],[[0.5031 0.     0.     0.     0.     0.0273 0.3555 0.114  0.     0.
  0.     0.    ]
 [0.4435 0.     0.     0.     0.     0.1384 0.3336 0.0845 0.     0.
  0.     0.    ]
 [0.     0.     0.     0.     0.     0.4175 0.194  0.3886 0.     0.
  0.     0.    ]
 [0.     0.     0.     0.     0.     0.2488 0.5994 0.1518 0.     0.
  0.     0.    ]
 [0.     0.     0.     0.     0.     0.4175 0.194  0.3886 0.     0.
  0.     0.    ]
 [0.     0.     0.     0.     0.     0.2488 0.5994 0.1518 0.     0.
  0.     0.    ]
 [1.     1.     1.     1.     1.     1.     1.     1.     1.     1.
  1.     1.    ]], [0 0 5 6 5 6 5],7
11, 19, [19],[[0. 0. 0. 0. 0. 0. 0. 0. 0. 0. 0. 1.]], [11],1
3, 20, [20 13],[[0.     0.     0.2397 0.2466 0.     0.     0.1649 0.3488 0.     0.
  0.     0.    ]
 [0.     0.     1.     0.     0.     0.     0.     0.     0.     0.
  0.     0.    ]], [7 2],2
7, 21, [21],[[0.     0.     0.     0.0001 0.     0.     0.     0.9999 0.     0.
  0.     0.    ]], [7],1
8, 2, [2],[[0.     0.     0.     0.     0.     0.     0.     0.     0.     0.
  0.0003 0.9997]], [11],1
9, 25, [25],[[0.     0.     0.     0.     0.     0.     0.     0.     0.     0.
  0.0004 0.9996]], [11],1
10, 13, [13],[[0. 0. 0. 0. 0. 0. 0. 0. 0. 0. 1. 0.]], [10],1
0, 12, [12],[[0.0001 0.     0.     0.     0.     0.9978 0.0004 0.0016 0.     0.
  0.     0.    ]], [5],1
11, 4, [4],[[0. 0. 0. 0. 0. 0. 0. 0. 0. 0. 0. 1.]], [11],1
3, 11, [11],[[0.     0.     0.049  0.9497 0.     0.001  0.0002 0.     0.     0.
  0.     0.    ]], [3],1
6, 32, [32],[[0.0157 0.     0.     0.     0.     0.     0.9613 0.0003 0.     0.0001
  0.     0.0225]], [6],1
5, 5, [5],[[0.0005 0.     0.     0.     0.     0.9994 0.     0.     0.     0.
  0.     0.    ]], [5],1
9, 6, [6],[[0.     0.     0.     0.     0.     0.     0.     0.     0.     0.9813
  0.0001 0.0186]], [9],1
10, 2, [2],[[0.     0.     0.     0.     0.     0.     0.     0.     0.     0.0006
  0.     0.9993]], [11],1
1, 1, [1],[[0.     0.9991 0.     0.     0.0003 0.     0.     0.     0.0004 0.
  0.     0.0001]], [1],1
4, 13, [13 15],[[0.     0.     0.     0.     0.3317 0.     0.     0.     0.098  0.
  0.5703 0.    ]
 [1.     1.     1.     1.     1.     1.     1.     1.     1.     1.
  1.     1.    ]], [10  4],2
6, 10, [10],[[0.     0.     0.     0.     0.     0.0002 0.9119 0.     0.     0.0879
  0.     0.    ]], [6],1
7, 27, [27],[[0.0002 0.     0.     0.     0.     0.     0.0001 0.9996 0.     0.
  0.     0.    ]], [7],1
5, 31, [31],[[0.     0.     0.     0.8819 0.     0.0734 0.     0.0013 0.0434 0.
  0.     0.    ]], [3],1
6, 31, [31],[[0.0012 0.     0.     0.0031 0.0001 0.0015 0.9933 0.0009 0.     0.
  0.     0.    ]], [6],1
10, 27, [27],[[0. 0. 0. 0. 0. 0. 0. 0. 0. 0. 1. 0.]], [10],1
6, 18, [18],[[0.0011 0.     0.9988 0.     0.     0.     0.     0.     0.     0.
  0.     0.    ]], [2],1
10, 8, [8],[[0. 0. 0. 0. 0. 0. 0. 0. 0. 0. 1. 0.]], [10],1
0, 30, [30],[[0.0002 0.     0.     0.     0.     0.9969 0.0002 0.0027 0.     0.
  0.     0.    ]], [5],1
2, 12, [12],[[0.0003 0.     0.0001 0.     0.     0.9509 0.0101 0.0387 0.     0.
  0.     0.    ]], [5],1
10, 16, [16],[[0. 0. 0. 0. 0. 0. 0. 0. 0. 0. 1. 0.]], [10],1
3, 5, [5],[[0.0002 0.     0.9998 0.     0.     0.     0.     0.     0.     0.
  0.     0.    ]], [2],1
9, 21, [21 15],[[0.     0.     0.     0.     0.     0.     0.     0.     0.     0.0399
  0.5797 0.3804]
 [1.     1.     1.     1.     1.     1.     1.     1.     1.     1.
  1.     1.    ]], [10  9],2
10, 11, [11],[[0. 0. 0. 0. 0. 0. 0. 0. 0. 0. 1. 0.]], [10],1
4, 8, [8 3],[[0.     0.     0.     0.     0.5523 0.     0.     0.     0.4477 0.
  0.     0.    ]
 [1.     1.     1.     1.     1.     1.     1.     1.     1.     1.
  1.     1.    ]], [4 4],2
5, 29, [29],[[0.0001 0.     0.     0.     0.     0.9587 0.0003 0.026  0.     0.0149
  0.     0.    ]], [5],1
4, 32, [32],[[0. 1. 0. 0. 0. 0. 0. 0. 0. 0. 0. 0.]], [1],1
6, 22, [22],[[0.     0.     0.1106 0.     0.     0.0128 0.8173 0.0593 0.     0.
  0.     0.0001]], [6],1
8, 14, [14],[[0.     0.9993 0.     0.     0.0003 0.     0.     0.     0.0003 0.
  0.     0.0001]], [1],1
3, 10, [10],[[0.0634 0.     0.8646 0.0682 0.     0.0006 0.     0.0028 0.     0.0001
  0.0004 0.    ]], [2],1
5, 26, [26],[[0.0007 0.     0.0011 0.     0.     0.9979 0.0003 0.0001 0.     0.
  0.     0.    ]], [5],1
6, 23, [23],[[0. 0. 1. 0. 0. 0. 0. 0. 0. 0. 0. 0.]], [2],1
4, 21, [21],[[0.     0.     0.     0.     0.9999 0.     0.     0.     0.0001 0.
  0.     0.    ]], [4],1
3, 24, [24],[[0.     0.     0.     0.     0.     0.     0.     0.     0.     0.0002
  0.0147 0.9851]], [11],1
8, 10, [10],[[0.     0.0001 0.     0.     0.9677 0.     0.     0.     0.0322 0.
  0.     0.    ]], [4],1
9, 3, [3],[[0. 0. 0. 0. 0. 0. 0. 0. 0. 1. 0. 0.]], [9],1
9, 27, [27],[[0.     0.     0.     0.     0.     0.0001 0.     0.     0.     0.9999
  0.     0.    ]], [9],1
1, 4, [4],[[0. 1. 0. 0. 0. 0. 0. 0. 0. 0. 0. 0.]], [1],1
1, 16, [16],[[0. 1. 0. 0. 0. 0. 0. 0. 0. 0. 0. 0.]], [1],1
10, 3, [3],[[0. 0. 0. 0. 0. 0. 0. 0. 0. 0. 1. 0.]], [10],1
1, 21, [21],[[0. 1. 0. 0. 0. 0. 0. 0. 0. 0. 0. 0.]], [1],1
0, 9, [9],[[0.0003 0.     0.     0.     0.     0.9993 0.     0.     0.     0.0004
  0.     0.    ]], [5],1
4, 23, [23  3],[[0.     0.     0.     0.     0.5411 0.     0.     0.     0.4589 0.
  0.     0.    ]
 [1.     1.     1.     1.     1.     1.     1.     1.     1.     1.
  1.     1.    ]], [4 4],2
7, 31, [31 13],[[0.     0.     0.6636 0.0631 0.     0.     0.2733 0.     0.     0.
  0.     0.    ]
 [1.     1.     1.     1.     1.     1.     1.     1.     1.     1.
  1.     1.    ]], [2 2],2
4, 18, [18  3],[[0.     0.     0.     0.     0.5643 0.     0.     0.     0.4357 0.
  0.     0.    ]
 [1.     1.     1.     1.     1.     1.     1.     1.     1.     1.
  1.     1.    ]], [4 4],2
8, 1, [1 3],[[0.     0.     0.     0.     0.4725 0.     0.     0.     0.5275 0.
  0.     0.    ]
 [1.     1.     1.     1.     1.     1.     1.     1.     1.     1.
  1.     1.    ]], [8 4],2
2, 17, [17],[[0.0002 0.     0.     0.     0.     0.9996 0.0001 0.     0.     0.0001
  0.     0.    ]], [5],1
3, 27, [27],[[0.     0.     0.     0.9998 0.     0.     0.     0.0002 0.     0.
  0.     0.    ]], [3],1
9, 12, [12],[[0. 0. 0. 0. 0. 0. 0. 0. 0. 1. 0. 0.]], [9],1
3, 12, [12 13],[[0.     0.     0.045  0.     0.     0.     0.5549 0.4001 0.     0.
  0.     0.    ]
 [1.     1.     1.     1.     1.     1.     1.     1.     1.     1.
  1.     1.    ]], [6 2],2
8, 24, [24],[[0.     0.     0.     0.     0.     0.     0.     0.     0.     0.0015
  0.2163 0.7822]], [11],1
1, 13, [13],[[0.     0.9996 0.     0.0003 0.     0.     0.     0.0001 0.     0.
  0.     0.    ]], [1],1
11, 24, [24],[[0. 0. 0. 0. 0. 0. 0. 0. 0. 0. 0. 1.]], [11],1
3, 7, [7],[[0.     0.     0.0006 0.9451 0.     0.0404 0.0129 0.     0.0008 0.
  0.     0.0001]], [3],1
6, 16, [16],[[0.     0.     0.     0.     0.     0.0171 0.9464 0.     0.     0.0365
  0.     0.    ]], [6],1
4, 28, [28],[[0. 0. 0. 0. 1. 0. 0. 0. 0. 0. 0. 0.]], [4],1
9, 18, [18],[[0. 0. 0. 0. 0. 0. 0. 0. 0. 1. 0. 0.]], [9],1
10, 5, [5],[[0. 0. 0. 0. 0. 0. 0. 0. 0. 0. 1. 0.]], [10],1
7, 3, [3],[[0.     0.0001 0.     0.     0.9844 0.     0.     0.     0.0155 0.
  0.     0.    ]], [4],1
2, 25, [25],[[0.0004 0.     0.     0.     0.     0.9993 0.0001 0.0002 0.     0.
  0.     0.    ]], [5],1
9, 32, [32],[[0.     0.     0.     0.     0.     0.002  0.0006 0.     0.     0.9973
  0.     0.    ]], [9],1
10, 17, [17],[[0. 0. 0. 0. 0. 0. 0. 0. 0. 0. 1. 0.]], [10],1
9, 15, [15],[[0.     0.     0.     0.     0.     0.0007 0.0001 0.     0.     0.9992
  0.     0.    ]], [9],1
8, 23, [23],[[0. 0. 1. 0. 0. 0. 0. 0. 0. 0. 0. 0.]], [2],1
10, 22, [22],[[0. 0. 0. 0. 0. 0. 0. 0. 0. 0. 1. 0.]], [10],1
5, 20, [20],[[0.0002 0.     0.     0.     0.     0.9952 0.0001 0.0045 0.     0.
  0.     0.    ]], [5],1
1, 11, [11],[[0.     0.9994 0.     0.0001 0.0001 0.     0.     0.0001 0.0001 0.
  0.     0.0002]], [1],1
11, 20, [20],[[0. 0. 0. 0. 0. 0. 0. 0. 0. 0. 0. 1.]], [11],1
5, 9, [9],[[0.0458 0.     0.0036 0.0029 0.     0.9372 0.0055 0.005  0.     0.
  0.     0.    ]], [5],1
2, 29, [29],[[0. 0. 1. 0. 0. 0. 0. 0. 0. 0. 0. 0.]], [2],1
8, 7, [7],[[0.     0.9998 0.     0.     0.0001 0.     0.     0.     0.0001 0.
  0.     0.0001]], [1],1
7, 12, [12],[[0.0003 0.     0.     0.     0.     0.9781 0.007  0.0147 0.     0.
  0.     0.    ]], [5],1
6, 19, [19],[[0.0012 0.     0.0098 0.0001 0.     0.0001 0.2042 0.7846 0.     0.
  0.     0.    ]], [7],1
3, 23, [23],[[0. 0. 1. 0. 0. 0. 0. 0. 0. 0. 0. 0.]], [2],1
7, 4, [ 4 13],[[0.     0.     0.     0.     0.     0.657  0.     0.343  0.     0.
  0.     0.    ]
 [0.     0.     0.     0.     0.     0.9085 0.     0.0915 0.     0.
  0.     0.    ]], [5 5],2
5, 21, [21],[[0.     0.     0.     0.     0.     0.0408 0.0003 0.     0.     0.9589
  0.     0.    ]], [9],1
6, 5, [5],[[0.0027 0.     0.9972 0.     0.     0.     0.     0.     0.     0.
  0.     0.    ]], [2],1
5, 1, [1],[[0.0013 0.     0.     0.     0.     0.9983 0.0001 0.0002 0.     0.
  0.     0.    ]], [5],1
2, 30, [30 13  3],[[0.0259 0.     0.1332 0.     0.     0.035  0.2105 0.5954 0.     0.
  0.     0.    ]
 [0.2665 0.     0.     0.     0.     0.4768 0.119  0.1376 0.     0.
  0.     0.    ]
 [0.093  0.     0.     0.     0.     0.7771 0.0669 0.063  0.     0.
  0.     0.    ]], [7 5 5],3
5, 7, [7],[[0.0001 0.     0.     0.     0.     0.9993 0.0002 0.0003 0.     0.
  0.     0.    ]], [5],1
7, 25, [25],[[0.1252 0.     0.     0.     0.     0.8717 0.0003 0.0026 0.     0.
  0.     0.    ]], [5],1
5, 10, [10],[[0.0001 0.     0.     0.     0.     0.9949 0.     0.0049 0.     0.
  0.     0.    ]], [5],1
5, 25, [25],[[0.0001 0.     0.0005 0.     0.     0.0733 0.9261 0.     0.     0.
  0.     0.    ]], [6],1
4, 1, [1],[[0.     0.0001 0.     0.     0.7289 0.     0.     0.     0.271  0.
  0.     0.    ]], [4],1
5, 17, [17],[[0.0002 0.     0.     0.     0.     0.9984 0.0002 0.0001 0.     0.0012
  0.     0.    ]], [5],1
6, 20, [20 13 24 13],[[0.0504 0.     0.     0.     0.     0.     0.2595 0.6901 0.     0.
  0.     0.    ]
 [0.5148 0.     0.     0.     0.     0.     0.3872 0.098  0.     0.
  0.     0.    ]
 [0.     0.     0.     0.     0.     0.     0.333  0.667  0.     0.
  0.     0.    ]
 [1.     1.     1.     1.     1.     1.     1.     1.     1.     1.
  1.     1.    ]], [7 0 7 6],4
1, 28, [28],[[0. 1. 0. 0. 0. 0. 0. 0. 0. 0. 0. 0.]], [1],1
2, 16, [16],[[0. 0. 1. 0. 0. 0. 0. 0. 0. 0. 0. 0.]], [2],1
0, 17, [17],[[0.0004 0.     0.0001 0.     0.     0.999  0.0001 0.0004 0.     0.
  0.     0.    ]], [5],1
11, 18, [18],[[0. 0. 0. 0. 0. 0. 0. 0. 0. 0. 0. 1.]], [11],1
7, 1, [ 1 13],[[0.     0.     0.1455 0.     0.     0.6936 0.0285 0.1324 0.     0.
  0.     0.    ]
 [0.     0.     1.     0.     0.     0.     0.     0.     0.     0.
  0.     0.    ]], [5 2],2
0, 5, [5],[[0.0005 0.     0.     0.     0.     0.9979 0.     0.     0.     0.0016
  0.     0.    ]], [5],1
7, 23, [23],[[0. 0. 1. 0. 0. 0. 0. 0. 0. 0. 0. 0.]], [2],1
1, 20, [20],[[0.     0.9997 0.     0.     0.0002 0.     0.     0.     0.0001 0.
  0.     0.    ]], [1],1
4, 24, [24],[[0.     0.     0.     0.     0.0933 0.     0.     0.     0.0328 0.
  0.8738 0.    ]], [10],1
0, 10, [10],[[1. 0. 0. 0. 0. 0. 0. 0. 0. 0. 0. 0.]], [0],1
9, 31, [31],[[0.     0.     0.     0.     0.     0.     0.     0.0001 0.     0.9999
  0.     0.    ]], [9],1
2, 31, [31],[[0.     0.     0.0186 0.0003 0.0001 0.0003 0.0811 0.     0.     0.
  0.     0.8996]], [11],1
9, 24, [24 13],[[0.3707 0.     0.     0.2341 0.     0.     0.2269 0.1683 0.     0.
  0.     0.    ]
 [0.7648 0.     0.     0.143  0.     0.     0.0759 0.0163 0.     0.
  0.     0.    ]], [0 0],2
3, 29, [29],[[0.     0.     0.0001 0.8272 0.     0.     0.     0.1719 0.     0.
  0.0008 0.    ]], [3],1
8, 17, [17 15],[[0.     0.     0.     0.     0.6831 0.     0.     0.     0.3169 0.
  0.     0.    ]
 [0.     0.     0.     0.     0.0003 0.     0.     0.     0.9997 0.
  0.     0.    ]], [4 8],2
1, 32, [32],[[0.     0.9786 0.0002 0.     0.0002 0.     0.     0.     0.021  0.
  0.     0.    ]], [1],1
9, 10, [10],[[0.     0.     0.     0.0008 0.     0.     0.     0.9004 0.     0.0979
  0.0009 0.    ]], [7],1
5, 16, [16],[[0.     0.     0.     0.     0.     0.9673 0.0077 0.0249 0.     0.
  0.     0.    ]], [5],1
2, 22, [22],[[0.0441 0.     0.     0.0156 0.0001 0.0033 0.9284 0.0084 0.     0.
  0.     0.    ]], [6],1
7, 13, [13],[[0.     0.     0.9987 0.     0.     0.     0.     0.     0.     0.
  0.     0.0013]], [2],1
7, 5, [5],[[0.0045 0.     0.9954 0.     0.     0.     0.     0.     0.     0.
  0.     0.    ]], [2],1
3, 28, [28],[[0.     0.0007 0.     0.9992 0.     0.     0.     0.     0.     0.
  0.     0.    ]], [3],1
0, 21, [21],[[0.9994 0.     0.     0.0002 0.     0.     0.     0.0004 0.     0.
  0.     0.    ]], [0],1
7, 14, [14 13 24 13],[[0.4134 0.     0.     0.     0.     0.0431 0.3326 0.211  0.     0.
  0.     0.    ]
 [0.1862 0.     0.     0.     0.     0.2353 0.5785 0.     0.     0.
  0.     0.    ]
 [0.     0.     0.     0.     0.     0.5244 0.4756 0.     0.     0.
  0.     0.    ]
 [1.     1.     1.     1.     1.     1.     1.     1.     1.     1.
  1.     1.    ]], [0 6 5 6],4
0, 14, [14],[[0.0025 0.     0.0005 0.0002 0.     0.9952 0.0006 0.0009 0.     0.
  0.     0.    ]], [5],1
1, 10, [10],[[0. 1. 0. 0. 0. 0. 0. 0. 0. 0. 0. 0.]], [1],1
0, 32, [32],[[0.9889 0.     0.     0.0004 0.     0.0005 0.0001 0.0063 0.     0.0033
  0.0002 0.0003]], [0],1
2, 4, [4],[[0. 0. 1. 0. 0. 0. 0. 0. 0. 0. 0. 0.]], [2],1
8, 8, [8 3],[[0.     0.     0.     0.     0.5167 0.     0.     0.     0.4833 0.
  0.     0.    ]
 [0.     0.     0.     0.     0.9936 0.     0.     0.     0.0064 0.
  0.     0.    ]], [4 4],2
3, 4, [4],[[0. 0. 0. 0. 0. 0. 0. 1. 0. 0. 0. 0.]], [7],1
11, 13, [13],[[0.     0.     0.0001 0.     0.     0.     0.     0.     0.     0.
  0.     0.9999]], [11],1
0, 7, [ 7 13 24 13 24 13 24],[[0.     0.     0.5259 0.     0.     0.121  0.0633 0.2898 0.     0.
  0.     0.    ]
 [0.     0.     0.     0.     0.     0.1616 0.4208 0.4175 0.     0.
  0.     0.    ]
 [0.     0.     0.     0.     0.     0.     0.6579 0.3421 0.     0.
  0.     0.    ]
 [0.     0.     0.     0.     0.     0.     0.502  0.498  0.     0.
  0.     0.    ]
 [0.     0.     0.     0.     0.     0.     0.6579 0.3421 0.     0.
  0.     0.    ]
 [0.     0.     0.     0.     0.     0.     0.502  0.498  0.     0.
  0.     0.    ]
 [1.     1.     1.     1.     1.     1.     1.     1.     1.     1.
  1.     1.    ]], [2 6 6 6 6 6 6],7
9, 19, [19],[[0.     0.     0.     0.     0.     0.     0.     0.     0.     0.9999
  0.     0.    ]], [9],1
9, 13, [13],[[0.     0.     0.     0.     0.     0.0021 0.     0.     0.     0.9979
  0.     0.    ]], [9],1
10, 15, [15 30],[[0.     0.     0.     0.     0.     0.     0.     0.     0.     0.
  0.6496 0.3504]
 [0.     0.     0.     0.     0.     0.     0.     0.     0.     0.
  1.     0.    ]], [10 10],2
10, 24, [24],[[0.     0.     0.     0.     0.     0.     0.     0.     0.     0.0003
  0.1048 0.8949]], [11],1
7, 16, [16],[[0.0025 0.     0.     0.     0.     0.0002 0.     0.9972 0.     0.
  0.     0.    ]], [7],1
0, 3, [3],[[0.0011 0.     0.0005 0.     0.     0.9978 0.0002 0.0003 0.     0.
  0.     0.    ]], [5],1
1, 18, [18],[[0.     0.9997 0.     0.     0.0001 0.     0.     0.     0.0001 0.
  0.     0.0001]], [1],1
1, 14, [14],[[0.     0.9998 0.     0.     0.0001 0.     0.     0.     0.0001 0.
  0.     0.    ]], [1],1
6, 15, [15],[[0. 0. 0. 0. 0. 0. 1. 0. 0. 0. 0. 0.]], [6],1
9, 4, [4],[[0.     0.     0.     0.     0.     0.     0.0014 0.     0.     0.9986
  0.     0.    ]], [9],1
4, 7, [ 7 15],[[0.     0.     0.     0.     0.6932 0.     0.     0.     0.3068 0.
  0.     0.    ]
 [0.     0.     0.     0.     0.9998 0.     0.     0.     0.0002 0.
  0.     0.    ]], [4 4],2
2, 3, [3],[[0.0893 0.     0.0129 0.0273 0.     0.7459 0.0642 0.0605 0.     0.
  0.     0.    ]], [5],1
4, 16, [16],[[0.     0.0004 0.     0.     0.9975 0.     0.     0.     0.0021 0.
  0.     0.    ]], [4],1
0, 15, [15],[[0.0002 0.     0.     0.0012 0.     0.8425 0.     0.1561 0.     0.
  0.     0.    ]], [5],1
5, 22, [22],[[0.0002 0.0004 0.     0.9966 0.     0.     0.0003 0.0025 0.     0.
  0.     0.    ]], [3],1
4, 25, [25],[[0.     0.012  0.     0.     0.8673 0.     0.     0.     0.1206 0.
  0.     0.    ]], [4],1
10, 28, [28],[[0. 0. 0. 0. 0. 0. 0. 0. 0. 0. 1. 0.]], [10],1
6, 2, [2],[[0. 0. 0. 0. 0. 0. 0. 0. 0. 0. 0. 1.]], [11],1
6, 21, [21],[[0.     0.     0.     0.     0.     0.     0.9999 0.     0.     0.
  0.     0.    ]], [6],1
2, 19, [19],[[0.0004 0.     0.     0.9851 0.0001 0.0049 0.     0.0053 0.004  0.
  0.     0.    ]], [3],1
7, 32, [32],[[0.0009 0.     0.     0.0036 0.     0.     0.     0.9954 0.     0.0001
  0.     0.    ]], [7],1
1, 22, [22],[[0.     0.9999 0.     0.     0.     0.     0.     0.     0.     0.
  0.     0.    ]], [1],1
11, 9, [9],[[0.0022 0.     0.9972 0.     0.     0.     0.0005 0.0001 0.     0.
  0.     0.    ]], [2],1
5, 24, [24 13 24 13 24 13 24],[[0.2698 0.     0.     0.2239 0.     0.     0.3144 0.1919 0.     0.
  0.     0.    ]
 [0.3345 0.     0.     0.253  0.     0.     0.2201 0.1925 0.     0.
  0.     0.    ]
 [0.2698 0.     0.     0.2239 0.     0.     0.3144 0.1919 0.     0.
  0.     0.    ]
 [0.3345 0.     0.     0.253  0.     0.     0.2201 0.1925 0.     0.
  0.     0.    ]
 [0.2698 0.     0.     0.2239 0.     0.     0.3144 0.1919 0.     0.
  0.     0.    ]
 [0.3345 0.     0.     0.253  0.     0.     0.2201 0.1925 0.     0.
  0.     0.    ]
 [1.     1.     1.     1.     1.     1.     1.     1.     1.     1.
  1.     1.    ]], [6 0 6 0 6 0 6],7
0, 31, [31],[[0.     0.     0.0501 0.0001 0.     0.0077 0.8445 0.0975 0.     0.
  0.     0.    ]], [6],1
3, 1, [1],[[0.     0.     0.     0.9995 0.     0.0004 0.     0.     0.     0.
  0.     0.    ]], [3],1
6, 6, [6],[[0.0023 0.     0.0001 0.     0.     0.9851 0.0023 0.0103 0.     0.
  0.     0.    ]], [5],1
9, 1, [1],[[0. 0. 0. 0. 0. 0. 0. 0. 0. 1. 0. 0.]], [9],1
9, 2, [2],[[0. 0. 0. 0. 0. 0. 0. 0. 0. 1. 0. 0.]], [9],1
5, 12, [12],[[0.0001 0.     0.     0.     0.     0.9962 0.0003 0.0034 0.     0.
  0.     0.    ]], [5],1
5, 28, [28],[[0.0001 0.     0.8897 0.     0.     0.1098 0.0003 0.0002 0.     0.
  0.     0.    ]], [2],1
5, 2, [ 2 13 24 13 24 13 24],[[0.2397 0.     0.     0.2832 0.     0.     0.3145 0.1626 0.     0.
  0.     0.    ]
 [0.3345 0.     0.     0.253  0.     0.     0.2201 0.1925 0.     0.
  0.     0.    ]
 [0.2698 0.     0.     0.2239 0.     0.     0.3144 0.1919 0.     0.
  0.     0.    ]
 [0.3345 0.     0.     0.253  0.     0.     0.2201 0.1925 0.     0.
  0.     0.    ]
 [0.2698 0.     0.     0.2239 0.     0.     0.3144 0.1919 0.     0.
  0.     0.    ]
 [0.3345 0.     0.     0.253  0.     0.     0.2201 0.1925 0.     0.
  0.     0.    ]
 [1.     1.     1.     1.     1.     1.     1.     1.     1.     1.
  1.     1.    ]], [6 0 6 0 6 0 6],7
5, 32, [32],[[0.0002 0.     0.     0.     0.     0.0012 0.     0.0139 0.     0.9847
  0.     0.    ]], [9],1
9, 7, [7],[[0. 0. 0. 0. 0. 0. 0. 0. 0. 1. 0. 0.]], [9],1
0, 23, [23 13 24 13 24 13 24],[[0.3117 0.     0.     0.1996 0.     0.0424 0.2418 0.2045 0.     0.
  0.     0.    ]
 [0.2273 0.     0.     0.196  0.     0.0932 0.2427 0.2408 0.     0.
  0.     0.    ]
 [0.3431 0.     0.     0.2601 0.     0.     0.261  0.1357 0.     0.
  0.     0.    ]
 [0.2507 0.     0.     0.2162 0.     0.     0.2676 0.2655 0.     0.
  0.     0.    ]
 [0.3431 0.     0.     0.2601 0.     0.     0.261  0.1357 0.     0.
  0.     0.    ]
 [0.2507 0.     0.     0.2162 0.     0.     0.2676 0.2655 0.     0.
  0.     0.    ]
 [1.     1.     1.     1.     1.     1.     1.     1.     1.     1.
  1.     1.    ]], [0 6 0 6 0 6 0],7
1, 9, [9],[[0.     0.9999 0.     0.     0.     0.     0.     0.     0.     0.
  0.     0.    ]], [1],1
2, 15, [15],[[0. 0. 1. 0. 0. 0. 0. 0. 0. 0. 0. 0.]], [2],1
11, 28, [28],[[0. 0. 0. 0. 0. 0. 0. 0. 0. 0. 0. 1.]], [11],1
11, 8, [8],[[0. 0. 0. 0. 0. 0. 0. 0. 0. 1. 0. 0.]], [9],1
11, 10, [10],[[0. 0. 0. 0. 0. 0. 0. 0. 0. 0. 0. 1.]], [11],1
10, 18, [18],[[0. 0. 0. 0. 0. 0. 0. 0. 0. 0. 1. 0.]], [10],1
3, 21, [21],[[0.     0.     0.     0.9972 0.     0.     0.     0.0028 0.     0.
  0.     0.    ]], [3],1
6, 25, [25],[[0.     0.     0.     0.     0.     0.9992 0.0007 0.0001 0.     0.
  0.     0.    ]], [5],1
4, 14, [14  3],[[0.     0.     0.     0.     0.5034 0.     0.     0.     0.4966 0.
  0.     0.    ]
 [0.     0.     0.     0.     0.7631 0.     0.     0.     0.2369 0.
  0.     0.    ]], [4 4],2
2, 28, [28],[[0. 0. 1. 0. 0. 0. 0. 0. 0. 0. 0. 0.]], [2],1
6, 30, [30],[[0.0001 0.     0.     0.     0.     0.9995 0.0002 0.0002 0.     0.
  0.     0.    ]], [5],1
10, 31, [31],[[0.     0.     0.0001 0.     0.0111 0.     0.     0.0001 0.8977 0.
  0.0909 0.    ]], [8],1
10, 20, [20],[[0. 0. 0. 0. 0. 0. 0. 0. 0. 0. 1. 0.]], [10],1
11, 30, [30],[[0.     0.     0.     0.     0.     0.     0.     0.     0.     0.203
  0.0004 0.7966]], [11],1
8, 16, [16],[[0.     0.     0.     0.     0.0001 0.     0.     0.     0.9997 0.
  0.0002 0.    ]], [8],1
2, 21, [21],[[0. 0. 1. 0. 0. 0. 0. 0. 0. 0. 0. 0.]], [2],1
9, 9, [9],[[0. 0. 0. 0. 0. 0. 0. 0. 0. 1. 0. 0.]], [9],1
6, 3, [3],[[0.     0.     0.     0.     0.002  0.     0.     0.     0.     0.
  0.9976 0.0004]], [10],1
10, 19, [19],[[0. 0. 0. 0. 0. 0. 0. 0. 0. 0. 1. 0.]], [10],1
1, 29, [29],[[0. 1. 0. 0. 0. 0. 0. 0. 0. 0. 0. 0.]], [1],1
6, 12, [12 13 24 13],[[0.1633 0.     0.     0.     0.     0.     0.5874 0.2493 0.     0.
  0.     0.    ]
 [0.5148 0.     0.     0.     0.     0.     0.3872 0.098  0.     0.
  0.     0.    ]
 [0.     0.     0.     0.     0.     0.     0.333  0.667  0.     0.
  0.     0.    ]
 [0.     0.     0.     0.     0.     0.     0.798  0.202  0.     0.
  0.     0.    ]], [6 0 7 6],4
1, 26, [26],[[0.     0.8693 0.     0.     0.1305 0.     0.     0.     0.0002 0.
  0.     0.    ]], [1],1
5, 13, [13  3 13 24 13 24 13],[[0.1366 0.     0.     0.1034 0.     0.5914 0.0899 0.0786 0.     0.
  0.     0.    ]
 [0.2245 0.     0.     0.257  0.     0.     0.2818 0.2367 0.     0.
  0.     0.    ]
 [0.3345 0.     0.     0.253  0.     0.     0.2201 0.1925 0.     0.
  0.     0.    ]
 [0.2698 0.     0.     0.2239 0.     0.     0.3144 0.1919 0.     0.
  0.     0.    ]
 [0.3345 0.     0.     0.253  0.     0.     0.2201 0.1925 0.     0.
  0.     0.    ]
 [0.2698 0.     0.     0.2239 0.     0.     0.3144 0.1919 0.     0.
  0.     0.    ]
 [1.     1.     1.     1.     1.     1.     1.     1.     1.     1.
  1.     1.    ]], [5 6 0 6 0 6 0],7
8, 15, [15],[[0.     0.     0.0001 0.     0.0002 0.     0.     0.0001 0.7864 0.
  0.2132 0.    ]], [8],1
1, 23, [23],[[0.     0.9989 0.     0.0006 0.     0.     0.     0.0002 0.0001 0.
  0.     0.0001]], [1],1
9, 30, [30],[[0. 0. 0. 0. 0. 0. 0. 0. 0. 0. 0. 1.]], [11],1
5, 8, [8],[[0.0002 0.     0.     0.     0.     0.9994 0.0002 0.0003 0.     0.
  0.     0.    ]], [5],1
3, 15, [15],[[0. 0. 0. 1. 0. 0. 0. 0. 0. 0. 0. 0.]], [3],1
0, 1, [ 1 13 24 13 24 13 24],[[0.259  0.     0.1288 0.2892 0.     0.     0.1356 0.1873 0.     0.
  0.     0.    ]
 [0.2507 0.     0.     0.2162 0.     0.     0.2676 0.2655 0.     0.
  0.     0.    ]
 [0.3431 0.     0.     0.2601 0.     0.     0.261  0.1357 0.     0.
  0.     0.    ]
 [0.2507 0.     0.     0.2162 0.     0.     0.2676 0.2655 0.     0.
  0.     0.    ]
 [0.3431 0.     0.     0.2601 0.     0.     0.261  0.1357 0.     0.
  0.     0.    ]
 [0.2507 0.     0.     0.2162 0.     0.     0.2676 0.2655 0.     0.
  0.     0.    ]
 [1.     1.     1.     1.     1.     1.     1.     1.     1.     1.
  1.     1.    ]], [3 6 0 6 0 6 0],7
4, 26, [26],[[0. 0. 0. 0. 1. 0. 0. 0. 0. 0. 0. 0.]], [4],1
2, 1, [1],[[0.8409 0.     0.0337 0.0039 0.     0.0002 0.0434 0.0779 0.     0.
  0.     0.    ]], [0],1
0, 24, [24 13 24 13 24 13 24],[[0.3431 0.     0.     0.2601 0.     0.     0.261  0.1357 0.     0.
  0.     0.    ]
 [0.2507 0.     0.     0.2162 0.     0.     0.2676 0.2655 0.     0.
  0.     0.    ]
 [0.3431 0.     0.     0.2601 0.     0.     0.261  0.1357 0.     0.
  0.     0.    ]
 [0.2507 0.     0.     0.2162 0.     0.     0.2676 0.2655 0.     0.
  0.     0.    ]
 [0.3431 0.     0.     0.2601 0.     0.     0.261  0.1357 0.     0.
  0.     0.    ]
 [0.2507 0.     0.     0.2162 0.     0.     0.2676 0.2655 0.     0.
  0.     0.    ]
 [1.     1.     1.     1.     1.     1.     1.     1.     1.     1.
  1.     1.    ]], [0 6 0 6 0 6 0],7
10, 32, [32 13],[[0.     0.     0.     0.     0.     0.     0.6462 0.0676 0.     0.2862
  0.     0.    ]
 [0.     0.     0.     0.     0.     0.     0.0005 0.0544 0.     0.9451
  0.     0.    ]], [6 9],2
1, 27, [27],[[0. 1. 0. 0. 0. 0. 0. 0. 0. 0. 0. 0.]], [1],1
3, 25, [25],[[0.1265 0.0298 0.     0.0094 0.0002 0.0001 0.0014 0.     0.0064 0.8262
  0.     0.    ]], [9],1
7, 30, [30 13],[[0.0898 0.     0.1208 0.     0.     0.1789 0.2523 0.3581 0.     0.
  0.     0.    ]
 [0.     0.     1.     0.     0.     0.     0.     0.     0.     0.
  0.     0.    ]], [7 2],2
4, 19, [19],[[0.     0.     0.     0.     0.2248 0.0001 0.     0.     0.7751 0.
  0.     0.    ]], [8],1
11, 29, [29],[[0.     0.     0.     0.     0.0001 0.     0.     0.     0.     0.
  0.9999 0.    ]], [10],1
1, 2, [2],[[0.     0.9998 0.     0.0001 0.     0.     0.     0.0001 0.     0.
  0.     0.    ]], [1],1
2, 27, [27],[[0. 0. 1. 0. 0. 0. 0. 0. 0. 0. 0. 0.]], [2],1
0, 6, [ 6 13 24 13 24 13 24],[[0.171  0.     0.     0.0483 0.     0.0534 0.0863 0.641  0.     0.
  0.     0.    ]
 [0.2273 0.     0.     0.196  0.     0.0932 0.2427 0.2408 0.     0.
  0.     0.    ]
 [0.3431 0.     0.     0.2601 0.     0.     0.261  0.1357 0.     0.
  0.     0.    ]
 [0.2507 0.     0.     0.2162 0.     0.     0.2676 0.2655 0.     0.
  0.     0.    ]
 [0.3431 0.     0.     0.2601 0.     0.     0.261  0.1357 0.     0.
  0.     0.    ]
 [0.2507 0.     0.     0.2162 0.     0.     0.2676 0.2655 0.     0.
  0.     0.    ]
 [1.     1.     1.     1.     1.     1.     1.     1.     1.     1.
  1.     1.    ]], [7 6 0 6 0 6 0],7
2, 13, [13  3],[[0.2093 0.     0.     0.2147 0.     0.3744 0.0934 0.1081 0.     0.
  0.     0.    ]
 [0.0904 0.     0.     0.0276 0.     0.7556 0.065  0.0613 0.     0.
  0.     0.    ]], [5 5],2
0, 27, [27],[[0.1554 0.     0.     0.7789 0.     0.0011 0.0291 0.0355 0.     0.
  0.     0.    ]], [3],1
4, 20, [20  3],[[0.     0.     0.     0.     0.6371 0.     0.     0.     0.3629 0.
  0.     0.    ]
 [0.     0.     0.     0.     0.7631 0.     0.     0.     0.2369 0.
  0.     0.    ]], [4 4],2
4, 10, [10],[[0. 1. 0. 0. 0. 0. 0. 0. 0. 0. 0. 0.]], [1],1
2, 20, [20],[[0. 0. 0. 0. 0. 0. 0. 0. 0. 1. 0. 0.]], [9],1
5, 23, [23 13 24 13 24 13 24],[[0.2946 0.     0.     0.1684 0.     0.     0.2471 0.2899 0.     0.
  0.     0.    ]
 [0.3345 0.     0.     0.253  0.     0.     0.2201 0.1925 0.     0.
  0.     0.    ]
 [0.2698 0.     0.     0.2239 0.     0.     0.3144 0.1919 0.     0.
  0.     0.    ]
 [0.3345 0.     0.     0.253  0.     0.     0.2201 0.1925 0.     0.
  0.     0.    ]
 [0.2698 0.     0.     0.2239 0.     0.     0.3144 0.1919 0.     0.
  0.     0.    ]
 [0.3345 0.     0.     0.253  0.     0.     0.2201 0.1925 0.     0.
  0.     0.    ]
 [1.     1.     1.     1.     1.     1.     1.     1.     1.     1.
  1.     1.    ]], [0 0 6 0 6 0 6],7
3, 32, [32],[[0.0003 0.     0.0003 0.2081 0.     0.     0.     0.7909 0.     0.0001
  0.0003 0.    ]], [7],1
8, 20, [20],[[0.     0.9741 0.     0.     0.0172 0.     0.     0.     0.0085 0.
  0.     0.0001]], [1],1
7, 9, [9],[[0. 0. 1. 0. 0. 0. 0. 0. 0. 0. 0. 0.]], [2],1
0, 18, [18 13 24 13 24 13 24],[[0.1808 0.     0.089  0.0415 0.     0.5613 0.0603 0.0671 0.     0.
  0.     0.    ]
 [0.2273 0.     0.     0.196  0.     0.0932 0.2427 0.2408 0.     0.
  0.     0.    ]
 [0.3431 0.     0.     0.2601 0.     0.     0.261  0.1357 0.     0.
  0.     0.    ]
 [0.2507 0.     0.     0.2162 0.     0.     0.2676 0.2655 0.     0.
  0.     0.    ]
 [0.3431 0.     0.     0.2601 0.     0.     0.261  0.1357 0.     0.
  0.     0.    ]
 [0.2507 0.     0.     0.2162 0.     0.     0.2676 0.2655 0.     0.
  0.     0.    ]
 [1.     1.     1.     1.     1.     1.     1.     1.     1.     1.
  1.     1.    ]], [5 6 0 6 0 6 0],7
11, 31, [31],[[0. 0. 0. 0. 0. 0. 0. 0. 0. 0. 0. 1.]], [11],1
1, 31, [31],[[0. 1. 0. 0. 0. 0. 0. 0. 0. 0. 0. 0.]], [1],1
2, 2, [ 2  3 13  3 13  3 13],[[0.2453 0.     0.     0.5236 0.     0.     0.1005 0.1306 0.     0.
  0.     0.    ]
 [0.3701 0.     0.     0.1131 0.     0.     0.2661 0.2507 0.     0.
  0.     0.    ]
 [0.3346 0.     0.     0.3433 0.     0.     0.1493 0.1728 0.     0.
  0.     0.    ]
 [0.3701 0.     0.     0.1131 0.     0.     0.2661 0.2507 0.     0.
  0.     0.    ]
 [0.3346 0.     0.     0.3433 0.     0.     0.1493 0.1728 0.     0.
  0.     0.    ]
 [0.3701 0.     0.     0.1131 0.     0.     0.2661 0.2507 0.     0.
  0.     0.    ]
 [1.     1.     1.     1.     1.     1.     1.     1.     1.     1.
  1.     1.    ]], [3 0 3 0 3 0 3],7
9, 8, [8],[[0. 0. 0. 0. 0. 0. 0. 0. 0. 1. 0. 0.]], [9],1
10, 23, [23],[[0.     0.     0.     0.     0.0003 0.     0.     0.     0.     0.
  0.9997 0.    ]], [10],1
9, 5, [5],[[0. 0. 0. 0. 0. 0. 0. 0. 0. 1. 0. 0.]], [9],1
1, 12, [12],[[0.     0.9997 0.     0.     0.0001 0.     0.     0.     0.0001 0.
  0.     0.    ]], [1],1
3, 3, [3],[[0.     0.     0.     0.     0.9981 0.     0.     0.     0.0002 0.
  0.0017 0.    ]], [4],1
0, 28, [28],[[0.     0.0023 0.     0.9977 0.     0.     0.     0.     0.     0.
  0.     0.    ]], [3],1
7, 19, [19],[[0.0015 0.     0.0051 0.     0.     0.0034 0.1422 0.8478 0.     0.
  0.     0.    ]], [7],1
11, 17, [17],[[0. 0. 0. 0. 0. 0. 0. 0. 0. 0. 0. 1.]], [11],1
4, 3, [3],[[0.     0.     0.     0.     0.7124 0.     0.     0.0001 0.2211 0.
  0.0664 0.    ]], [4],1
1, 6, [6],[[0.     0.9998 0.     0.     0.     0.     0.     0.     0.0001 0.
  0.     0.    ]], [1],1
6, 24, [24],[[0.     0.     0.     0.     0.     0.     0.     0.     0.     0.0002
  0.1167 0.8832]], [11],1
10, 29, [29],[[0.     0.     0.     0.     0.     0.     0.     0.     0.     0.
  0.9967 0.0032]], [10],1
2, 23, [23],[[0. 0. 1. 0. 0. 0. 0. 0. 0. 0. 0. 0.]], [2],1
6, 28, [28],[[0.9998 0.     0.     0.     0.     0.     0.0002 0.     0.     0.
  0.     0.    ]], [0],1
2, 8, [8],[[0.0011 0.9948 0.     0.0026 0.     0.0002 0.     0.     0.     0.0012
  0.     0.0001]], [1],1
4, 11, [11  3],[[0.     0.     0.     0.     0.5588 0.     0.     0.     0.4412 0.
  0.     0.    ]
 [0.     0.     0.     0.     0.7631 0.     0.     0.     0.2369 0.
  0.     0.    ]], [4 4],2
3, 13, [13],[[0. 0. 1. 0. 0. 0. 0. 0. 0. 0. 0. 0.]], [2],1
8, 21, [21],[[0. 0. 0. 0. 0. 0. 0. 0. 1. 0. 0. 0.]], [8],1
0, 16, [16],[[0.     0.     0.     0.     0.     0.0008 0.     0.9981 0.     0.0011
  0.     0.    ]], [7],1
11, 21, [21],[[0.     0.     0.     0.     0.     0.     0.     0.     0.     0.
  0.0001 0.9999]], [11],1
0, 8, [8],[[0.0002 0.     0.     0.     0.     0.9994 0.0001 0.0004 0.     0.
  0.     0.    ]], [5],1
6, 27, [27],[[0.     0.     0.0004 0.     0.     0.0001 0.9466 0.     0.     0.
  0.     0.0529]], [6],1
7, 18, [18],[[0.0075 0.     0.9921 0.0001 0.     0.     0.0001 0.0001 0.     0.
  0.     0.    ]], [2],1
8, 13, [13],[[0. 0. 1. 0. 0. 0. 0. 0. 0. 0. 0. 0.]], [2],1
8, 3, [ 3 15],[[0.    0.    0.    0.    0.    0.    0.    0.    0.    0.    0.377 0.623]
 [0.    0.    0.    0.    0.    0.    0.    0.    0.    0.    1.    0.   ]], [11 10],2
7, 2, [2],[[0.     0.     0.0002 0.     0.0001 0.     0.     0.     0.     0.0013
  0.059  0.9395]], [11],1
8, 30, [30],[[0.     0.     0.     0.     0.1961 0.0014 0.     0.     0.8024 0.
  0.0001 0.    ]], [8],1
2, 14, [14 13  3 13  3 13  3],[[0.2734 0.     0.0506 0.296  0.     0.     0.1289 0.251  0.     0.
  0.     0.    ]
 [0.3346 0.     0.     0.3433 0.     0.     0.1493 0.1728 0.     0.
  0.     0.    ]
 [0.3701 0.     0.     0.1131 0.     0.     0.2661 0.2507 0.     0.
  0.     0.    ]
 [0.3346 0.     0.     0.3433 0.     0.     0.1493 0.1728 0.     0.
  0.     0.    ]
 [0.3701 0.     0.     0.1131 0.     0.     0.2661 0.2507 0.     0.
  0.     0.    ]
 [0.3346 0.     0.     0.3433 0.     0.     0.1493 0.1728 0.     0.
  0.     0.    ]
 [1.     1.     1.     1.     1.     1.     1.     1.     1.     1.
  1.     1.    ]], [3 3 0 3 0 3 0],7
5, 27, [27],[[0.     0.     0.     0.     0.     0.999  0.0009 0.     0.     0.
  0.     0.    ]], [5],1
10, 14, [14],[[0. 0. 0. 0. 0. 0. 0. 0. 0. 0. 1. 0.]], [10],1
2, 5, [5],[[0.0042 0.     0.     0.0002 0.     0.9952 0.0002 0.0001 0.     0.0001
  0.     0.    ]], [5],1
0, 26, [26],[[0.     0.     0.     0.9999 0.     0.     0.     0.0001 0.     0.
  0.     0.    ]], [3],1
11, 16, [16],[[0.     0.     0.0001 0.     0.     0.     0.     0.     0.     0.0001
  0.0326 0.9672]], [11],1
5, 11, [11 13  3 13 24 13 24],[[0.4207 0.     0.1726 0.1098 0.     0.1098 0.1127 0.0745 0.     0.
  0.     0.    ]
 [0.1366 0.     0.     0.1034 0.     0.5914 0.0899 0.0786 0.     0.
  0.     0.    ]
 [0.2245 0.     0.     0.257  0.     0.     0.2818 0.2367 0.     0.
  0.     0.    ]
 [0.3345 0.     0.     0.253  0.     0.     0.2201 0.1925 0.     0.
  0.     0.    ]
 [0.2698 0.     0.     0.2239 0.     0.     0.3144 0.1919 0.     0.
  0.     0.    ]
 [0.3345 0.     0.     0.253  0.     0.     0.2201 0.1925 0.     0.
  0.     0.    ]
 [1.     1.     1.     1.     1.     1.     1.     1.     1.     1.
  1.     1.    ]], [0 5 6 0 6 0 6],7
0, 22, [22],[[0.9253 0.0047 0.0462 0.004  0.0013 0.0008 0.0002 0.     0.005  0.0001
  0.0125 0.    ]], [0],1
6, 4, [4],[[0.     0.     0.     0.     0.     0.     0.8904 0.     0.     0.1096
  0.     0.    ]], [6],1
8, 29, [29],[[0.     0.     0.     0.     0.0001 0.0001 0.     0.     0.9998 0.
  0.     0.    ]], [8],1
11, 23, [23],[[0.     0.     0.0002 0.     0.     0.     0.     0.     0.     0.
  0.     0.9998]], [11],1
1, 19, [19],[[0.     0.9996 0.     0.     0.     0.     0.     0.     0.     0.
  0.     0.0003]], [1],1
5, 15, [15],[[0.0005 0.     0.0001 0.     0.     0.9985 0.0003 0.0006 0.     0.
  0.     0.    ]], [5],1
11, 6, [6],[[0. 0. 0. 0. 0. 0. 0. 0. 0. 0. 0. 1.]], [11],1
8, 5, [5 3],[[0.     0.     0.     0.     0.6414 0.     0.     0.     0.3586 0.
  0.     0.    ]
 [0.     0.     0.     0.     0.9936 0.     0.     0.     0.0064 0.
  0.     0.    ]], [4 4],2
10, 26, [26],[[0. 0. 0. 0. 0. 0. 0. 0. 0. 0. 0. 1.]], [11],1
11, 7, [7],[[0. 0. 0. 0. 0. 0. 0. 0. 0. 0. 1. 0.]], [10],1
10, 9, [9],[[0. 0. 0. 0. 0. 0. 0. 0. 0. 0. 1. 0.]], [10],1
6, 29, [29],[[0.     0.     0.     0.     0.     0.     0.9971 0.     0.     0.0029
  0.     0.    ]], [6],1
8, 9, [9],[[0.0001 0.     0.0006 0.     0.0005 0.     0.0002 0.     0.     0.0002
  0.     0.9983]], [11],1
5, 3, [ 3 13 24 13 24 13 24],[[0.2245 0.     0.     0.257  0.     0.     0.2818 0.2367 0.     0.
  0.     0.    ]
 [0.3345 0.     0.     0.253  0.     0.     0.2201 0.1925 0.     0.
  0.     0.    ]
 [0.2698 0.     0.     0.2239 0.     0.     0.3144 0.1919 0.     0.
  0.     0.    ]
 [0.3345 0.     0.     0.253  0.     0.     0.2201 0.1925 0.     0.
  0.     0.    ]
 [0.2698 0.     0.     0.2239 0.     0.     0.3144 0.1919 0.     0.
  0.     0.    ]
 [0.3345 0.     0.     0.253  0.     0.     0.2201 0.1925 0.     0.
  0.     0.    ]
 [1.     1.     1.     1.     1.     1.     1.     1.     1.     1.
  1.     1.    ]], [6 0 6 0 6 0 6],7
10, 1, [1],[[0.     0.     0.0003 0.     0.0341 0.0001 0.     0.0001 0.2261 0.0001
  0.7392 0.    ]], [10],1
6, 11, [11],[[0. 0. 1. 0. 0. 0. 0. 0. 0. 0. 0. 0.]], [2],1
7, 28, [28],[[0.     0.0009 0.     0.9988 0.     0.     0.0001 0.0002 0.     0.
  0.     0.    ]], [3],1
1, 30, [30],[[0.     0.9998 0.     0.0001 0.     0.     0.     0.     0.     0.
  0.     0.0001]], [1],1
8, 11, [11  3],[[0.     0.     0.     0.     0.4833 0.     0.     0.     0.5167 0.
  0.     0.    ]
 [0.     0.     0.     0.     0.9936 0.     0.     0.     0.0064 0.
  0.     0.    ]], [8 4],2
0, 13, [13 24 13 24 13 24 13],[[0.2273 0.     0.     0.196  0.     0.0932 0.2427 0.2408 0.     0.
  0.     0.    ]
 [0.3431 0.     0.     0.2601 0.     0.     0.261  0.1357 0.     0.
  0.     0.    ]
 [0.2507 0.     0.     0.2162 0.     0.     0.2676 0.2655 0.     0.
  0.     0.    ]
 [0.3431 0.     0.     0.2601 0.     0.     0.261  0.1357 0.     0.
  0.     0.    ]
 [0.2507 0.     0.     0.2162 0.     0.     0.2676 0.2655 0.     0.
  0.     0.    ]
 [0.3431 0.     0.     0.2601 0.     0.     0.261  0.1357 0.     0.
  0.     0.    ]
 [1.     1.     1.     1.     1.     1.     1.     1.     1.     1.
  1.     1.    ]], [6 0 6 0 6 0 6],7
2, 10, [10],[[0. 0. 1. 0. 0. 0. 0. 0. 0. 0. 0. 0.]], [2],1
9, 11, [11],[[0. 0. 0. 0. 0. 0. 0. 0. 0. 1. 0. 0.]], [9],1
6, 1, [1],[[0.0007 0.     0.0003 0.     0.     0.9944 0.0005 0.0041 0.     0.
  0.     0.    ]], [5],1
4, 30, [30  3],[[0.     0.     0.     0.     0.3346 0.     0.     0.     0.6654 0.
  0.     0.    ]
 [0.     0.     0.     0.     0.7631 0.     0.     0.     0.2369 0.
  0.     0.    ]], [8 4],2
4, 9, [9 3],[[0.     0.     0.     0.     0.413  0.     0.     0.     0.587  0.
  0.     0.    ]
 [0.     0.     0.     0.     0.7631 0.     0.     0.     0.2369 0.
  0.     0.    ]], [8 4],2
9, 26, [26],[[0.     0.     0.     0.     0.     0.     0.0519 0.     0.     0.9481
  0.     0.    ]], [9],1
6, 26, [26],[[0.     0.     0.     0.     0.     0.0002 0.9998 0.     0.     0.
  0.     0.    ]], [6],1
11, 32, [32],[[0.     0.0003 0.0001 0.0001 0.     0.     0.     0.     0.9994 0.
  0.0001 0.    ]], [8],1
11, 14, [14],[[0. 0. 0. 0. 0. 0. 0. 0. 0. 0. 0. 1.]], [11],1
7, 15, [15],[[0.0617 0.     0.0001 0.0002 0.     0.9005 0.0009 0.0366 0.     0.
  0.     0.    ]], [5],1
11, 5, [5],[[0.     0.     0.0001 0.     0.     0.     0.     0.     0.     0.
  0.     0.9999]], [11],1
1, 5, [5],[[0.     0.9989 0.     0.     0.0009 0.     0.     0.     0.0002 0.
  0.     0.    ]], [1],1
11, 1, [1],[[0. 0. 0. 0. 0. 0. 0. 0. 0. 0. 0. 1.]], [11],1
1, 17, [17],[[0.     0.9983 0.     0.     0.0008 0.     0.     0.     0.0008 0.
  0.     0.0001]], [1],1
3, 17, [17],[[0.0001 0.     0.     0.     0.     0.9994 0.0001 0.0001 0.     0.0003
  0.     0.    ]], [5],1
11, 12, [12],[[0.     0.     0.     0.     0.     0.     0.     0.     0.     0.0003
  0.7256 0.2741]], [10],1
8, 6, [6 3],[[0.     0.     0.     0.     0.5475 0.     0.     0.     0.4525 0.
  0.     0.    ]
 [0.     0.     0.     0.     0.9936 0.     0.     0.     0.0064 0.
  0.     0.    ]], [4 4],2
10, 21, [21],[[0. 0. 0. 0. 0. 0. 0. 0. 0. 0. 1. 0.]], [10],1
0, 4, [4],[[0.9996 0.     0.     0.0001 0.     0.0001 0.     0.0001 0.     0.
  0.     0.    ]], [0],1
3, 2, [2],[[0.     0.0001 0.002  0.     0.9966 0.     0.     0.     0.     0.
  0.     0.0012]], [4],1
2, 32, [32],[[0.     0.0016 0.9952 0.0013 0.     0.     0.0001 0.0002 0.     0.0016
  0.     0.    ]], [2],1
6, 14, [14],[[0.027  0.     0.9707 0.0005 0.     0.     0.0013 0.0005 0.     0.
  0.     0.    ]], [2],1
9, 22, [22],[[0. 0. 0. 0. 0. 0. 0. 0. 0. 1. 0. 0.]], [9],1
9, 17, [17],[[0. 0. 0. 0. 0. 0. 0. 0. 0. 1. 0. 0.]], [9],1
1, 3, [3],[[0.     0.9999 0.     0.     0.     0.     0.     0.     0.     0.
  0.     0.    ]], [1],1
3, 8, [8 3],[[0.5052 0.     0.1064 0.3884 0.     0.     0.     0.     0.     0.
  0.     0.    ]
 [0.0083 0.     0.9804 0.0113 0.     0.     0.     0.     0.     0.
  0.     0.    ]], [0 2],2
8, 4, [4],[[0.     0.0016 0.     0.     0.9416 0.     0.     0.     0.0568 0.
  0.     0.    ]], [4],1
4, 4, [4],[[0.     0.     0.     0.     0.9997 0.     0.     0.     0.0003 0.
  0.     0.    ]], [4],1
3, 31, [31],[[0.     0.     0.     0.9997 0.     0.0003 0.     0.     0.     0.
  0.     0.    ]], [3],1
