11, 2, [2],[[0.     0.     0.0002 0.     0.     0.     0.     0.     0.     0.
  0.     0.9997]], [11],1
10, 6, [6],[[0.0001 0.     0.0002 0.     0.1037 0.0004 0.     0.0001 0.8661 0.0026
  0.0269 0.    ]], [8],1
0, 19, [19],[[0.0033 0.     0.0002 0.0001 0.     0.9941 0.001  0.0013 0.     0.
  0.     0.    ]], [5],1
4, 12, [12],[[0.     0.     0.     0.     0.     0.     0.     0.     0.0002 0.
  0.9998 0.    ]], [10],1
4, 5, [ 5  3 13  3 13  3 13],[[0.     0.     0.     0.     0.5632 0.     0.     0.     0.4368 0.
  0.     0.    ]
 [0.     0.     0.     0.     0.4019 0.     0.     0.     0.5981 0.
  0.     0.    ]
 [0.     0.     0.     0.     0.6267 0.     0.     0.     0.3733 0.
  0.     0.    ]
 [0.     0.     0.     0.     0.4019 0.     0.     0.     0.5981 0.
  0.     0.    ]
 [0.     0.     0.     0.     0.6267 0.     0.     0.     0.3733 0.
  0.     0.    ]
 [0.     0.     0.     0.     0.4019 0.     0.     0.     0.5981 0.
  0.     0.    ]
 [1.     1.     1.     1.     1.     1.     1.     1.     1.     1.
  1.     1.    ]], [4 8 4 8 4 8 4],7
11, 27, [27],[[0. 0. 0. 0. 0. 0. 0. 0. 0. 0. 0. 1.]], [11],1
7, 11, [11],[[0.7563 0.     0.0661 0.1402 0.0001 0.0002 0.0212 0.0159 0.     0.
  0.     0.    ]], [0],1
10, 7, [7],[[0. 0. 0. 0. 0. 0. 0. 0. 0. 0. 1. 0.]], [10],1
0, 2, [ 2 13 24 13 24 13 24],[[0.299  0.     0.     0.2675 0.     0.     0.2852 0.1483 0.     0.
  0.     0.    ]
 [0.2788 0.     0.     0.2375 0.     0.     0.2303 0.2535 0.     0.
  0.     0.    ]
 [0.2641 0.     0.     0.291  0.     0.     0.2391 0.2058 0.     0.
  0.     0.    ]
 [0.2788 0.     0.     0.2375 0.     0.     0.2303 0.2535 0.     0.
  0.     0.    ]
 [0.2641 0.     0.     0.291  0.     0.     0.2391 0.2058 0.     0.
  0.     0.    ]
 [0.2788 0.     0.     0.2375 0.     0.     0.2303 0.2535 0.     0.
  0.     0.    ]
 [1.     1.     1.     1.     1.     1.     1.     1.     1.     1.
  1.     1.    ]], [0 0 3 0 3 0 3],7
8, 18, [18  3 15],[[0.     0.     0.     0.     0.6156 0.     0.     0.     0.3844 0.
  0.     0.    ]
 [0.     0.     0.     0.     0.6124 0.     0.     0.     0.3876 0.
  0.     0.    ]
 [0.     0.     0.     0.     0.     0.     0.     0.     1.     0.
  0.     0.    ]], [4 4 8],3
2, 6, [ 6 13 24 13],[[0.0701 0.     0.     0.     0.     0.     0.2711 0.6588 0.     0.
  0.     0.    ]
 [0.4572 0.     0.     0.     0.     0.     0.4567 0.0861 0.     0.
  0.     0.    ]
 [0.     0.     0.     0.     0.     0.     0.5152 0.4848 0.     0.
  0.     0.    ]
 [0.     0.     0.     0.     0.     0.     0.8413 0.1587 0.     0.
  0.     0.    ]], [7 0 6 6],4
9, 28, [28],[[0.     0.     0.     0.     0.     0.     0.0586 0.     0.     0.9403
  0.     0.001 ]], [9],1
2, 18, [18],[[0. 0. 1. 0. 0. 0. 0. 0. 0. 0. 0. 0.]], [2],1
4, 29, [29],[[0.     0.     0.     0.     0.9995 0.     0.     0.     0.0005 0.
  0.     0.    ]], [4],1
11, 15, [15],[[0.     0.     0.     0.     0.     0.     0.     0.     0.     0.
  0.0108 0.9892]], [11],1
11, 25, [25],[[0. 0. 0. 0. 0. 0. 0. 0. 0. 0. 0. 1.]], [11],1
7, 20, [20],[[0.002  0.     0.     0.     0.     0.9964 0.0004 0.0012 0.     0.
  0.     0.    ]], [5],1
7, 6, [6],[[0.016  0.     0.     0.0001 0.     0.9777 0.0017 0.0045 0.     0.
  0.     0.    ]], [5],1
4, 6, [6],[[0.     0.     0.     0.     0.0356 0.0051 0.     0.     0.9592 0.
  0.0001 0.    ]], [8],1
6, 9, [9],[[0. 0. 1. 0. 0. 0. 0. 0. 0. 0. 0. 0.]], [2],1
3, 19, [19],[[0.0003 0.     0.     0.9991 0.     0.0001 0.0005 0.     0.     0.
  0.     0.    ]], [3],1
8, 12, [12],[[0.     0.0005 0.     0.     0.8185 0.     0.     0.     0.1809 0.
  0.     0.    ]], [4],1
10, 4, [4],[[0. 0. 0. 0. 0. 0. 0. 0. 0. 0. 1. 0.]], [10],1
5, 14, [14],[[0. 0. 1. 0. 0. 0. 0. 0. 0. 0. 0. 0.]], [2],1
10, 10, [10],[[0. 0. 0. 0. 0. 0. 0. 0. 0. 0. 1. 0.]], [10],1
3, 22, [22],[[0.     0.0001 0.     0.9996 0.     0.0002 0.     0.     0.0001 0.
  0.     0.    ]], [3],1
6, 17, [17],[[0.     0.     0.     0.     0.     0.9963 0.0004 0.0001 0.     0.0032
  0.     0.    ]], [5],1
3, 6, [ 6 13 24 13 24 13 24],[[0.6632 0.     0.2341 0.     0.     0.     0.0417 0.061  0.     0.
  0.     0.    ]
 [0.4131 0.     0.     0.     0.     0.     0.2998 0.2872 0.     0.
  0.     0.    ]
 [0.4581 0.     0.     0.     0.     0.     0.3051 0.2368 0.     0.
  0.     0.    ]
 [0.4131 0.     0.     0.     0.     0.     0.2998 0.2872 0.     0.
  0.     0.    ]
 [0.4581 0.     0.     0.     0.     0.     0.3051 0.2368 0.     0.
  0.     0.    ]
 [0.4131 0.     0.     0.     0.     0.     0.2998 0.2872 0.     0.
  0.     0.    ]
 [1.     1.     1.     1.     1.     1.     1.     1.     1.     1.
  1.     1.    ]], [0 0 0 0 0 0 0],7
0, 29, [29],[[0.9913 0.     0.     0.0019 0.     0.0004 0.0028 0.0036 0.     0.
  0.     0.    ]], [0],1
3, 14, [14],[[0.0003 0.     0.     0.     0.     0.9997 0.     0.     0.     0.
  0.     0.    ]], [5],1
2, 24, [24],[[0.     0.     0.     0.     0.     0.     0.     0.     0.     0.001
  0.1497 0.8493]], [11],1
9, 29, [29],[[0.     0.     0.0002 0.     0.     0.0094 0.     0.0001 0.     0.988
  0.     0.0024]], [9],1
5, 6, [6],[[0.0014 0.     0.     0.     0.     0.9874 0.0011 0.0101 0.     0.
  0.     0.    ]], [5],1
11, 3, [3],[[0. 0. 0. 0. 0. 0. 0. 0. 0. 0. 0. 1.]], [11],1
8, 22, [22  3 15],[[0.     0.     0.     0.     0.4745 0.     0.     0.     0.5255 0.
  0.     0.    ]
 [0.     0.     0.     0.     0.6124 0.     0.     0.     0.3876 0.
  0.     0.    ]
 [0.     0.     0.     0.     0.     0.     0.     0.     1.     0.
  0.     0.    ]], [8 4 8],3
1, 8, [8],[[0.     0.991  0.     0.0001 0.0042 0.     0.     0.0001 0.0045 0.
  0.     0.0002]], [1],1
1, 7, [7],[[0.     0.9998 0.     0.     0.0001 0.     0.     0.     0.     0.
  0.     0.    ]], [1],1
3, 30, [30],[[0.042  0.     0.0001 0.944  0.     0.0006 0.0114 0.0018 0.     0.
  0.     0.    ]], [3],1
2, 11, [11],[[0. 0. 1. 0. 0. 0. 0. 0. 0. 0. 0. 0.]], [2],1
5, 4, [4],[[0.     0.     0.     0.     0.     0.9994 0.0002 0.0002 0.     0.0002
  0.     0.    ]], [5],1
7, 24, [24 13 24 13 24 13 24],[[0.3501 0.     0.     0.255  0.     0.     0.2625 0.1323 0.     0.
  0.     0.    ]
 [0.4024 0.     0.     0.2918 0.     0.     0.1628 0.143  0.     0.
  0.     0.    ]
 [0.3501 0.     0.     0.255  0.     0.     0.2625 0.1323 0.     0.
  0.     0.    ]
 [0.4024 0.     0.     0.2918 0.     0.     0.1628 0.143  0.     0.
  0.     0.    ]
 [0.3501 0.     0.     0.255  0.     0.     0.2625 0.1323 0.     0.
  0.     0.    ]
 [0.4024 0.     0.     0.2918 0.     0.     0.1628 0.143  0.     0.
  0.     0.    ]
 [1.     1.     1.     1.     1.     1.     1.     1.     1.     1.
  1.     1.    ]], [0 0 0 0 0 0 0],7
2, 26, [26],[[0. 0. 1. 0. 0. 0. 0. 0. 0. 0. 0. 0.]], [2],1
5, 19, [19],[[0.     0.     0.     0.     0.     0.9959 0.0008 0.0002 0.     0.0032
  0.     0.    ]], [5],1
7, 8, [8],[[0.0052 0.     0.     0.     0.     0.9835 0.0053 0.0059 0.     0.
  0.     0.    ]], [5],1
4, 17, [17  3 13  3 13  3 13],[[0.     0.     0.     0.     0.464  0.     0.     0.     0.536  0.
  0.     0.    ]
 [0.     0.     0.     0.     0.4019 0.     0.     0.     0.5981 0.
  0.     0.    ]
 [0.     0.     0.     0.     0.6267 0.     0.     0.     0.3733 0.
  0.     0.    ]
 [0.     0.     0.     0.     0.4019 0.     0.     0.     0.5981 0.
  0.     0.    ]
 [0.     0.     0.     0.     0.6267 0.     0.     0.     0.3733 0.
  0.     0.    ]
 [0.     0.     0.     0.     0.4019 0.     0.     0.     0.5981 0.
  0.     0.    ]
 [1.     1.     1.     1.     1.     1.     1.     1.     1.     1.
  1.     1.    ]], [8 8 4 8 4 8 4],7
2, 7, [7],[[0. 0. 1. 0. 0. 0. 0. 0. 0. 0. 0. 0.]], [2],1
3, 16, [16],[[0.     0.     0.     0.9999 0.     0.     0.     0.0001 0.     0.
  0.     0.    ]], [3],1
9, 20, [20],[[0. 0. 0. 0. 0. 0. 0. 0. 0. 1. 0. 0.]], [9],1
6, 8, [8],[[0.0001 0.     0.     0.     0.     0.9996 0.0001 0.0002 0.     0.
  0.     0.    ]], [5],1
4, 27, [27],[[0.     0.0002 0.     0.     0.9995 0.     0.     0.     0.0004 0.
  0.     0.    ]], [4],1
10, 12, [12],[[0. 0. 0. 0. 0. 0. 0. 0. 0. 0. 1. 0.]], [10],1
5, 18, [18],[[0. 0. 1. 0. 0. 0. 0. 0. 0. 0. 0. 0.]], [2],1
9, 16, [16],[[0.     0.     0.     0.     0.     0.9986 0.     0.     0.     0.0013
  0.0001 0.    ]], [5],1
1, 24, [24],[[0.     0.9997 0.     0.0002 0.     0.     0.     0.0001 0.     0.
  0.     0.0001]], [1],1
9, 23, [23],[[0.0112 0.     0.2281 0.0001 0.     0.7161 0.0091 0.0043 0.     0.0311
  0.     0.    ]], [5],1
8, 32, [32],[[0.     0.0012 0.     0.     0.     0.     0.     0.     0.9987 0.
  0.     0.    ]], [8],1
11, 22, [22],[[0.     0.     0.     0.     0.     0.     0.     0.     0.     0.
  0.9642 0.0358]], [10],1
9, 14, [14],[[0. 0. 0. 0. 0. 0. 0. 0. 0. 1. 0. 0.]], [9],1
4, 22, [22  3 13  3 13  3 13],[[0.     0.     0.     0.     0.4867 0.     0.     0.     0.5133 0.
  0.     0.    ]
 [0.     0.     0.     0.     0.4019 0.     0.     0.     0.5981 0.
  0.     0.    ]
 [0.     0.     0.     0.     0.6267 0.     0.     0.     0.3733 0.
  0.     0.    ]
 [0.     0.     0.     0.     0.4019 0.     0.     0.     0.5981 0.
  0.     0.    ]
 [0.     0.     0.     0.     0.6267 0.     0.     0.     0.3733 0.
  0.     0.    ]
 [0.     0.     0.     0.     0.4019 0.     0.     0.     0.5981 0.
  0.     0.    ]
 [1.     1.     1.     1.     1.     1.     1.     1.     1.     1.
  1.     1.    ]], [8 8 4 8 4 8 4],7
11, 26, [26],[[0.     0.     0.     0.     0.     0.     0.0006 0.     0.     0.
  0.     0.9993]], [11],1
11, 11, [11],[[0.     0.     0.0275 0.     0.     0.     0.     0.     0.     0.
  0.     0.9725]], [11],1
7, 22, [22],[[0.0007 0.     0.0001 0.     0.     0.0572 0.0244 0.9177 0.     0.
  0.     0.    ]], [7],1
8, 25, [25  3 15],[[0.     0.     0.     0.     0.473  0.     0.     0.     0.527  0.
  0.     0.    ]
 [0.     0.     0.     0.     0.6124 0.     0.     0.     0.3876 0.
  0.     0.    ]
 [0.     0.     0.     0.     0.     0.     0.     0.     1.     0.
  0.     0.    ]], [8 4 8],3
0, 20, [20],[[0. 0. 0. 0. 0. 0. 0. 0. 0. 1. 0. 0.]], [9],1
8, 27, [27  3],[[0.     0.     0.     0.     0.     0.     0.     0.     0.4274 0.
  0.5726 0.    ]
 [0.     0.     0.     0.     0.     0.     0.     0.     0.9962 0.
  0.0038 0.    ]], [10  8],2
6, 7, [7],[[0.     0.     0.0001 0.9909 0.     0.0061 0.     0.     0.0029 0.
  0.     0.    ]], [3],1
11, 19, [19],[[0. 0. 0. 0. 0. 0. 0. 0. 0. 0. 0. 1.]], [11],1
3, 20, [20],[[0.     0.     0.0009 0.9855 0.0001 0.0135 0.     0.     0.     0.
  0.     0.    ]], [3],1
7, 21, [21],[[0.     0.     0.     0.     0.     0.     0.     0.9999 0.     0.
  0.     0.    ]], [7],1
8, 2, [ 2  3 15],[[0.     0.     0.     0.     0.3175 0.     0.     0.     0.6825 0.
  0.     0.    ]
 [0.     0.     0.     0.     0.6124 0.     0.     0.     0.3876 0.
  0.     0.    ]
 [0.     0.     0.     0.     0.     0.     0.     0.     1.     0.
  0.     0.    ]], [8 4 8],3
9, 25, [25],[[0. 0. 0. 0. 0. 0. 0. 0. 0. 1. 0. 0.]], [9],1
10, 13, [13],[[0.     0.     0.     0.     0.     0.     0.     0.     0.     0.0001
  0.9938 0.006 ]], [10],1
0, 12, [12],[[0.0016 0.     0.0097 0.     0.     0.096  0.0982 0.7945 0.     0.
  0.     0.    ]], [7],1
11, 4, [4],[[0. 0. 0. 0. 0. 0. 0. 0. 0. 0. 0. 1.]], [11],1
3, 11, [11 13 24 13 24 13 24],[[0.1388 0.     0.4605 0.2004 0.     0.     0.0757 0.1246 0.     0.
  0.     0.    ]
 [0.2861 0.     0.     0.3074 0.     0.     0.2076 0.1989 0.     0.
  0.     0.    ]
 [0.3113 0.     0.     0.3205 0.     0.     0.2073 0.1609 0.     0.
  0.     0.    ]
 [0.2861 0.     0.     0.3074 0.     0.     0.2076 0.1989 0.     0.
  0.     0.    ]
 [0.3113 0.     0.     0.3205 0.     0.     0.2073 0.1609 0.     0.
  0.     0.    ]
 [0.2861 0.     0.     0.3074 0.     0.     0.2076 0.1989 0.     0.
  0.     0.    ]
 [1.     1.     1.     1.     1.     1.     1.     1.     1.     1.
  1.     1.    ]], [2 3 3 3 3 3 3],7
6, 32, [32],[[0.     0.     0.     0.     0.     0.9968 0.     0.0003 0.     0.0015
  0.     0.0014]], [5],1
5, 5, [5],[[0.001 0.    0.999 0.    0.    0.    0.    0.    0.    0.    0.    0.   ]], [2],1
9, 6, [6],[[0.     0.     0.     0.     0.     0.     0.     0.     0.     0.0002
  0.9992 0.0006]], [10],1
10, 2, [2],[[0.     0.     0.     0.     0.0775 0.     0.     0.     0.0241 0.
  0.8983 0.    ]], [10],1
1, 1, [1],[[0.     0.9992 0.     0.     0.0003 0.     0.     0.     0.0004 0.
  0.     0.0001]], [1],1
4, 13, [13  3 13  3 13  3 13],[[0.     0.     0.     0.     0.6267 0.     0.     0.     0.3733 0.
  0.     0.    ]
 [0.     0.     0.     0.     0.4019 0.     0.     0.     0.5981 0.
  0.     0.    ]
 [0.     0.     0.     0.     0.6267 0.     0.     0.     0.3733 0.
  0.     0.    ]
 [0.     0.     0.     0.     0.4019 0.     0.     0.     0.5981 0.
  0.     0.    ]
 [0.     0.     0.     0.     0.6267 0.     0.     0.     0.3733 0.
  0.     0.    ]
 [0.     0.     0.     0.     0.4019 0.     0.     0.     0.5981 0.
  0.     0.    ]
 [1.     1.     1.     1.     1.     1.     1.     1.     1.     1.
  1.     1.    ]], [4 8 4 8 4 8 4],7
6, 10, [10],[[0.0002 0.     0.     0.0023 0.     0.0076 0.     0.9898 0.     0.
  0.     0.    ]], [7],1
7, 27, [27],[[0.0004 0.     0.     0.     0.     0.0012 0.     0.9984 0.     0.
  0.     0.    ]], [7],1
5, 31, [31],[[0.0002 0.     0.0005 0.0006 0.     0.0004 0.9809 0.0174 0.     0.
  0.     0.    ]], [6],1
6, 31, [31 13 24 13 24 13 24],[[0.     0.     0.     0.     0.     0.5668 0.371  0.0622 0.     0.
  0.     0.    ]
 [0.     0.     0.     0.     0.     0.3527 0.5691 0.0782 0.     0.
  0.     0.    ]
 [0.     0.     0.     0.     0.     0.226  0.4375 0.3365 0.     0.
  0.     0.    ]
 [0.     0.     0.     0.     0.     0.3527 0.5691 0.0782 0.     0.
  0.     0.    ]
 [0.     0.     0.     0.     0.     0.226  0.4375 0.3365 0.     0.
  0.     0.    ]
 [0.     0.     0.     0.     0.     0.3527 0.5691 0.0782 0.     0.
  0.     0.    ]
 [1.     1.     1.     1.     1.     1.     1.     1.     1.     1.
  1.     1.    ]], [5 6 6 6 6 6 6],7
10, 27, [27],[[0.     0.     0.     0.     0.     0.     0.     0.     0.0001 0.
  0.9998 0.    ]], [10],1
6, 18, [18],[[0.0001 0.     0.9999 0.     0.     0.     0.     0.     0.     0.
  0.     0.    ]], [2],1
10, 8, [8],[[0. 0. 0. 0. 0. 0. 0. 0. 0. 0. 1. 0.]], [10],1
0, 30, [30],[[0.8056 0.     0.0038 0.0001 0.     0.0004 0.0356 0.1546 0.     0.
  0.     0.    ]], [0],1
2, 12, [12],[[0.9566 0.     0.     0.0001 0.     0.0005 0.0036 0.0393 0.     0.
  0.     0.    ]], [0],1
10, 16, [16],[[0. 0. 0. 0. 0. 0. 0. 0. 0. 0. 1. 0.]], [10],1
3, 5, [ 5 13 24 13 24 13 24],[[0.2378 0.     0.1592 0.3218 0.     0.     0.1389 0.1423 0.     0.
  0.     0.    ]
 [0.2861 0.     0.     0.3074 0.     0.     0.2076 0.1989 0.     0.
  0.     0.    ]
 [0.3113 0.     0.     0.3205 0.     0.     0.2073 0.1609 0.     0.
  0.     0.    ]
 [0.2861 0.     0.     0.3074 0.     0.     0.2076 0.1989 0.     0.
  0.     0.    ]
 [0.3113 0.     0.     0.3205 0.     0.     0.2073 0.1609 0.     0.
  0.     0.    ]
 [0.2861 0.     0.     0.3074 0.     0.     0.2076 0.1989 0.     0.
  0.     0.    ]
 [1.     1.     1.     1.     1.     1.     1.     1.     1.     1.
  1.     1.    ]], [3 3 3 3 3 3 3],7
9, 21, [21],[[0. 0. 0. 0. 0. 0. 0. 0. 0. 1. 0. 0.]], [9],1
10, 11, [11],[[0. 0. 0. 0. 0. 0. 0. 0. 0. 0. 1. 0.]], [10],1
4, 8, [ 8  3 13  3 13  3 13],[[0.     0.     0.     0.     0.5669 0.     0.     0.     0.4331 0.
  0.     0.    ]
 [0.     0.     0.     0.     0.4019 0.     0.     0.     0.5981 0.
  0.     0.    ]
 [0.     0.     0.     0.     0.6267 0.     0.     0.     0.3733 0.
  0.     0.    ]
 [0.     0.     0.     0.     0.4019 0.     0.     0.     0.5981 0.
  0.     0.    ]
 [0.     0.     0.     0.     0.6267 0.     0.     0.     0.3733 0.
  0.     0.    ]
 [0.     0.     0.     0.     0.4019 0.     0.     0.     0.5981 0.
  0.     0.    ]
 [1.     1.     1.     1.     1.     1.     1.     1.     1.     1.
  1.     1.    ]], [4 8 4 8 4 8 4],7
5, 29, [29],[[0.     0.     0.     0.     0.     0.9966 0.0019 0.0012 0.     0.0003
  0.     0.    ]], [5],1
4, 32, [32],[[0. 1. 0. 0. 0. 0. 0. 0. 0. 0. 0. 0.]], [1],1
6, 22, [22],[[0.     0.     0.     0.9997 0.     0.0003 0.     0.     0.     0.
  0.     0.    ]], [3],1
8, 14, [14],[[0.     0.9929 0.     0.     0.0051 0.     0.     0.     0.0019 0.
  0.     0.0001]], [1],1
3, 10, [10],[[0. 0. 0. 1. 0. 0. 0. 0. 0. 0. 0. 0.]], [3],1
5, 26, [26],[[0.7739 0.     0.0005 0.     0.     0.2185 0.0012 0.0057 0.     0.0002
  0.     0.    ]], [0],1
6, 23, [23],[[0. 0. 1. 0. 0. 0. 0. 0. 0. 0. 0. 0.]], [2],1
4, 21, [21],[[0.     0.     0.     0.     0.9999 0.     0.     0.     0.     0.
  0.     0.    ]], [4],1
3, 24, [24 13  3 13 24 13 24],[[0.2828 0.     0.     0.2912 0.     0.0916 0.1883 0.1462 0.     0.
  0.     0.    ]
 [0.1858 0.     0.     0.1996 0.     0.3506 0.1348 0.1292 0.     0.
  0.     0.    ]
 [0.3057 0.     0.     0.34   0.     0.     0.164  0.1903 0.     0.
  0.     0.    ]
 [0.2861 0.     0.     0.3074 0.     0.     0.2076 0.1989 0.     0.
  0.     0.    ]
 [0.3113 0.     0.     0.3205 0.     0.     0.2073 0.1609 0.     0.
  0.     0.    ]
 [0.2861 0.     0.     0.3074 0.     0.     0.2076 0.1989 0.     0.
  0.     0.    ]
 [1.     1.     1.     1.     1.     1.     1.     1.     1.     1.
  1.     1.    ]], [3 5 3 3 3 3 3],7
8, 10, [10],[[0.     0.0642 0.     0.     0.     0.     0.     0.     0.9356 0.
  0.0001 0.    ]], [8],1
9, 3, [3],[[0. 0. 0. 0. 0. 0. 0. 0. 0. 1. 0. 0.]], [9],1
9, 27, [27],[[0. 0. 0. 0. 0. 0. 0. 0. 0. 1. 0. 0.]], [9],1
1, 4, [4],[[0. 1. 0. 0. 0. 0. 0. 0. 0. 0. 0. 0.]], [1],1
1, 16, [16],[[0. 1. 0. 0. 0. 0. 0. 0. 0. 0. 0. 0.]], [1],1
10, 3, [ 3 15],[[0.     0.     0.     0.     0.4752 0.     0.     0.     0.2854 0.
  0.2394 0.    ]
 [0.     0.     0.     0.     0.     0.     0.     0.     0.     0.
  1.     0.    ]], [ 4 10],2
1, 21, [21],[[0. 1. 0. 0. 0. 0. 0. 0. 0. 0. 0. 0.]], [1],1
0, 9, [ 9 13  3],[[0.1737 0.     0.     0.165  0.     0.3606 0.1471 0.1536 0.     0.
  0.     0.    ]
 [0.189  0.     0.     0.161  0.     0.322  0.1561 0.1719 0.     0.
  0.     0.    ]
 [0.0056 0.     0.     0.0031 0.     0.9736 0.0058 0.0118 0.     0.
  0.     0.    ]], [5 5 5],3
4, 23, [23  3 13  3 13  3 13],[[0.     0.     0.     0.     0.4733 0.     0.     0.     0.5267 0.
  0.     0.    ]
 [0.     0.     0.     0.     0.4019 0.     0.     0.     0.5981 0.
  0.     0.    ]
 [0.     0.     0.     0.     0.6267 0.     0.     0.     0.3733 0.
  0.     0.    ]
 [0.     0.     0.     0.     0.4019 0.     0.     0.     0.5981 0.
  0.     0.    ]
 [0.     0.     0.     0.     0.6267 0.     0.     0.     0.3733 0.
  0.     0.    ]
 [0.     0.     0.     0.     0.4019 0.     0.     0.     0.5981 0.
  0.     0.    ]
 [1.     1.     1.     1.     1.     1.     1.     1.     1.     1.
  1.     1.    ]], [8 8 4 8 4 8 4],7
7, 31, [31],[[0.     0.     0.0065 0.     0.     0.0006 0.1771 0.8157 0.     0.
  0.     0.    ]], [7],1
4, 18, [18  3 13  3 13  3 13],[[0.     0.     0.     0.     0.3803 0.     0.     0.     0.6197 0.
  0.     0.    ]
 [0.     0.     0.     0.     0.4019 0.     0.     0.     0.5981 0.
  0.     0.    ]
 [0.     0.     0.     0.     0.6267 0.     0.     0.     0.3733 0.
  0.     0.    ]
 [0.     0.     0.     0.     0.4019 0.     0.     0.     0.5981 0.
  0.     0.    ]
 [0.     0.     0.     0.     0.6267 0.     0.     0.     0.3733 0.
  0.     0.    ]
 [0.     0.     0.     0.     0.4019 0.     0.     0.     0.5981 0.
  0.     0.    ]
 [1.     1.     1.     1.     1.     1.     1.     1.     1.     1.
  1.     1.    ]], [8 8 4 8 4 8 4],7
8, 1, [ 1  3 15],[[0.     0.     0.     0.     0.5826 0.     0.     0.     0.4174 0.
  0.     0.    ]
 [0.     0.     0.     0.     0.6124 0.     0.     0.     0.3876 0.
  0.     0.    ]
 [0.     0.     0.     0.     0.     0.     0.     0.     1.     0.
  0.     0.    ]], [4 4 8],3
2, 17, [17],[[0.0044 0.     0.     0.0001 0.     0.9931 0.0007 0.0017 0.     0.
  0.     0.    ]], [5],1
3, 27, [27],[[0. 0. 0. 1. 0. 0. 0. 0. 0. 0. 0. 0.]], [3],1
9, 12, [12],[[0.     0.0001 0.     0.     0.     0.     0.     0.     0.     0.8151
  0.1848 0.    ]], [9],1
3, 12, [12],[[0.    0.    0.    0.997 0.    0.003 0.    0.    0.    0.    0.    0.   ]], [3],1
8, 24, [24],[[0. 0. 0. 0. 0. 0. 0. 0. 0. 0. 1. 0.]], [10],1
1, 13, [13],[[0.     0.9996 0.     0.0002 0.     0.     0.     0.0001 0.     0.
  0.     0.    ]], [1],1
11, 24, [24],[[0.     0.     0.     0.     0.     0.     0.     0.     0.     0.0002
  0.0115 0.9882]], [11],1
3, 7, [7],[[0.     0.     0.0154 0.9781 0.     0.0063 0.     0.     0.0002 0.
  0.     0.    ]], [3],1
6, 16, [16],[[0. 0. 0. 0. 0. 0. 1. 0. 0. 0. 0. 0.]], [6],1
4, 28, [28],[[0. 0. 0. 0. 1. 0. 0. 0. 0. 0. 0. 0.]], [4],1
9, 18, [18],[[0. 0. 0. 0. 0. 0. 0. 0. 0. 1. 0. 0.]], [9],1
10, 5, [5],[[0. 0. 0. 0. 0. 0. 0. 0. 0. 0. 1. 0.]], [10],1
7, 3, [ 3 13 24 13 24 13 24],[[0.2457 0.     0.     0.193  0.     0.     0.2997 0.2616 0.     0.
  0.     0.    ]
 [0.4024 0.     0.     0.2918 0.     0.     0.1628 0.143  0.     0.
  0.     0.    ]
 [0.3501 0.     0.     0.255  0.     0.     0.2625 0.1323 0.     0.
  0.     0.    ]
 [0.4024 0.     0.     0.2918 0.     0.     0.1628 0.143  0.     0.
  0.     0.    ]
 [0.3501 0.     0.     0.255  0.     0.     0.2625 0.1323 0.     0.
  0.     0.    ]
 [0.4024 0.     0.     0.2918 0.     0.     0.1628 0.143  0.     0.
  0.     0.    ]
 [1.     1.     1.     1.     1.     1.     1.     1.     1.     1.
  1.     1.    ]], [6 0 0 0 0 0 0],7
2, 25, [25],[[0. 0. 1. 0. 0. 0. 0. 0. 0. 0. 0. 0.]], [2],1
9, 32, [32],[[0.0007 0.     0.0039 0.0012 0.     0.0003 0.     0.0001 0.     0.
  0.9938 0.    ]], [10],1
10, 17, [17],[[0. 0. 0. 0. 0. 0. 0. 0. 0. 0. 1. 0.]], [10],1
9, 15, [15],[[0. 0. 0. 0. 0. 0. 0. 0. 0. 1. 0. 0.]], [9],1
8, 23, [23  3 15],[[0.     0.     0.     0.     0.4672 0.     0.     0.     0.5328 0.
  0.     0.    ]
 [0.     0.     0.     0.     0.6124 0.     0.     0.     0.3876 0.
  0.     0.    ]
 [0.     0.     0.     0.     0.     0.     0.     0.     1.     0.
  0.     0.    ]], [8 4 8],3
10, 22, [22],[[0.     0.     0.     0.     0.     0.     0.     0.     0.     0.
  0.9077 0.0923]], [10],1
5, 20, [20],[[0.0012 0.     0.0056 0.     0.     0.8645 0.0228 0.1058 0.     0.
  0.     0.    ]], [5],1
1, 11, [11],[[0.     0.9994 0.     0.0001 0.0001 0.     0.     0.0001 0.0002 0.
  0.     0.0003]], [1],1
11, 20, [20],[[0. 0. 0. 0. 0. 0. 0. 0. 0. 0. 0. 1.]], [11],1
5, 9, [9],[[0.     0.     0.9937 0.     0.     0.     0.     0.     0.     0.
  0.     0.0063]], [2],1
2, 29, [29],[[0. 0. 1. 0. 0. 0. 0. 0. 0. 0. 0. 0.]], [2],1
8, 7, [7],[[0.     0.0013 0.     0.     0.831  0.     0.     0.     0.1676 0.
  0.     0.    ]], [4],1
7, 12, [12],[[0.0049 0.     0.0004 0.     0.     0.9684 0.0114 0.0149 0.     0.
  0.     0.    ]], [5],1
6, 19, [19],[[0.9995 0.     0.     0.     0.     0.0003 0.     0.0002 0.     0.
  0.     0.    ]], [0],1
3, 23, [23 13 24 13 24 13 24],[[0.2931 0.     0.     0.194  0.     0.     0.2216 0.2914 0.     0.
  0.     0.    ]
 [0.2861 0.     0.     0.3074 0.     0.     0.2076 0.1989 0.     0.
  0.     0.    ]
 [0.3113 0.     0.     0.3205 0.     0.     0.2073 0.1609 0.     0.
  0.     0.    ]
 [0.2861 0.     0.     0.3074 0.     0.     0.2076 0.1989 0.     0.
  0.     0.    ]
 [0.3113 0.     0.     0.3205 0.     0.     0.2073 0.1609 0.     0.
  0.     0.    ]
 [0.2861 0.     0.     0.3074 0.     0.     0.2076 0.1989 0.     0.
  0.     0.    ]
 [1.     1.     1.     1.     1.     1.     1.     1.     1.     1.
  1.     1.    ]], [0 3 3 3 3 3 3],7
7, 4, [4],[[0.     0.     0.     0.     0.     0.9153 0.043  0.0225 0.     0.0192
  0.     0.    ]], [5],1
5, 21, [21],[[0.0001 0.     0.     0.     0.     0.9661 0.     0.0338 0.     0.
  0.     0.    ]], [5],1
6, 5, [5],[[0.0002 0.     0.9998 0.     0.     0.     0.     0.     0.     0.
  0.     0.    ]], [2],1
5, 1, [1],[[0.     0.     0.     0.     0.     0.9972 0.0014 0.     0.     0.0014
  0.     0.    ]], [5],1
2, 30, [30],[[0.0115 0.     0.0176 0.     0.     0.7927 0.0441 0.1339 0.     0.
  0.     0.    ]], [5],1
5, 7, [7],[[0.0877 0.     0.0504 0.0005 0.0003 0.0071 0.8236 0.0105 0.0003 0.
  0.     0.0196]], [6],1
7, 25, [25 13 24 13 24 13 24],[[0.6868 0.     0.     0.     0.     0.     0.1052 0.208  0.     0.
  0.     0.    ]
 [0.5681 0.     0.     0.     0.     0.     0.2299 0.202  0.     0.
  0.     0.    ]
 [0.4699 0.     0.     0.     0.     0.     0.3524 0.1776 0.     0.
  0.     0.    ]
 [0.5681 0.     0.     0.     0.     0.     0.2299 0.202  0.     0.
  0.     0.    ]
 [0.4699 0.     0.     0.     0.     0.     0.3524 0.1776 0.     0.
  0.     0.    ]
 [0.5681 0.     0.     0.     0.     0.     0.2299 0.202  0.     0.
  0.     0.    ]
 [1.     1.     1.     1.     1.     1.     1.     1.     1.     1.
  1.     1.    ]], [0 0 0 0 0 0 0],7
5, 10, [10],[[0.     0.     0.     0.     0.     0.9965 0.     0.0015 0.     0.0015
  0.0004 0.0001]], [5],1
5, 25, [25],[[0.     0.     0.     0.     0.     0.0017 0.0003 0.     0.     0.998
  0.     0.    ]], [9],1
4, 1, [ 1  3 13  3 13  3 13],[[0.     0.     0.     0.     0.5106 0.     0.     0.     0.4894 0.
  0.     0.    ]
 [0.     0.     0.     0.     0.4019 0.     0.     0.     0.5981 0.
  0.     0.    ]
 [0.     0.     0.     0.     0.6267 0.     0.     0.     0.3733 0.
  0.     0.    ]
 [0.     0.     0.     0.     0.4019 0.     0.     0.     0.5981 0.
  0.     0.    ]
 [0.     0.     0.     0.     0.6267 0.     0.     0.     0.3733 0.
  0.     0.    ]
 [0.     0.     0.     0.     0.4019 0.     0.     0.     0.5981 0.
  0.     0.    ]
 [1.     1.     1.     1.     1.     1.     1.     1.     1.     1.
  1.     1.    ]], [4 8 4 8 4 8 4],7
5, 17, [17],[[0.0011 0.     0.0003 0.     0.     0.9925 0.0016 0.0045 0.     0.
  0.     0.    ]], [5],1
6, 20, [20 13 24 13],[[0.148  0.     0.     0.     0.     0.     0.1638 0.6882 0.     0.
  0.     0.    ]
 [0.4829 0.     0.     0.     0.     0.     0.4546 0.0625 0.     0.
  0.     0.    ]
 [0.     0.     0.     0.     0.     0.     0.5653 0.4347 0.     0.
  0.     0.    ]
 [0.     0.     0.     0.     0.     0.     0.8792 0.1208 0.     0.
  0.     0.    ]], [7 0 6 6],4
1, 28, [28],[[0. 1. 0. 0. 0. 0. 0. 0. 0. 0. 0. 0.]], [1],1
2, 16, [16],[[0. 0. 1. 0. 0. 0. 0. 0. 0. 0. 0. 0.]], [2],1
0, 17, [17 13 24 13 24 13 24],[[0.2644 0.     0.     0.491  0.     0.     0.0776 0.167  0.     0.
  0.     0.    ]
 [0.2788 0.     0.     0.2375 0.     0.     0.2303 0.2535 0.     0.
  0.     0.    ]
 [0.2641 0.     0.     0.291  0.     0.     0.2391 0.2058 0.     0.
  0.     0.    ]
 [0.2788 0.     0.     0.2375 0.     0.     0.2303 0.2535 0.     0.
  0.     0.    ]
 [0.2641 0.     0.     0.291  0.     0.     0.2391 0.2058 0.     0.
  0.     0.    ]
 [0.2788 0.     0.     0.2375 0.     0.     0.2303 0.2535 0.     0.
  0.     0.    ]
 [1.     1.     1.     1.     1.     1.     1.     1.     1.     1.
  1.     1.    ]], [3 0 3 0 3 0 3],7
11, 18, [18],[[0.     0.     0.     0.     0.     0.     0.     0.     0.     0.0003
  0.0001 0.9996]], [11],1
7, 1, [1],[[0.0125 0.     0.0002 0.0001 0.     0.8827 0.0005 0.0004 0.     0.1036
  0.     0.    ]], [5],1
0, 5, [5],[[0.0001 0.     0.     0.     0.     0.9995 0.     0.     0.     0.0003
  0.     0.    ]], [5],1
7, 23, [23 13  3 13 24 13 24],[[0.288  0.     0.     0.2213 0.     0.0265 0.1948 0.2694 0.     0.
  0.     0.    ]
 [0.128  0.     0.     0.0928 0.     0.6818 0.0518 0.0455 0.     0.
  0.     0.    ]
 [0.2457 0.     0.     0.193  0.     0.     0.2997 0.2616 0.     0.
  0.     0.    ]
 [0.4024 0.     0.     0.2918 0.     0.     0.1628 0.143  0.     0.
  0.     0.    ]
 [0.3501 0.     0.     0.255  0.     0.     0.2625 0.1323 0.     0.
  0.     0.    ]
 [0.4024 0.     0.     0.2918 0.     0.     0.1628 0.143  0.     0.
  0.     0.    ]
 [1.     1.     1.     1.     1.     1.     1.     1.     1.     1.
  1.     1.    ]], [0 5 6 0 0 0 0],7
1, 20, [20],[[0.     0.9996 0.     0.     0.0003 0.     0.     0.     0.0001 0.
  0.     0.    ]], [1],1
4, 24, [24],[[0.     0.     0.     0.     0.7061 0.     0.     0.     0.2872 0.
  0.0067 0.    ]], [4],1
0, 10, [10],[[1. 0. 0. 0. 0. 0. 0. 0. 0. 0. 0. 0.]], [0],1
9, 31, [31],[[0.     0.     0.     0.     0.0009 0.0001 0.0787 0.0007 0.0002 0.7203
  0.     0.1991]], [9],1
2, 31, [31],[[0.0001 0.0219 0.     0.9149 0.0007 0.0026 0.0001 0.0057 0.0539 0.
  0.     0.    ]], [3],1
9, 24, [24],[[0. 0. 0. 0. 0. 0. 0. 0. 0. 1. 0. 0.]], [9],1
3, 29, [29],[[0.     0.     0.     0.9957 0.     0.0002 0.     0.0041 0.     0.
  0.     0.    ]], [3],1
8, 17, [17  3 15],[[0.     0.     0.     0.     0.3612 0.     0.     0.     0.6388 0.
  0.     0.    ]
 [0.     0.     0.     0.     0.6124 0.     0.     0.     0.3876 0.
  0.     0.    ]
 [0.     0.     0.     0.     0.     0.     0.     0.     1.     0.
  0.     0.    ]], [8 4 8],3
1, 32, [32],[[0.     0.8624 0.     0.0001 0.0017 0.     0.     0.0007 0.1351 0.
  0.     0.    ]], [1],1
9, 10, [10],[[0.     0.     0.     0.     0.     0.0006 0.     0.     0.     0.9993
  0.     0.    ]], [9],1
5, 16, [16],[[0.     0.     0.     0.     0.     0.9999 0.     0.     0.     0.
  0.     0.    ]], [5],1
2, 22, [22],[[0. 0. 1. 0. 0. 0. 0. 0. 0. 0. 0. 0.]], [2],1
7, 13, [13  3 13 24 13 24 13],[[0.128  0.     0.     0.0928 0.     0.6818 0.0518 0.0455 0.     0.
  0.     0.    ]
 [0.2457 0.     0.     0.193  0.     0.     0.2997 0.2616 0.     0.
  0.     0.    ]
 [0.4024 0.     0.     0.2918 0.     0.     0.1628 0.143  0.     0.
  0.     0.    ]
 [0.3501 0.     0.     0.255  0.     0.     0.2625 0.1323 0.     0.
  0.     0.    ]
 [0.4024 0.     0.     0.2918 0.     0.     0.1628 0.143  0.     0.
  0.     0.    ]
 [0.3501 0.     0.     0.255  0.     0.     0.2625 0.1323 0.     0.
  0.     0.    ]
 [1.     1.     1.     1.     1.     1.     1.     1.     1.     1.
  1.     1.    ]], [5 6 0 0 0 0 0],7
7, 5, [5],[[0.     0.     0.     0.     0.     0.0013 0.     0.     0.     0.9986
  0.     0.    ]], [9],1
3, 28, [28],[[0.     0.0016 0.     0.9983 0.     0.     0.     0.     0.     0.
  0.     0.    ]], [3],1
0, 21, [21],[[0.9621 0.     0.     0.     0.     0.0001 0.     0.0378 0.     0.
  0.     0.    ]], [0],1
7, 14, [14 13],[[0.0888 0.     0.     0.     0.     0.1784 0.2736 0.4593 0.     0.
  0.     0.    ]
 [0.1411 0.     0.     0.     0.     0.7516 0.0571 0.0502 0.     0.
  0.     0.    ]], [7 5],2
0, 14, [14],[[0.0006 0.     0.0001 0.     0.     0.9978 0.0004 0.001  0.     0.
  0.     0.    ]], [5],1
1, 10, [10],[[0.     0.9999 0.     0.     0.     0.     0.     0.     0.     0.
  0.     0.    ]], [1],1
0, 32, [32],[[0.9166 0.001  0.     0.0815 0.     0.0002 0.     0.0003 0.0003 0.
  0.     0.    ]], [0],1
2, 4, [4],[[0. 0. 1. 0. 0. 0. 0. 0. 0. 0. 0. 0.]], [2],1
8, 8, [ 8  3 15],[[0.     0.     0.     0.     0.5277 0.     0.     0.     0.4723 0.
  0.     0.    ]
 [0.     0.     0.     0.     0.6124 0.     0.     0.     0.3876 0.
  0.     0.    ]
 [1.     1.     1.     1.     1.     1.     1.     1.     1.     1.
  1.     1.    ]], [4 4 8],3
3, 4, [4],[[0. 0. 0. 1. 0. 0. 0. 0. 0. 0. 0. 0.]], [3],1
11, 13, [13  5],[[0.     0.     0.6493 0.     0.     0.     0.     0.     0.     0.
  0.     0.3507]
 [0.     0.     0.     0.     0.     0.     0.     0.     0.     0.
  0.     1.    ]], [ 2 11],2
0, 7, [7],[[0.003  0.     0.     0.     0.     0.863  0.0016 0.0001 0.     0.1323
  0.     0.    ]], [5],1
9, 19, [19],[[0. 0. 0. 0. 0. 0. 0. 0. 0. 0. 0. 1.]], [11],1
9, 13, [13 11],[[0.     0.     0.     0.     0.     0.2909 0.     0.0692 0.     0.6399
  0.     0.    ]
 [0.     0.     0.     0.     0.     0.     0.     0.     0.     1.
  0.     0.    ]], [9 9],2
10, 15, [15],[[0.     0.     0.     0.     0.     0.     0.     0.     0.     0.
  0.9997 0.0003]], [10],1
10, 24, [24],[[0. 0. 0. 0. 0. 0. 0. 0. 0. 0. 0. 1.]], [11],1
7, 16, [16  3],[[0.     0.     0.     0.     0.     0.5598 0.     0.0317 0.     0.
  0.4085 0.    ]
 [0.     0.     0.     0.     0.     0.0526 0.     0.9474 0.     0.
  0.     0.    ]], [5 7],2
0, 3, [3],[[0.0056 0.     0.     0.0031 0.     0.9682 0.0058 0.0117 0.     0.0055
  0.     0.    ]], [5],1
1, 18, [18],[[0.     0.9997 0.     0.     0.0001 0.     0.     0.     0.0001 0.
  0.     0.0001]], [1],1
1, 14, [14],[[0. 1. 0. 0. 0. 0. 0. 0. 0. 0. 0. 0.]], [1],1
6, 15, [15],[[0. 0. 0. 0. 0. 0. 1. 0. 0. 0. 0. 0.]], [6],1
9, 4, [4 3],[[0.     0.     0.     0.     0.     0.6638 0.     0.     0.     0.3362
  0.     0.    ]
 [0.     0.     0.     0.     0.     0.     0.     0.     0.     1.
  0.     0.    ]], [5 9],2
4, 7, [ 7 15],[[0.     0.     0.     0.     0.4329 0.     0.     0.     0.     0.
  0.5671 0.    ]
 [0.     0.     0.     0.     1.     0.     0.     0.     0.     0.
  0.     0.    ]], [10  4],2
2, 3, [3],[[0.     0.     0.0001 0.     0.0047 0.     0.     0.     0.     0.0004
  0.7011 0.2936]], [10],1
4, 16, [16],[[0.     0.9968 0.     0.     0.0032 0.     0.     0.     0.     0.
  0.     0.    ]], [1],1
0, 15, [15],[[0.9897 0.     0.     0.0003 0.     0.0011 0.0005 0.0084 0.     0.
  0.     0.    ]], [0],1
5, 22, [22],[[0.0005 0.     0.     0.     0.     0.9994 0.     0.     0.     0.
  0.     0.    ]], [5],1
4, 25, [25],[[0. 0. 0. 0. 0. 0. 0. 0. 0. 0. 1. 0.]], [10],1
10, 28, [28],[[0.     0.     0.     0.     0.     0.     0.     0.     0.     0.
  0.9999 0.    ]], [10],1
6, 2, [2],[[0.     0.     0.0116 0.     0.0097 0.     0.     0.0001 0.     0.0272
  0.0078 0.9435]], [11],1
6, 21, [21],[[0. 0. 0. 0. 0. 0. 1. 0. 0. 0. 0. 0.]], [6],1
2, 19, [19],[[0.0004 0.     0.0007 0.     0.     0.8919 0.0206 0.0864 0.     0.
  0.     0.    ]], [5],1
7, 32, [32 13],[[0.     0.     0.     0.     0.     0.     0.     0.5531 0.     0.4469
  0.     0.    ]
 [0.     0.     0.     0.     0.     0.     0.     0.9876 0.     0.0124
  0.     0.    ]], [7 7],2
1, 22, [22],[[0.     0.9999 0.     0.     0.     0.     0.     0.     0.     0.
  0.     0.    ]], [1],1
11, 9, [9],[[0.     0.     0.     0.     0.     0.     0.     0.     0.     0.0007
  0.894  0.1053]], [10],1
5, 24, [24],[[0.     0.     0.     0.     0.     0.     0.     0.     0.     0.0001
  0.2193 0.7807]], [11],1
0, 31, [31],[[0.     0.0003 0.     0.9992 0.     0.0002 0.     0.0001 0.0001 0.
  0.     0.    ]], [3],1
3, 1, [1],[[0.0013 0.     0.     0.     0.     0.9975 0.0003 0.     0.     0.0008
  0.     0.    ]], [5],1
6, 6, [6],[[0.0011 0.     0.     0.     0.     0.995  0.0005 0.0033 0.     0.
  0.     0.    ]], [5],1
9, 1, [1],[[0.0001 0.992  0.     0.0001 0.     0.     0.     0.     0.0018 0.0058
  0.     0.0001]], [1],1
9, 2, [2],[[0. 0. 0. 0. 0. 0. 0. 0. 0. 1. 0. 0.]], [9],1
5, 12, [12],[[0.     0.     0.     0.     0.     0.1    0.0012 0.     0.     0.8987
  0.     0.    ]], [9],1
5, 28, [28],[[0.     0.     0.0001 0.     0.     0.9963 0.0036 0.     0.     0.
  0.     0.    ]], [5],1
5, 2, [2],[[0.     0.0002 0.0064 0.     0.9897 0.     0.     0.     0.     0.0001
  0.     0.0035]], [4],1
5, 32, [32],[[0.121  0.     0.     0.     0.     0.7921 0.     0.0336 0.     0.0075
  0.0038 0.0418]], [5],1
9, 7, [7],[[0. 0. 0. 0. 0. 0. 0. 0. 0. 1. 0. 0.]], [9],1
0, 23, [23 13  3],[[0.2676 0.     0.     0.2081 0.     0.034  0.2389 0.2515 0.     0.
  0.     0.    ]
 [0.189  0.     0.     0.161  0.     0.322  0.1561 0.1719 0.     0.
  0.     0.    ]
 [0.0056 0.     0.     0.0031 0.     0.9736 0.0058 0.0118 0.     0.
  0.     0.    ]], [0 5 5],3
1, 9, [9],[[0.     0.9999 0.     0.     0.     0.     0.     0.     0.     0.
  0.     0.    ]], [1],1
2, 15, [15],[[0. 0. 1. 0. 0. 0. 0. 0. 0. 0. 0. 0.]], [2],1
11, 28, [28],[[0. 0. 0. 0. 0. 0. 0. 0. 0. 0. 0. 1.]], [11],1
11, 8, [8],[[0. 0. 0. 0. 0. 0. 0. 0. 0. 0. 0. 1.]], [11],1
11, 10, [10],[[0. 0. 0. 0. 0. 0. 0. 0. 0. 0. 0. 1.]], [11],1
10, 18, [18],[[0.     0.     0.     0.     0.8627 0.     0.     0.0001 0.1214 0.
  0.0158 0.    ]], [4],1
3, 21, [21],[[0.     0.     0.     0.9996 0.     0.     0.     0.0004 0.     0.
  0.     0.    ]], [3],1
6, 25, [25  3 13  3 13  3 13],[[0.5494 0.     0.     0.     0.     0.4506 0.     0.     0.     0.
  0.     0.    ]
 [0.49   0.     0.     0.     0.     0.51   0.     0.     0.     0.
  0.     0.    ]
 [0.6315 0.     0.     0.     0.     0.3685 0.     0.     0.     0.
  0.     0.    ]
 [0.49   0.     0.     0.     0.     0.51   0.     0.     0.     0.
  0.     0.    ]
 [0.6315 0.     0.     0.     0.     0.3685 0.     0.     0.     0.
  0.     0.    ]
 [0.49   0.     0.     0.     0.     0.51   0.     0.     0.     0.
  0.     0.    ]
 [1.     1.     1.     1.     1.     1.     1.     1.     1.     1.
  1.     1.    ]], [0 5 0 5 0 5 0],7
4, 14, [14  3 13  3 13  3 13],[[0.     0.     0.     0.     0.5178 0.     0.     0.     0.4822 0.
  0.     0.    ]
 [0.     0.     0.     0.     0.4019 0.     0.     0.     0.5981 0.
  0.     0.    ]
 [0.     0.     0.     0.     0.6267 0.     0.     0.     0.3733 0.
  0.     0.    ]
 [0.     0.     0.     0.     0.4019 0.     0.     0.     0.5981 0.
  0.     0.    ]
 [0.     0.     0.     0.     0.6267 0.     0.     0.     0.3733 0.
  0.     0.    ]
 [0.     0.     0.     0.     0.4019 0.     0.     0.     0.5981 0.
  0.     0.    ]
 [1.     1.     1.     1.     1.     1.     1.     1.     1.     1.
  1.     1.    ]], [4 8 4 8 4 8 4],7
2, 28, [28],[[0. 0. 1. 0. 0. 0. 0. 0. 0. 0. 0. 0.]], [2],1
6, 30, [30],[[0.     0.     0.     0.     0.     0.     0.0004 0.     0.     0.9994
  0.     0.0001]], [9],1
10, 31, [31],[[0.     0.     0.0001 0.     0.0021 0.     0.     0.0001 0.8879 0.
  0.1098 0.    ]], [8],1
10, 20, [20],[[0. 0. 0. 0. 0. 0. 0. 0. 0. 0. 1. 0.]], [10],1
11, 30, [30],[[0. 0. 0. 0. 0. 0. 0. 0. 0. 0. 0. 1.]], [11],1
8, 16, [16],[[0.     0.001  0.     0.     0.     0.     0.     0.     0.9987 0.
  0.0002 0.    ]], [8],1
2, 21, [21],[[0. 0. 1. 0. 0. 0. 0. 0. 0. 0. 0. 0.]], [2],1
9, 9, [9],[[0. 0. 0. 0. 0. 0. 0. 0. 0. 1. 0. 0.]], [9],1
6, 3, [3],[[0.     0.9986 0.     0.001  0.     0.     0.     0.0002 0.     0.
  0.     0.0002]], [1],1
10, 19, [19],[[0. 0. 0. 0. 0. 0. 0. 0. 0. 0. 1. 0.]], [10],1
1, 29, [29],[[0.     0.9999 0.     0.     0.     0.     0.     0.     0.     0.
  0.     0.    ]], [1],1
6, 12, [12 13 24 13],[[0.3708 0.     0.     0.     0.     0.     0.2417 0.3876 0.     0.
  0.     0.    ]
 [0.4829 0.     0.     0.     0.     0.     0.4546 0.0625 0.     0.
  0.     0.    ]
 [0.     0.     0.     0.     0.     0.     0.5653 0.4347 0.     0.
  0.     0.    ]
 [0.     0.     0.     0.     0.     0.     0.8792 0.1208 0.     0.
  0.     0.    ]], [7 0 6 6],4
1, 26, [26],[[0. 1. 0. 0. 0. 0. 0. 0. 0. 0. 0. 0.]], [1],1
5, 13, [13],[[0.     0.     0.9035 0.     0.     0.     0.     0.     0.     0.
  0.     0.0965]], [2],1
8, 15, [15],[[0.     0.0116 0.0002 0.0005 0.     0.0002 0.     0.     0.9844 0.
  0.0031 0.    ]], [8],1
1, 23, [23],[[0.     0.9994 0.     0.0003 0.     0.     0.     0.0001 0.0001 0.
  0.     0.0001]], [1],1
9, 30, [30 15],[[0.     0.     0.     0.     0.     0.     0.     0.     0.     0.4353
  0.5647 0.    ]
 [0.     0.     0.     0.     0.     0.     0.     0.     0.     1.
  0.     0.    ]], [10  9],2
5, 8, [8],[[0.708  0.     0.2718 0.0005 0.     0.0001 0.009  0.0106 0.     0.
  0.     0.    ]], [0],1
3, 15, [15],[[0.     0.     0.     0.9999 0.     0.     0.     0.0001 0.     0.
  0.     0.    ]], [3],1
0, 1, [ 1 13 24 13 24 13 24],[[0.2845 0.     0.     0.2738 0.     0.     0.1578 0.2839 0.     0.
  0.     0.    ]
 [0.2788 0.     0.     0.2375 0.     0.     0.2303 0.2535 0.     0.
  0.     0.    ]
 [0.2641 0.     0.     0.291  0.     0.     0.2391 0.2058 0.     0.
  0.     0.    ]
 [0.2788 0.     0.     0.2375 0.     0.     0.2303 0.2535 0.     0.
  0.     0.    ]
 [0.2641 0.     0.     0.291  0.     0.     0.2391 0.2058 0.     0.
  0.     0.    ]
 [0.2788 0.     0.     0.2375 0.     0.     0.2303 0.2535 0.     0.
  0.     0.    ]
 [1.     1.     1.     1.     1.     1.     1.     1.     1.     1.
  1.     1.    ]], [0 0 3 0 3 0 3],7
4, 26, [26],[[0.     0.     0.0003 0.     0.0278 0.     0.     0.0008 0.039  0.
  0.9321 0.    ]], [10],1
2, 1, [ 1 13],[[0.     0.     0.4788 0.     0.     0.     0.108  0.4133 0.     0.
  0.     0.    ]
 [0.     0.     1.     0.     0.     0.     0.     0.     0.     0.
  0.     0.    ]], [2 2],2
0, 24, [24 13  3],[[0.2505 0.     0.     0.276  0.     0.0514 0.2268 0.1953 0.     0.
  0.     0.    ]
 [0.189  0.     0.     0.161  0.     0.322  0.1561 0.1719 0.     0.
  0.     0.    ]
 [0.0056 0.     0.     0.0031 0.     0.9736 0.0058 0.0118 0.     0.
  0.     0.    ]], [3 5 5],3
10, 32, [32],[[0.     0.     0.     0.     0.     0.9884 0.     0.0001 0.     0.
  0.0115 0.    ]], [5],1
1, 27, [27],[[0. 1. 0. 0. 0. 0. 0. 0. 0. 0. 0. 0.]], [1],1
3, 25, [25],[[0.     0.     0.     0.9995 0.     0.0005 0.     0.     0.     0.
  0.     0.    ]], [3],1
7, 30, [30],[[0.0004 0.     0.9856 0.0003 0.     0.     0.006  0.0077 0.     0.
  0.     0.    ]], [2],1
4, 19, [19],[[0.     0.0012 0.     0.     0.8313 0.     0.     0.     0.1674 0.
  0.     0.    ]], [4],1
11, 29, [29],[[0.     0.     0.     0.     0.     0.     0.     0.     0.     0.
  0.9989 0.0011]], [10],1
1, 2, [2],[[0.     0.9998 0.     0.     0.     0.     0.     0.0001 0.     0.
  0.     0.    ]], [1],1
2, 27, [27],[[0. 0. 1. 0. 0. 0. 0. 0. 0. 0. 0. 0.]], [2],1
0, 6, [6],[[0.     0.     0.     0.     0.     0.9997 0.0002 0.     0.     0.
  0.     0.    ]], [5],1
2, 13, [13],[[0. 0. 1. 0. 0. 0. 0. 0. 0. 0. 0. 0.]], [2],1
0, 27, [27],[[0.0004 0.     0.     0.     0.     0.9995 0.     0.0001 0.     0.
  0.     0.    ]], [5],1
4, 20, [20],[[0.     0.9992 0.     0.     0.0006 0.     0.     0.     0.0002 0.
  0.     0.    ]], [1],1
4, 10, [10],[[0.     0.     0.     0.     0.9959 0.     0.     0.     0.004  0.
  0.     0.    ]], [4],1
2, 20, [20],[[0.0001 0.     0.9802 0.     0.     0.0001 0.0039 0.0156 0.     0.
  0.     0.    ]], [2],1
5, 23, [23],[[0. 0. 1. 0. 0. 0. 0. 0. 0. 0. 0. 0.]], [2],1
3, 32, [32],[[0.0007 0.     0.     0.9786 0.     0.     0.     0.0198 0.     0.
  0.0008 0.    ]], [3],1
8, 20, [20],[[0.     0.0133 0.     0.     0.7979 0.     0.     0.     0.1794 0.
  0.0094 0.    ]], [4],1
7, 9, [9],[[0.0009 0.     0.0001 0.0001 0.     0.997  0.0007 0.0012 0.     0.
  0.     0.    ]], [5],1
0, 18, [18 13 24 13 24 13 24],[[0.2247 0.     0.2971 0.2501 0.     0.     0.0976 0.1306 0.     0.
  0.     0.    ]
 [0.2788 0.     0.     0.2375 0.     0.     0.2303 0.2535 0.     0.
  0.     0.    ]
 [0.2641 0.     0.     0.291  0.     0.     0.2391 0.2058 0.     0.
  0.     0.    ]
 [0.2788 0.     0.     0.2375 0.     0.     0.2303 0.2535 0.     0.
  0.     0.    ]
 [0.2641 0.     0.     0.291  0.     0.     0.2391 0.2058 0.     0.
  0.     0.    ]
 [0.2788 0.     0.     0.2375 0.     0.     0.2303 0.2535 0.     0.
  0.     0.    ]
 [1.     1.     1.     1.     1.     1.     1.     1.     1.     1.
  1.     1.    ]], [2 0 3 0 3 0 3],7
11, 31, [31  3],[[0.     0.     0.     0.312  0.     0.3732 0.0962 0.     0.     0.
  0.     0.2187]
 [0.     0.     0.     0.     0.     0.     0.     0.     0.     0.
  0.     1.    ]], [ 5 11],2
1, 31, [31],[[0.     0.9999 0.     0.     0.     0.     0.     0.     0.     0.
  0.     0.    ]], [1],1
2, 2, [2],[[0.     0.     0.     0.     0.     0.     0.     0.     0.     0.0002
  0.0001 0.9997]], [11],1
9, 8, [8],[[0. 0. 0. 0. 0. 0. 0. 0. 0. 1. 0. 0.]], [9],1
10, 23, [23],[[0. 0. 0. 0. 0. 0. 0. 0. 0. 1. 0. 0.]], [9],1
9, 5, [5],[[0. 0. 0. 0. 0. 0. 0. 0. 0. 1. 0. 0.]], [9],1
1, 12, [12],[[0. 1. 0. 0. 0. 0. 0. 0. 0. 0. 0. 0.]], [1],1
3, 3, [ 3 13 24 13 24 13 24],[[0.3057 0.     0.     0.34   0.     0.     0.164  0.1903 0.     0.
  0.     0.    ]
 [0.2861 0.     0.     0.3074 0.     0.     0.2076 0.1989 0.     0.
  0.     0.    ]
 [0.3113 0.     0.     0.3205 0.     0.     0.2073 0.1609 0.     0.
  0.     0.    ]
 [0.2861 0.     0.     0.3074 0.     0.     0.2076 0.1989 0.     0.
  0.     0.    ]
 [0.3113 0.     0.     0.3205 0.     0.     0.2073 0.1609 0.     0.
  0.     0.    ]
 [0.2861 0.     0.     0.3074 0.     0.     0.2076 0.1989 0.     0.
  0.     0.    ]
 [1.     1.     1.     1.     1.     1.     1.     1.     1.     1.
  1.     1.    ]], [3 3 3 3 3 3 3],7
0, 28, [28],[[0.0042 0.     0.     0.9949 0.     0.     0.     0.0009 0.     0.
  0.     0.    ]], [3],1
7, 19, [19],[[0.0376 0.     0.0001 0.     0.     0.0033 0.1636 0.7953 0.     0.
  0.     0.    ]], [7],1
11, 17, [17],[[0. 0. 0. 0. 0. 0. 0. 0. 0. 0. 0. 1.]], [11],1
4, 3, [ 3 13  3 13  3 13  3],[[0.     0.     0.     0.     0.4019 0.     0.     0.     0.5981 0.
  0.     0.    ]
 [0.     0.     0.     0.     0.6267 0.     0.     0.     0.3733 0.
  0.     0.    ]
 [0.     0.     0.     0.     0.4019 0.     0.     0.     0.5981 0.
  0.     0.    ]
 [0.     0.     0.     0.     0.6267 0.     0.     0.     0.3733 0.
  0.     0.    ]
 [0.     0.     0.     0.     0.4019 0.     0.     0.     0.5981 0.
  0.     0.    ]
 [0.     0.     0.     0.     0.6267 0.     0.     0.     0.3733 0.
  0.     0.    ]
 [1.     1.     1.     1.     1.     1.     1.     1.     1.     1.
  1.     1.    ]], [8 4 8 4 8 4 8],7
1, 6, [6],[[0.     0.9998 0.     0.     0.     0.     0.     0.     0.0001 0.
  0.     0.    ]], [1],1
6, 24, [24],[[0.     0.     0.     0.     0.     0.     0.     0.     0.     0.0003
  0.0404 0.9593]], [11],1
10, 29, [29],[[0. 0. 0. 0. 0. 0. 0. 0. 0. 0. 1. 0.]], [10],1
2, 23, [23],[[0. 0. 1. 0. 0. 0. 0. 0. 0. 0. 0. 0.]], [2],1
6, 28, [28],[[0.0465 0.     0.0001 0.     0.     0.     0.9534 0.     0.     0.
  0.     0.    ]], [6],1
2, 8, [8],[[0.0001 0.     0.     0.     0.     0.9999 0.     0.     0.     0.
  0.     0.    ]], [5],1
4, 11, [11  3 13  3 13  3 13],[[0.     0.     0.     0.     0.5759 0.     0.     0.     0.4241 0.
  0.     0.    ]
 [0.     0.     0.     0.     0.4019 0.     0.     0.     0.5981 0.
  0.     0.    ]
 [0.     0.     0.     0.     0.6267 0.     0.     0.     0.3733 0.
  0.     0.    ]
 [0.     0.     0.     0.     0.4019 0.     0.     0.     0.5981 0.
  0.     0.    ]
 [0.     0.     0.     0.     0.6267 0.     0.     0.     0.3733 0.
  0.     0.    ]
 [0.     0.     0.     0.     0.4019 0.     0.     0.     0.5981 0.
  0.     0.    ]
 [1.     1.     1.     1.     1.     1.     1.     1.     1.     1.
  1.     1.    ]], [4 8 4 8 4 8 4],7
3, 13, [13  3 13 24 13 24 13],[[0.1858 0.     0.     0.1996 0.     0.3506 0.1348 0.1292 0.     0.
  0.     0.    ]
 [0.3057 0.     0.     0.34   0.     0.     0.164  0.1903 0.     0.
  0.     0.    ]
 [0.2861 0.     0.     0.3074 0.     0.     0.2076 0.1989 0.     0.
  0.     0.    ]
 [0.3113 0.     0.     0.3205 0.     0.     0.2073 0.1609 0.     0.
  0.     0.    ]
 [0.2861 0.     0.     0.3074 0.     0.     0.2076 0.1989 0.     0.
  0.     0.    ]
 [0.3113 0.     0.     0.3205 0.     0.     0.2073 0.1609 0.     0.
  0.     0.    ]
 [1.     1.     1.     1.     1.     1.     1.     1.     1.     1.
  1.     1.    ]], [5 3 3 3 3 3 3],7
8, 21, [21],[[0. 0. 0. 0. 0. 0. 0. 0. 1. 0. 0. 0.]], [8],1
0, 16, [16 13 24 13 24 13 24],[[0.4362 0.     0.     0.     0.     0.     0.     0.5638 0.     0.
  0.     0.    ]
 [0.5237 0.     0.     0.     0.     0.     0.     0.4763 0.     0.
  0.     0.    ]
 [0.562  0.     0.     0.     0.     0.     0.     0.438  0.     0.
  0.     0.    ]
 [0.5237 0.     0.     0.     0.     0.     0.     0.4763 0.     0.
  0.     0.    ]
 [0.562  0.     0.     0.     0.     0.     0.     0.438  0.     0.
  0.     0.    ]
 [0.5237 0.     0.     0.     0.     0.     0.     0.4763 0.     0.
  0.     0.    ]
 [1.     1.     1.     1.     1.     1.     1.     1.     1.     1.
  1.     1.    ]], [7 0 0 0 0 0 0],7
11, 21, [21],[[0. 0. 0. 0. 0. 0. 0. 0. 0. 0. 0. 1.]], [11],1
0, 8, [ 8 13 24 13 24 13 24],[[0.2572 0.     0.1037 0.4206 0.     0.     0.076  0.1426 0.     0.
  0.     0.    ]
 [0.2788 0.     0.     0.2375 0.     0.     0.2303 0.2535 0.     0.
  0.     0.    ]
 [0.2641 0.     0.     0.291  0.     0.     0.2391 0.2058 0.     0.
  0.     0.    ]
 [0.2788 0.     0.     0.2375 0.     0.     0.2303 0.2535 0.     0.
  0.     0.    ]
 [0.2641 0.     0.     0.291  0.     0.     0.2391 0.2058 0.     0.
  0.     0.    ]
 [0.2788 0.     0.     0.2375 0.     0.     0.2303 0.2535 0.     0.
  0.     0.    ]
 [1.     1.     1.     1.     1.     1.     1.     1.     1.     1.
  1.     1.    ]], [3 0 3 0 3 0 3],7
6, 27, [27],[[0.     0.     0.0001 0.     0.     0.0001 0.9928 0.     0.     0.
  0.     0.007 ]], [6],1
7, 18, [18],[[0.     0.9998 0.     0.     0.     0.     0.     0.     0.0001 0.
  0.     0.0001]], [1],1
8, 13, [13 15],[[0.    0.    0.    0.    0.702 0.    0.    0.    0.298 0.    0.    0.   ]
 [0.    0.    0.    0.    0.    0.    0.    0.    1.    0.    0.    0.   ]], [4 8],2
8, 3, [ 3 15],[[0.     0.     0.     0.     0.6124 0.     0.     0.     0.3876 0.
  0.     0.    ]
 [0.     0.     0.     0.     0.     0.     0.     0.     1.     0.
  0.     0.    ]], [4 8],2
7, 2, [ 2 13 24 13 24 13 24],[[0.2894 0.     0.     0.2136 0.     0.     0.3211 0.1759 0.     0.
  0.     0.    ]
 [0.4024 0.     0.     0.2918 0.     0.     0.1628 0.143  0.     0.
  0.     0.    ]
 [0.3501 0.     0.     0.255  0.     0.     0.2625 0.1323 0.     0.
  0.     0.    ]
 [0.4024 0.     0.     0.2918 0.     0.     0.1628 0.143  0.     0.
  0.     0.    ]
 [0.3501 0.     0.     0.255  0.     0.     0.2625 0.1323 0.     0.
  0.     0.    ]
 [0.4024 0.     0.     0.2918 0.     0.     0.1628 0.143  0.     0.
  0.     0.    ]
 [1.     1.     1.     1.     1.     1.     1.     1.     1.     1.
  1.     1.    ]], [6 0 0 0 0 0 0],7
8, 30, [30],[[0.     0.     0.     0.     0.1025 0.0007 0.     0.     0.8966 0.
  0.0001 0.    ]], [8],1
2, 14, [14],[[0.0002 0.     0.9997 0.     0.     0.     0.     0.     0.     0.
  0.     0.    ]], [2],1
5, 27, [27],[[0.     0.     0.     0.     0.     0.9988 0.0011 0.0001 0.     0.
  0.     0.    ]], [5],1
10, 14, [14],[[0. 0. 0. 0. 0. 0. 0. 0. 0. 0. 1. 0.]], [10],1
2, 5, [5],[[0. 0. 1. 0. 0. 0. 0. 0. 0. 0. 0. 0.]], [2],1
0, 26, [26],[[0.     0.     0.     0.9993 0.     0.     0.     0.0007 0.     0.
  0.     0.    ]], [3],1
11, 16, [16],[[0. 0. 0. 0. 0. 0. 0. 0. 0. 0. 0. 1.]], [11],1
5, 11, [11],[[0.0157 0.     0.9825 0.     0.     0.0001 0.0011 0.0005 0.     0.
  0.     0.    ]], [2],1
0, 22, [22],[[0.9998 0.     0.     0.     0.     0.     0.     0.0002 0.     0.
  0.     0.    ]], [0],1
6, 4, [4],[[0.     0.     0.     0.     0.     0.0001 0.7938 0.     0.     0.2061
  0.     0.    ]], [6],1
8, 29, [29],[[0.     0.     0.     0.     0.     0.     0.     0.     0.9999 0.
  0.     0.    ]], [8],1
11, 23, [23],[[0.     0.     0.0041 0.     0.     0.     0.     0.     0.     0.
  0.     0.9959]], [11],1
1, 19, [19],[[0.     0.9999 0.     0.     0.     0.     0.     0.     0.     0.
  0.     0.0001]], [1],1
5, 15, [15],[[0.0001 0.     0.     0.     0.     0.9995 0.0001 0.0002 0.     0.
  0.     0.    ]], [5],1
11, 6, [6],[[0. 0. 0. 0. 0. 0. 0. 0. 0. 1. 0. 0.]], [9],1
8, 5, [ 5  3 15],[[0.     0.     0.     0.     0.5938 0.     0.     0.     0.4062 0.
  0.     0.    ]
 [0.     0.     0.     0.     0.6124 0.     0.     0.     0.3876 0.
  0.     0.    ]
 [0.     0.     0.     0.     0.     0.     0.     0.     1.     0.
  0.     0.    ]], [4 4 8],3
10, 26, [26],[[0. 0. 0. 0. 0. 0. 0. 0. 0. 0. 0. 1.]], [11],1
11, 7, [7],[[0. 0. 0. 0. 0. 0. 0. 0. 0. 0. 0. 1.]], [11],1
10, 9, [9],[[0.     0.     0.     0.     0.0326 0.     0.     0.0001 0.0007 0.0001
  0.9665 0.    ]], [10],1
6, 29, [29],[[0.     0.     0.     0.     0.     0.     0.9999 0.     0.     0.0001
  0.     0.    ]], [6],1
8, 9, [ 9  3 15],[[0.     0.     0.     0.     0.6324 0.     0.     0.     0.3676 0.
  0.     0.    ]
 [0.     0.     0.     0.     0.6124 0.     0.     0.     0.3876 0.
  0.     0.    ]
 [0.     0.     0.     0.     0.     0.     0.     0.     1.     0.
  0.     0.    ]], [4 4 8],3
5, 3, [3],[[0.     0.     0.9897 0.     0.     0.     0.0091 0.     0.     0.
  0.     0.0012]], [2],1
10, 1, [1],[[0. 0. 0. 0. 0. 0. 0. 0. 0. 0. 1. 0.]], [10],1
6, 11, [11],[[0. 0. 1. 0. 0. 0. 0. 0. 0. 0. 0. 0.]], [2],1
7, 28, [28],[[0.     0.     0.     0.     0.     0.     0.0002 0.8605 0.     0.1389
  0.0005 0.    ]], [7],1
1, 30, [30],[[0.     0.88   0.     0.0002 0.0026 0.0039 0.     0.     0.1132 0.0001
  0.     0.    ]], [1],1
8, 11, [11  3 15],[[0.     0.     0.     0.     0.4428 0.     0.     0.     0.3792 0.
  0.178  0.    ]
 [0.     0.     0.     0.     0.6124 0.     0.     0.     0.3876 0.
  0.     0.    ]
 [0.     0.     0.     0.     0.     0.     0.     0.     1.     0.
  0.     0.    ]], [4 4 8],3
0, 13, [13  3],[[0.189  0.     0.     0.161  0.     0.322  0.1561 0.1719 0.     0.
  0.     0.    ]
 [0.0056 0.     0.     0.0031 0.     0.9736 0.0058 0.0118 0.     0.
  0.     0.    ]], [5 5],2
2, 10, [10],[[0.     0.     0.2206 0.     0.     0.     0.     0.     0.     0.0001
  0.0001 0.7792]], [11],1
9, 11, [11],[[0. 0. 0. 0. 0. 0. 0. 0. 0. 1. 0. 0.]], [9],1
6, 1, [ 1 13 24 13],[[0.5599 0.     0.     0.     0.     0.     0.1835 0.2566 0.     0.
  0.     0.    ]
 [0.4829 0.     0.     0.     0.     0.     0.4546 0.0625 0.     0.
  0.     0.    ]
 [0.     0.     0.     0.     0.     0.     0.5653 0.4347 0.     0.
  0.     0.    ]
 [0.     0.     0.     0.     0.     0.     0.8792 0.1208 0.     0.
  0.     0.    ]], [0 0 6 6],4
4, 30, [30],[[0.     0.0117 0.     0.     0.2766 0.     0.     0.     0.7116 0.
  0.0001 0.    ]], [8],1
4, 9, [9],[[0.     0.9538 0.     0.0001 0.0323 0.     0.     0.0001 0.0136 0.
  0.     0.0002]], [1],1
9, 26, [26],[[0.     0.     0.     0.     0.     0.     0.0011 0.     0.     0.9989
  0.     0.    ]], [9],1
6, 26, [26],[[0.     0.     0.0001 0.     0.     0.     0.9998 0.     0.     0.
  0.     0.    ]], [6],1
11, 32, [32],[[0.0083 0.     0.7797 0.     0.0001 0.     0.     0.     0.     0.
  0.2118 0.    ]], [2],1
11, 14, [14],[[0.     0.     0.0002 0.     0.     0.     0.     0.     0.     0.
  0.     0.9998]], [11],1
7, 15, [15 13],[[0.     0.     0.     0.     0.     0.4838 0.     0.5162 0.     0.
  0.     0.    ]
 [0.     0.     0.     0.     0.     0.9374 0.     0.0626 0.     0.
  0.     0.    ]], [7 5],2
11, 5, [5],[[0.     0.     0.     0.     0.     0.     0.     0.     0.     0.0002
  0.     0.9998]], [11],1
1, 5, [5],[[0.     0.999  0.     0.     0.0006 0.     0.     0.     0.0003 0.
  0.     0.0001]], [1],1
11, 1, [1],[[0. 0. 0. 0. 0. 0. 0. 0. 0. 0. 0. 1.]], [11],1
1, 17, [17],[[0.     0.9874 0.     0.0001 0.0056 0.     0.     0.0001 0.0066 0.
  0.     0.0002]], [1],1
3, 17, [17 13 24 13 24 13 24],[[0.0952 0.     0.1327 0.     0.     0.     0.2236 0.5485 0.     0.
  0.     0.    ]
 [0.4131 0.     0.     0.     0.     0.     0.2998 0.2872 0.     0.
  0.     0.    ]
 [0.4581 0.     0.     0.     0.     0.     0.3051 0.2368 0.     0.
  0.     0.    ]
 [0.4131 0.     0.     0.     0.     0.     0.2998 0.2872 0.     0.
  0.     0.    ]
 [0.4581 0.     0.     0.     0.     0.     0.3051 0.2368 0.     0.
  0.     0.    ]
 [0.4131 0.     0.     0.     0.     0.     0.2998 0.2872 0.     0.
  0.     0.    ]
 [1.     1.     1.     1.     1.     1.     1.     1.     1.     1.
  1.     1.    ]], [7 0 0 0 0 0 0],7
11, 12, [12],[[0.     0.     0.     0.     0.0002 0.     0.     0.     0.0001 0.0028
  0.9969 0.    ]], [10],1
8, 6, [ 6  3 15],[[0.     0.     0.     0.     0.3044 0.     0.     0.     0.6956 0.
  0.     0.    ]
 [0.     0.     0.     0.     0.6124 0.     0.     0.     0.3876 0.
  0.     0.    ]
 [0.     0.     0.     0.     0.     0.     0.     0.     1.     0.
  0.     0.    ]], [8 4 8],3
10, 21, [21],[[0.     0.     0.     0.     0.     0.999  0.0005 0.0005 0.     0.
  0.     0.    ]], [5],1
0, 4, [4],[[0.9991 0.     0.     0.0005 0.     0.     0.     0.0004 0.     0.
  0.     0.    ]], [0],1
3, 2, [ 2 13 24 13 24 13 24],[[0.5667 0.     0.     0.2352 0.     0.     0.1424 0.0556 0.     0.
  0.     0.    ]
 [0.2861 0.     0.     0.3074 0.     0.     0.2076 0.1989 0.     0.
  0.     0.    ]
 [0.3113 0.     0.     0.3205 0.     0.     0.2073 0.1609 0.     0.
  0.     0.    ]
 [0.2861 0.     0.     0.3074 0.     0.     0.2076 0.1989 0.     0.
  0.     0.    ]
 [0.3113 0.     0.     0.3205 0.     0.     0.2073 0.1609 0.     0.
  0.     0.    ]
 [0.2861 0.     0.     0.3074 0.     0.     0.2076 0.1989 0.     0.
  0.     0.    ]
 [1.     1.     1.     1.     1.     1.     1.     1.     1.     1.
  1.     1.    ]], [0 3 3 3 3 3 3],7
2, 32, [32],[[0.     0.0017 0.9925 0.0003 0.0001 0.     0.0001 0.0002 0.     0.0048
  0.0001 0.0002]], [2],1
6, 14, [14],[[0.0001 0.     0.9998 0.     0.     0.     0.     0.     0.     0.
  0.     0.    ]], [2],1
9, 22, [22],[[0. 0. 0. 0. 0. 0. 0. 0. 0. 1. 0. 0.]], [9],1
9, 17, [17],[[0.     0.     0.     0.     0.     0.     0.     0.     0.     0.9789
  0.0056 0.0155]], [9],1
1, 3, [3],[[0.     0.9999 0.     0.     0.     0.     0.     0.     0.     0.
  0.     0.    ]], [1],1
3, 8, [ 8  3 13 24 13 24 13],[[0.2201 0.     0.     0.6689 0.     0.     0.0368 0.0742 0.     0.
  0.     0.    ]
 [0.3057 0.     0.     0.34   0.     0.     0.164  0.1903 0.     0.
  0.     0.    ]
 [0.2861 0.     0.     0.3074 0.     0.     0.2076 0.1989 0.     0.
  0.     0.    ]
 [0.3113 0.     0.     0.3205 0.     0.     0.2073 0.1609 0.     0.
  0.     0.    ]
 [0.2861 0.     0.     0.3074 0.     0.     0.2076 0.1989 0.     0.
  0.     0.    ]
 [0.3113 0.     0.     0.3205 0.     0.     0.2073 0.1609 0.     0.
  0.     0.    ]
 [1.     1.     1.     1.     1.     1.     1.     1.     1.     1.
  1.     1.    ]], [3 3 3 3 3 3 3],7
8, 4, [4],[[0.     0.     0.     0.     0.     0.     0.     0.     0.9999 0.
  0.     0.    ]], [8],1
4, 4, [4],[[0.     0.0003 0.     0.     0.9985 0.     0.     0.     0.0012 0.
  0.     0.    ]], [4],1
3, 31, [31],[[0.     0.     0.     0.9992 0.     0.0006 0.     0.     0.0003 0.
  0.     0.    ]], [3],1
