1	0	0	0.0
1	0	1	0.004598866581916809
1	0	2	0.023805969202890992
1	0	3	0.00748706397600472
1	0	4	0.009594374436885118
1	0	5	0.005312153799459338
1	0	6	0.06292979256808758
1	0	7	0.059752235005609694
1	0	8	0.06424790983833373
1	0	9	0.05701724888384342
1	0	10	0.05829225952830166
1	0	11	0.0612619241878565
1	0	12	0.062097519244067374
1	0	13	0.06277547476929612
1	0	14	0.19536384052678477
1	1	1	0.0
1	1	2	0.027150159217882903
1	1	3	0.007363267382141203
1	1	4	0.011564310545567422
1	1	5	0.007173148459289223
1	1	6	0.06590874734940007
1	1	7	0.06113441337319091
1	1	8	0.06575781400781125
1	1	9	0.0583943509128876
1	1	10	0.05984356261743232
1	1	11	0.06303836186017725
1	1	12	0.06351203510584309
1	1	13	0.06457915765163488
1	1	14	0.19730640350165776
1	2	2	0.0
1	2	3	0.026662325669080018
1	2	4	0.016764656024053692
1	2	5	0.02113680049031973
1	2	6	0.0600710117816925
1	2	7	0.056572929225862024
1	2	8	0.06299609473720193
1	2	9	0.05373601221852004
1	2	10	0.05676178873609752
1	2	11	0.06078418143212912
1	2	12	0.061526290480047464
1	2	13	0.06203115995670669
1	2	14	0.20200717589247505
1	3	3	0.0
1	3	4	0.0121380870398134
1	3	5	0.008115258892066777
1	3	6	0.05122327486611903
1	3	7	0.0599251916538924
1	3	8	0.06501613987330347
1	3	9	0.05926270146667957
1	3	10	0.06203252358920872
1	3	11	0.06287824057342369
1	3	12	0.06354603561293334
1	3	13	0.06498996307724156
1	3	14	0.16871615614823532
1	4	4	0.0
1	4	5	0.006759218350052834
1	4	6	0.054640300907194614
1	4	7	0.05981842641532421
1	4	8	0.06326206577802077
1	4	9	0.05782087304443121
1	4	10	0.05918093628901988
1	4	11	0.0606374766130175
1	4	12	0.061940068129450084
1	4	13	0.06222047375072725
1	4	14	0.168436855806096
1	5	5	0.0
1	5	6	0.057742397068068385
1	5	7	0.058372838916257025
1	5	8	0.06453158861072734
1	5	9	0.056298847271129486
1	5	10	0.058521910614334045
1	5	11	0.06203630225660163
1	5	12	0.06298002309724689
1	5	13	0.06387509642459918
1	5	14	0.17897319324011915
1	6	6	0.0
1	6	7	0.06467589413560927
1	6	8	0.07253080735495314
1	6	9	0.05708528915978968
1	6	10	0.059967050242237745
1	6	11	0.0634544861656468
1	6	12	0.06507402350660413
1	6	13	0.06740969134599437
1	6	14	0.16895628071657848
1	7	7	0.0
1	7	8	0.0149968301076442
1	7	9	0.0064167807940393685
1	7	10	0.007960306202061474
1	7	11	0.012280515156249748
1	7	12	0.012838521899655462
1	7	13	0.013366932268021629
1	7	14	0.061457731893635355
1	8	8	0.0
1	8	9	0.013637843696400523
1	8	10	0.01699481698125601
1	8	11	0.008429515890282346
1	8	12	0.008576782413758338
1	8	13	0.009983104873681441
1	8	14	0.05698979789717123
1	9	9	0.0
1	9	10	0.0049436921989545225
1	9	11	0.010947611644427525
1	9	12	0.012029477845877408
1	9	13	0.01048214199836366
1	9	14	0.06105731980717974
1	10	10	0.0
1	10	11	0.014273670950642555
1	10	12	0.012143633387051522
1	10	13	0.01292895200033672
1	10	14	0.0660094924614532
1	11	11	0.0
1	11	12	0.007175937003892614
1	11	13	0.0067817872003361115
1	11	14	0.05767579301426304
1	12	12	0.0
1	12	13	0.006505545027786865
1	12	14	0.057990837698162066
1	13	13	0.0
1	13	14	0.058655816190235785
1	14	14	0.0
2	0	0	0.0
2	0	1	0.006565596481086686
2	0	2	0.007994713353458792
2	0	3	0.006946200924983713
2	0	4	0.006238751027034596
2	0	5	0.005394843666814268
2	0	6	0.03422206477005966
2	0	7	0.1324347442293074
2	0	8	0.23948595302482137
2	0	9	0.22839217981300317
2	0	10	0.21732667477249926
2	0	11	0.20664130108593964
2	0	12	0.22328273854381406
2	0	13	0.2802665844568983
2	0	14	0.590242701995885
2	1	1	0.0
2	1	2	0.008363774487748742
2	1	3	0.008950883701589191
2	1	4	0.006268142305314541
2	1	5	0.006498390086460858
2	1	6	0.033051744427531955
2	1	7	0.13278350076638162
2	1	8	0.24023357401043177
2	1	9	0.23180407486576587
2	1	10	0.22084941429756874
2	1	11	0.2061746281585656
2	1	12	0.2250512571427971
2	1	13	0.2903028983247932
2	1	14	0.5933732840698213
2	2	2	0.0
2	2	3	0.011340426860988373
2	2	4	0.010089480135589838
2	2	5	0.008923565954901277
2	2	6	0.03391032524174079
2	2	7	0.13239755767164751
2	2	8	0.23766530293552204
2	2	9	0.2053241381146945
2	2	10	0.20201562922012817
2	2	11	0.20778501837328076
2	2	12	0.1993952335412614
2	2	13	0.25797689946275204
2	2	14	0.5922819842905738
2	3	3	0.0
2	3	4	0.008092765387118561
2	3	5	0.007485200946975965
2	3	6	0.03615715494737378
2	3	7	0.13110291246059932
2	3	8	0.24046210797238746
2	3	9	0.20493281711559394
2	3	10	0.19506966197300063
2	3	11	0.204056241782062
2	3	12	0.19888555576946237
2	3	13	0.2578854568664974
2	3	14	0.5935571694214304
2	4	4	0.0
2	4	5	0.005175963924033567
2	4	6	0.03369269662955776
2	4	7	0.1337026774431579
2	4	8	0.23925172993121668
2	4	9	0.2313656053529121
2	4	10	0.2210869627234788
2	4	11	0.20625837836973368
2	4	12	0.2269948305427097
2	4	13	0.2860036291622091
2	4	14	0.5963652343112044
2	5	5	0.0
2	5	6	0.034955251324921846
2	5	7	0.1299378204420209
2	5	8	0.24059401121083648
2	5	9	0.22831857722159474
2	5	10	0.21882455736848352
2	5	11	0.2036863309876062
2	5	12	0.22514918917417526
2	5	13	0.2873786529896315
2	5	14	0.5922632726700976
2	6	6	0.0
2	6	7	0.12661054395511748
2	6	8	0.235077666785568
2	6	9	0.19998450843337923
2	6	10	0.19568941276350232
2	6	11	0.20863867015438153
2	6	12	0.1979331866223365
2	6	13	0.25957466336293145
2	6	14	0.5946746864542365
2	7	7	0.0
2	7	8	0.07340577357262373
2	7	9	0.06016773119289428
2	7	10	0.08636631901019427
2	7	11	0.11495688721770421
2	7	12	0.08711368370987475
2	7	13	0.10469369542202912
2	7	14	0.18185862262547017
2	8	8	0.0
2	8	9	0.027535756993107497
2	8	10	0.03781648866071191
2	8	11	0.028134257161524148
2	8	12	0.02833428934402764
2	8	13	0.09159107531025075
2	8	14	0.08968846908584237
2	9	9	0.0
2	9	10	0.02287912184202287
2	9	11	0.0376813519843854
2	9	12	0.017343525066040456
2	9	13	0.0747523646724876
2	9	14	0.09484223091322928
2	10	10	0.0
2	10	11	0.03363203820430499
2	10	12	0.021037001274366047
2	10	13	0.055820958022566626
2	10	14	0.08109506719947968
2	11	11	0.0
2	11	12	0.025319537489209325
2	11	13	0.09663500817515887
2	11	14	0.07356302023353055
2	12	12	0.0
2	12	13	0.06534551356057637
2	12	14	0.08286931467615068
2	13	13	0.0
2	13	14	0.1149873096162919
2	14	14	0.0
3	0	0	0.0
3	0	1	0.008682135234121233
3	0	2	0.00987865212923316
3	0	3	0.007235052332282066
3	0	4	0.0058381453137844805
3	0	5	0.029843183955177665
3	0	6	0.004955238246358931
3	0	7	0.06813168267579749
3	0	8	0.06049568231403828
3	0	9	0.06027043339237571
3	0	10	0.05932193773239851
3	0	11	0.05978379017580301
3	0	12	0.060274983375624286
3	0	13	0.06016172163630108
3	0	14	0.19298995229380672
3	1	1	0.0
3	1	2	0.008793420056914194
3	1	3	0.011464091512966717
3	1	4	0.009081882849043679
3	1	5	0.037289025421769824
3	1	6	0.0078056570122865465
3	1	7	0.06753882649471052
3	1	8	0.059457310245139526
3	1	9	0.05941487826011144
3	1	10	0.05831271551805548
3	1	11	0.05885760936117731
3	1	12	0.05919928168138722
3	1	13	0.059625196220287766
3	1	14	0.15463100492558443
3	2	2	0.0
3	2	3	0.014073511382613094
3	2	4	0.01026212235189789
3	2	5	0.03918514896362834
3	2	6	0.008664538865887228
3	2	7	0.06779435211248165
3	2	8	0.059199662795899714
3	2	9	0.06021267359299054
3	2	10	0.05903392051035007
3	2	11	0.05990385901523223
3	2	12	0.059930762518166376
3	2	13	0.06023206138117712
3	2	14	0.1819714300203177
3	3	3	0.0
3	3	4	0.007439083667838427
3	3	5	0.024301673737910305
3	3	6	0.007318524432027474
3	3	7	0.06655658126017079
3	3	8	0.059537736684083936
3	3	9	0.05882387377042323
3	3	10	0.05811554291471839
3	3	11	0.05853483194392174
3	3	12	0.059151147148862944
3	3	13	0.059500018114100384
3	3	14	0.18523310082184616
3	4	4	0.0
3	4	5	0.03116057502663099
3	4	6	0.00461162351640552
3	4	7	0.06703050868818536
3	4	8	0.06007256928086281
3	4	9	0.05940063803549856
3	4	10	0.058533949417993426
3	4	11	0.05908970932941884
3	4	12	0.05964057521458017
3	4	13	0.059791387048717295
3	4	14	0.1842756157615222
3	5	5	0.0
3	5	6	0.033080445919684114
3	5	7	0.06965520604536869
3	5	8	0.0605673000710085
3	5	9	0.06175338956713677
3	5	10	0.060369404583238064
3	5	11	0.06150111264642328
3	5	12	0.061304108115058625
3	5	13	0.062001945024352606
3	5	14	0.18534205892903263
3	6	6	0.0
3	6	7	0.066643316230271
3	6	8	0.05978194031585008
3	6	9	0.05892101062647998
3	6	10	0.05809314216021448
3	6	11	0.058563787277787924
3	6	12	0.05908536579489009
3	6	13	0.05928123029774724
3	6	14	0.1835106038984377
3	7	7	0.0
3	7	8	0.022846405655611305
3	7	9	0.021232854603324084
3	7	10	0.019744371112901716
3	7	11	0.020947182065341623
3	7	12	0.0208963616246474
3	7	13	0.02468811495025511
3	7	14	0.04945926595164928
3	8	8	0.0
3	8	9	0.004701483104377985
3	8	10	0.006834185272455215
3	8	11	0.00450846292078495
3	8	12	0.003735754015564453
3	8	13	0.009248361016685521
3	8	14	0.04209151173813734
3	9	9	0.0
3	9	10	0.005503221726045012
3	9	11	0.0030526587888598444
3	9	12	0.0040552014161949045
3	9	13	0.007855834616519132
3	9	14	0.04561850977223367
3	10	10	0.0
3	10	11	0.005566809013485908
3	10	12	0.006281192385300528
3	10	13	0.005679943944389379
3	10	14	0.03896689477784093
3	11	11	0.0
3	11	12	0.0032077400677953845
3	11	13	0.008042479070249102
3	11	14	0.043961691546137445
3	12	12	0.0
3	12	13	0.008536414030819287
3	12	14	0.04111974296910921
3	13	13	0.0
3	13	14	0.04411043192247962
3	14	14	0.0
4	0	0	0.0
4	0	1	0.01532288415171206
4	0	2	0.014119562325999141
4	0	3	0.01488764172885567
4	0	4	0.014394088966073469
4	0	5	0.014002431596862153
4	0	6	0.014009466638788581
4	0	7	0.053919290712845395
4	0	8	0.06237761261907872
4	0	9	0.051886601084377613
4	0	10	0.06118135321326554
4	0	11	0.05435465532704256
4	0	12	0.05389947822783142
4	0	13	0.06506643592077307
4	0	14	0.17884446759242564
4	1	1	0.0
4	1	2	0.005792374070268124
4	1	3	0.0072876152489334345
4	1	4	0.0044491571835242215
4	1	5	0.0040789525774307545
4	1	6	0.026093644632026552
4	1	7	0.052967733251702155
4	1	8	0.05560009267568239
4	1	9	0.05066865301970393
4	1	10	0.05851694278931245
4	1	11	0.049643549615400843
4	1	12	0.057826678823214024
4	1	13	0.06315245580417105
4	1	14	0.1816389493900351
4	2	2	0.0
4	2	3	0.004554077800363302
4	2	4	0.0043972870821598915
4	2	5	0.005181637004250661
4	2	6	0.029506129559129478
4	2	7	0.05587020869999833
4	2	8	0.06153069304177188
4	2	9	0.052530728951096534
4	2	10	0.061306455848738554
4	2	11	0.05182670827396214
4	2	12	0.06486089816689491
4	2	13	0.06643319692695514
4	2	14	0.18397178430762143
4	3	3	0.0
4	3	4	0.0069272849152330306
4	3	5	0.00668029366643168
4	3	6	0.029911494703032077
4	3	7	0.05674625515870867
4	3	8	0.0614915464312362
4	3	9	0.053664818234276025
4	3	10	0.06254715851135552
4	3	11	0.053026913640322165
4	3	12	0.062415038409642874
4	3	13	0.06779612738732249
4	3	14	0.18501865789294242
4	4	4	0.0
4	4	5	0.0039012350351549686
4	4	6	0.02777929674484767
4	4	7	0.05421695034604636
4	4	8	0.05633637455376447
4	4	9	0.050720590073848146
4	4	10	0.058482382003683595
4	4	11	0.05058672232774552
4	4	12	0.061343973534880206
4	4	13	0.06308695410424843
4	4	14	0.1827245032202918
4	5	5	0.0
4	5	6	0.025548153958516194
4	5	7	0.05319176671517198
4	5	8	0.0549422583085543
4	5	9	0.05104797558556311
4	5	10	0.058863348247716205
4	5	11	0.05034580573439598
4	5	12	0.059424973861081525
4	5	13	0.06355181738687679
4	5	14	0.18212831998826004
4	6	6	0.0
4	6	7	0.051025449020569796
4	6	8	0.055537105258903464
4	6	9	0.04881131259119138
4	6	10	0.05790403802320361
4	6	11	0.04793404562876094
4	6	12	0.05070295442920178
4	6	13	0.05909153081988916
4	6	14	0.19606406446825714
4	7	7	0.0
4	7	8	0.019425873862776423
4	7	9	0.004481775618495344
4	7	10	0.031522842873361254
4	7	11	0.004285311769010888
4	7	12	0.023036622429597545
4	7	13	0.017897909875928025
4	7	14	0.10547828689222331
4	8	8	0.0
4	8	9	0.019050794624524504
4	8	10	0.04027763186648105
4	8	11	0.016861140944498476
4	8	12	0.01823825874155371
4	8	13	0.025767742175518176
4	8	14	0.10368227553747687
4	9	9	0.0
4	9	10	0.030857754392237532
4	9	11	0.004559630539090145
4	9	12	0.021384294801608247
4	9	13	0.016451206871275898
4	9	14	0.10542288141151798
4	10	10	0.0
4	10	11	0.02835740906922275
4	10	12	0.0403001848245125
4	10	13	0.03930549875143147
4	10	14	0.11766398416293342
4	11	11	0.0
4	11	12	0.021146986692417456
4	11	13	0.016418245187016366
4	11	14	0.10513980437559284
4	12	12	0.0
4	12	13	0.016482765104643308
4	12	14	0.10526058267417777
4	13	13	0.0
4	13	14	0.10388620796320008
4	14	14	0.0
5	0	0	0.0
5	0	1	0.003982150342664682
5	0	2	0.007322397089796141
5	0	3	0.006980104652931913
5	0	4	0.01982848608843051
5	0	5	0.0072059082286432385
5	0	6	0.0072590798307210205
5	0	7	0.058957721526254316
5	0	8	0.0523839029854862
5	0	9	0.05398993384675123
5	0	10	0.0584690925849136
5	0	11	0.05976415522932075
5	0	12	0.05899523291341029
5	0	13	0.05724415428959764
5	0	14	0.19883109743031674
5	1	1	0.0
5	1	2	0.006567909662495367
5	1	3	0.01040808866394218
5	1	4	0.02224452584760729
5	1	5	0.007800203621038236
5	1	6	0.006346635212539695
5	1	7	0.059405912365866245
5	1	8	0.05350447414023802
5	1	9	0.055287495371769184
5	1	10	0.058592393569997514
5	1	11	0.06046237826196011
5	1	12	0.05964140773692634
5	1	13	0.05802455991308671
5	1	14	0.19705893564166035
5	2	2	0.0
5	2	3	0.00878810151712969
5	2	4	0.020067192271351814
5	2	5	0.007725218912702985
5	2	6	0.00549600028526038
5	2	7	0.06058403272995201
5	2	8	0.05469119189505
5	2	9	0.05629252392612398
5	2	10	0.059741766900755465
5	2	11	0.061701766561716796
5	2	12	0.06115306713990867
5	2	13	0.05857232390576973
5	2	14	0.16561622665915637
5	3	3	0.0
5	3	4	0.010897720916196703
5	3	5	0.012234175101853907
5	3	6	0.009588340897113084
5	3	7	0.05999918275767414
5	3	8	0.053910646608215755
5	3	9	0.05579096044925973
5	3	10	0.05929600850865245
5	3	11	0.06092802457977086
5	3	12	0.06004299847967923
5	3	13	0.058126586733851585
5	3	14	0.1989851455083117
5	4	4	0.0
5	4	5	0.02327699619997293
5	4	6	0.01992551616439596
5	4	7	0.0622028528048977
5	4	8	0.05694178829167504
5	4	9	0.05892528461292386
5	4	10	0.06164561181049794
5	4	11	0.06351237856689841
5	4	12	0.062233966113999485
5	4	13	0.05942665240401402
5	4	14	0.19346237441617994
5	5	5	0.0
5	5	6	0.008275641251471825
5	5	7	0.06280770409257093
5	5	8	0.05681783986091614
5	5	9	0.058757402283488774
5	5	10	0.05943164663552307
5	5	11	0.0634798106829403
5	5	12	0.060279882978880775
5	5	13	0.06301083765400108
5	5	14	0.1668239526898833
5	6	6	0.0
5	6	7	0.06110607855881972
5	6	8	0.05511884037090931
5	6	9	0.056862726494204256
5	6	10	0.05946687025902793
5	6	11	0.06207924474822357
5	6	12	0.06064266681531444
5	6	13	0.059217105612158774
5	6	14	0.16412908068904652
5	7	7	0.0
5	7	8	0.01641652483829239
5	7	9	0.014169608142474317
5	7	10	0.01568926259900036
5	7	11	0.014014651534394943
5	7	12	0.016427167067988194
5	7	13	0.02720965700036322
5	7	14	0.05468957869404403
5	8	8	0.0
5	8	9	0.005374079495551996
5	8	10	0.008010511672240681
5	8	11	0.004195761606912128
5	8	12	0.008141141349566169
5	8	13	0.018165962724597192
5	8	14	0.046662043642369096
5	9	9	0.0
5	9	10	0.006711238780058921
5	9	11	0.0037161081684753297
5	9	12	0.00735380023252219
5	9	13	0.019792637245031074
5	9	14	0.04927858538366854
5	10	10	0.0
5	10	11	0.007302788265049457
5	10	12	0.003909915902651846
5	10	13	0.023043521699029953
5	10	14	0.04813378354627639
5	11	11	0.0
5	11	12	0.006986897764727473
5	11	13	0.022166598798008634
5	11	14	0.049266434849239885
5	12	12	0.0
5	12	13	0.024973448067437856
5	12	14	0.049385341460816565
5	13	13	0.0
5	13	14	0.06344550756039098
5	14	14	0.0
6	0	0	0.0
6	0	1	0.005415156195871532
6	0	2	0.004258835872635245
6	0	3	0.026164027775870635
6	0	4	0.02633316023927182
6	0	5	0.0831833985815756
6	0	6	0.008985170149942861
6	0	7	0.14890803503710776
6	0	8	0.12307823006343097
6	0	9	0.37744736577058213
6	0	10	0.2909747119047679
6	0	11	0.13557631411263718
6	0	12	0.42512453414208723
6	0	13	0.34862665039347485
6	0	14	0.16130331606045364
6	1	1	0.0
6	1	2	0.005295906273182481
6	1	3	0.02715576954348944
6	1	4	0.02506641539186239
6	1	5	0.08272313882037997
6	1	6	0.008778825662331655
6	1	7	0.14894374060444535
6	1	8	0.12163355108723044
6	1	9	0.3805034188549034
6	1	10	0.29438470843806863
6	1	11	0.133799322899431
6	1	12	0.42996099102671725
6	1	13	0.3538427003044635
6	1	14	0.16197021105815657
6	2	2	0.0
6	2	3	0.026378357674693688
6	2	4	0.02592552821105346
6	2	5	0.08400403463235125
6	2	6	0.008381492974003778
6	2	7	0.14918913005618378
6	2	8	0.1238122705356218
6	2	9	0.3799811801612377
6	2	10	0.29274446912994606
6	2	11	0.13638647526549175
6	2	12	0.42710405929607803
6	2	13	0.3499870976130478
6	2	14	0.16058420721138827
6	3	3	0.0
6	3	4	0.01324012860073708
6	3	5	0.07109027635515668
6	3	6	0.026242303918581456
6	3	7	0.15620303587825038
6	3	8	0.1278480942605529
6	3	9	0.38346967838308776
6	3	10	0.2960333613043185
6	3	11	0.14223434876813554
6	3	12	0.43354868729237933
6	3	13	0.34210031560226345
6	3	14	0.12786489686509594
6	4	4	0.0
6	4	5	0.0734278694242239
6	4	6	0.02413243324239738
6	4	7	0.1513008365947753
6	4	8	0.11899573066830635
6	4	9	0.3898165036472492
6	4	10	0.3034614129289985
6	4	11	0.14707621631771325
6	4	12	0.44256793866853694
6	4	13	0.35053184064291415
6	4	14	0.12503076502424665
6	5	5	0.0
6	5	6	0.066293840785278
6	5	7	0.13434624730981887
6	5	8	0.13087950552254915
6	5	9	0.3816921176197939
6	5	10	0.3083897331953049
6	5	11	0.154930030670017
6	5	12	0.45607701560657005
6	5	13	0.35148947942070663
6	5	14	0.19553842923534104
6	6	6	0.0
6	6	7	0.1413893355068285
6	6	8	0.12271792062441818
6	6	9	0.379249833984999
6	6	10	0.2919617019041907
6	6	11	0.13567553158779627
6	6	12	0.4280907761651324
6	6	13	0.35289983187871987
6	6	14	0.14850276314001531
6	7	7	0.0
6	7	8	0.1042389323450625
6	7	9	0.1040295088510029
6	7	10	0.1017175710592419
6	7	11	0.1758858333863318
6	7	12	0.1094053590989206
6	7	13	0.10812115001305937
6	7	14	0.18599622735031882
6	8	8	0.0
6	8	9	0.1109119216534309
6	8	10	0.08266823926568032
6	8	11	0.030031906569376588
6	8	12	0.10946102848451118
6	8	13	0.10151588602922856
6	8	14	0.11720623559248634
6	9	9	0.0
6	9	10	0.046151038029709886
6	9	11	0.18945300283799457
6	9	12	0.03766871488970577
6	9	13	0.09989562710287483
6	9	14	0.23964015323645435
6	10	10	0.0
6	10	11	0.2011921925780674
6	10	12	0.041949294655944734
6	10	13	0.07762848431558673
6	10	14	0.20912955996510574
6	11	11	0.0
6	11	12	0.17244143140699572
6	11	13	0.2569630032478378
6	11	14	0.12868646848690696
6	12	12	0.0
6	12	13	0.08989326564964921
6	12	14	0.22271561458345968
6	13	13	0.0
6	13	14	0.20638097119820303
6	14	14	0.0
7	0	0	0.0
7	0	1	0.00500616954267025
7	0	2	0.004710040406789631
7	0	3	0.008319438269361854
7	0	4	0.006444380752654979
7	0	5	0.0075333473468199375
7	0	6	0.02559572137799114
7	0	7	0.2517657193134073
7	0	8	0.27297413230268286
7	0	9	0.314402731635666
7	0	10	0.17261081984080373
7	0	11	0.20174772268149535
7	0	12	0.21078412247396772
7	0	13	0.2742462266206276
7	0	14	0.39630798883922397
7	1	1	0.0
7	1	2	0.004013401794247329
7	1	3	0.00769819048140198
7	1	4	0.005649361625401071
7	1	5	0.006610162452794612
7	1	6	0.02566450434643775
7	1	7	0.2520912281379569
7	1	8	0.27184074141504244
7	1	9	0.31514911428757475
7	1	10	0.17201476899068802
7	1	11	0.20014797393314074
7	1	12	0.21086195782705908
7	1	13	0.27434036216675306
7	1	14	0.3954677915973589
7	2	2	0.0
7	2	3	0.008283252083696424
7	2	4	0.006936561406764668
7	2	5	0.006614815448410809
7	2	6	0.024033008717931806
7	2	7	0.2532859654866625
7	2	8	0.2728987618801184
7	2	9	0.31505159354599893
7	2	10	0.17194744596537204
7	2	11	0.20148382807977033
7	2	12	0.2123453946080408
7	2	13	0.27425669226213356
7	2	14	0.39446304336097093
7	3	3	0.0
7	3	4	0.007215545174840372
7	3	5	0.0069520745780318974
7	3	6	0.021512858936563135
7	3	7	0.24944729360775092
7	3	8	0.270181934769731
7	3	9	0.31204871215869207
7	3	10	0.17273301704786717
7	3	11	0.20066904393199367
7	3	12	0.2107876171497046
7	3	13	0.2700600802199915
7	3	14	0.39414693172089754
7	4	4	0.0
7	4	5	0.005880148693075171
7	4	6	0.02738583698583534
7	4	7	0.24898499550652922
7	4	8	0.27095562719422744
7	4	9	0.3127870744185057
7	4	10	0.17227478433545912
7	4	11	0.19853973387315638
7	4	12	0.2076819368102588
7	4	13	0.2751802237610682
7	4	14	0.3980080735986703
7	5	5	0.0
7	5	6	0.022625745358876882
7	5	7	0.2476959155930672
7	5	8	0.278861181973014
7	5	9	0.3179111862509744
7	5	10	0.1864696643669158
7	5	11	0.19752813266019803
7	5	12	0.22313501004496356
7	5	13	0.27298503810353575
7	5	14	0.3978969516940415
7	6	6	0.0
7	6	7	0.24479245293163696
7	6	8	0.2657475696695037
7	6	9	0.309406818601361
7	6	10	0.16494805426895617
7	6	11	0.19613447365153117
7	6	12	0.21957551730511476
7	6	13	0.25552939880709163
7	6	14	0.37404897207766774
7	7	7	0.0
7	7	8	0.03556984926830046
7	7	9	0.03185786756948801
7	7	10	0.10434585065837018
7	7	11	0.06767681727744639
7	7	12	0.08751032954471884
7	7	13	0.027905136653454975
7	7	14	0.11676194636593573
7	8	8	0.0
7	8	9	0.034516392268356864
7	8	10	0.11469498764397576
7	8	11	0.07372413748502732
7	8	12	0.0822496007225709
7	8	13	0.035274785591755065
7	8	14	0.10375681552616879
7	9	9	0.0
7	9	10	0.0992333383615478
7	9	11	0.0688750629396527
7	9	12	0.09592151663755066
7	9	13	0.026102102540957274
7	9	14	0.10342850062524667
7	10	10	0.0
7	10	11	0.08466291127854493
7	10	12	0.0959466720003984
7	10	13	0.099486736810999
7	10	14	0.1051553464345634
7	11	11	0.0
7	11	12	0.07078072754380992
7	11	13	0.058830053544952535
7	11	14	0.109056367969024
7	12	12	0.0
7	12	13	0.09580714728854806
7	12	14	0.1417376422313391
7	13	13	0.0
7	13	14	0.09837974881217815
7	14	14	0.0
8	0	0	0.0
8	0	1	0.007038192249834537
8	0	2	0.01243647646077443
8	0	3	0.08808277966827154
8	0	4	0.005184366589412093
8	0	5	0.007301140076480806
8	0	6	0.020853093746118247
8	0	7	0.34301081965211777
8	0	8	0.2151628058996721
8	0	9	0.38277852287780845
8	0	10	0.11251544176414609
8	0	11	0.2552419408527203
8	0	12	0.36465219389274717
8	0	13	0.2885046930536628
8	0	14	0.16730401669128334
8	1	1	0.0
8	1	2	0.01539362546557095
8	1	3	0.08113807724788785
8	1	4	0.006849985531531274
8	1	5	0.005759071587584913
8	1	6	0.021586252888664604
8	1	7	0.3400306511307135
8	1	8	0.2104823357832356
8	1	9	0.38015566015508373
8	1	10	0.11036893068626523
8	1	11	0.2561924438360147
8	1	12	0.3618614046610892
8	1	13	0.28158077742159365
8	1	14	0.1676901844731765
8	2	2	0.0
8	2	3	0.06659381862625013
8	2	4	0.012189512017183006
8	2	5	0.014249032808816993
8	2	6	0.01840623192267958
8	2	7	0.34229252127034127
8	2	8	0.20121419750228234
8	2	9	0.38781458595415463
8	2	10	0.10151548047282268
8	2	11	0.2556746372381458
8	2	12	0.3672892389168264
8	2	13	0.2933167988131754
8	2	14	0.15608257060777395
8	3	3	0.0
8	3	4	0.08848334609810263
8	3	5	0.0827645608978346
8	3	6	0.081890050182119
8	3	7	0.3885938251921907
8	3	8	0.2018963724781497
8	3	9	0.4189653408516606
8	3	10	0.11342944454401732
8	3	11	0.2781726814652793
8	3	12	0.3878189252018929
8	3	13	0.3030366156361997
8	3	14	0.22722627451934385
8	4	4	0.0
8	4	5	0.00747122803516686
8	4	6	0.020340465889312327
8	4	7	0.34156266805808994
8	4	8	0.2120979917037039
8	4	9	0.38173997517846875
8	4	10	0.11015662982035428
8	4	11	0.2524367690975778
8	4	12	0.36196082672383634
8	4	13	0.2867222502520308
8	4	14	0.16750910240749362
8	5	5	0.0
8	5	6	0.020830426876433192
8	5	7	0.33861420008912685
8	5	8	0.21471578227232385
8	5	9	0.3784613732228463
8	5	10	0.11133502200525254
8	5	11	0.25275972405215724
8	5	12	0.3589156839046627
8	5	13	0.27971546174399553
8	5	14	0.16691840253898407
8	6	6	0.0
8	6	7	0.2671041606320068
8	6	8	0.1702322017230763
8	6	9	0.29662541125048303
8	6	10	0.10793543650023639
8	6	11	0.21046515848254785
8	6	12	0.28664588577486577
8	6	13	0.2372637066151947
8	6	14	0.1377620680431137
8	7	7	0.0
8	7	8	0.12376483639489742
8	7	9	0.06430688308909885
8	7	10	0.19058960731793195
8	7	11	0.07126867215777748
8	7	12	0.07162979680928401
8	7	13	0.06735231429920532
8	7	14	0.12828752907866148
8	8	8	0.0
8	8	9	0.11936550677671039
8	8	10	0.12366944853916356
8	8	11	0.10812376324183424
8	8	12	0.13015193674512557
8	8	13	0.12058338341288617
8	8	14	0.12881994004521402
8	9	9	0.0
8	9	10	0.21750782395791612
8	9	11	0.04579337710500113
8	9	12	0.06026284033205593
8	9	13	0.07980907395266695
8	9	14	0.16574075169264688
8	10	10	0.0
8	10	11	0.19662613118020816
8	10	12	0.20127623176947235
8	10	13	0.20680071011930704
8	10	14	0.10862109303858597
8	11	11	0.0
8	11	12	0.0694616911681369
8	11	13	0.06214824497932568
8	11	14	0.14747650471504312
8	12	12	0.0
8	12	13	0.057673092167824506
8	12	14	0.16153043546539267
8	13	13	0.0
8	13	14	0.16182903528690804
8	14	14	0.0
9	0	0	0.0
9	0	1	0.0654815282406594
9	0	2	0.016796691332453265
9	0	3	0.005102408909001273
9	0	4	0.038183189829858924
9	0	5	0.007048035592635613
9	0	6	0.02240208710284859
9	0	7	0.06364384822097877
9	0	8	0.06380560857816489
9	0	9	0.06358497396569397
9	0	10	0.052483330017091
9	0	11	0.06978880342479092
9	0	12	0.06385486182425965
9	0	13	0.060852082463483025
9	0	14	0.1699932797635215
9	1	1	0.0
9	1	2	0.06652148809192367
9	1	3	0.07288378540357139
9	1	4	0.06431986789334877
9	1	5	0.06614386896612717
9	1	6	0.07825653553262918
9	1	7	0.08490433687767747
9	1	8	0.07947545260775517
9	1	9	0.07973565161921718
9	1	10	0.07039472782944745
9	1	11	0.0793182319941673
9	1	12	0.07335528880060511
9	1	13	0.08223452723406731
9	1	14	0.16389168891674924
9	2	2	0.0
9	2	3	0.014172055204608859
9	2	4	0.05381599853332818
9	2	5	0.015250083668344487
9	2	6	0.0403134191674624
9	2	7	0.0596926518815873
9	2	8	0.06478339126171376
9	2	9	0.06433982723755151
9	2	10	0.05062822345262546
9	2	11	0.06055041659073752
9	2	12	0.06056995808860653
9	2	13	0.05956213411371239
9	2	14	0.17757485171212645
9	3	3	0.0
9	3	4	0.04795220925305679
9	3	5	0.0053237836744929115
9	3	6	0.033949494987609796
9	3	7	0.06681402934108674
9	3	8	0.066334050348438
9	3	9	0.06671033091590052
9	3	10	0.05634143459356459
9	3	11	0.0723200060847689
9	3	12	0.06859986284212921
9	3	13	0.0614500281100908
9	3	14	0.1951319690120234
9	4	4	0.0
9	4	5	0.03752709923370021
9	4	6	0.027016644837165083
9	4	7	0.08070330762791252
9	4	8	0.06450030122050521
9	4	9	0.06702359094643211
9	4	10	0.05426022828518851
9	4	11	0.06336552871637431
9	4	12	0.06329112453713447
9	4	13	0.07183533238862608
9	4	14	0.1608163109258901
9	5	5	0.0
9	5	6	0.027101362924688455
9	5	7	0.06621277798184198
9	5	8	0.06524323631285746
9	5	9	0.06531668550906825
9	5	10	0.054481934653155976
9	5	11	0.06999100867286526
9	5	12	0.06679722874781746
9	5	13	0.062398834221500596
9	5	14	0.17747626993804533
9	6	6	0.0
9	6	7	0.08473896525120313
9	6	8	0.08157918373911711
9	6	9	0.08170389777422199
9	6	10	0.07126437934230706
9	6	11	0.08618709937764699
9	6	12	0.07761435127387348
9	6	13	0.08512310993695443
9	6	14	0.1664492792520329
9	7	7	0.0
9	7	8	0.012105445429965741
9	7	9	0.011895993265637157
9	7	10	0.032904359838555636
9	7	11	0.02246403314623829
9	7	12	0.02039494881536117
9	7	13	0.010688808960147636
9	7	14	0.08404090858798634
9	8	8	0.0
9	8	9	0.006600968318927134
9	8	10	0.02867503488056988
9	8	11	0.02195958368598628
9	8	12	0.023742467855958363
9	8	13	0.010012214326456286
9	8	14	0.08328389135450097
9	9	9	0.0
9	9	10	0.029750920842280208
9	9	11	0.019398053106450444
9	9	12	0.02578816017459916
9	9	13	0.007637884766907142
9	9	14	0.08400296909945293
9	10	10	0.0
9	10	11	0.021045954147321654
9	10	12	0.026083220034355724
9	10	13	0.03803843996840818
9	10	14	0.07062089065216003
9	11	11	0.0
9	11	12	0.01745126363199108
9	11	13	0.020742658850865375
9	11	14	0.07712021878923819
9	12	12	0.0
9	12	13	0.02404877616309336
9	12	14	0.0780364462145148
9	13	13	0.0
9	13	14	0.0879811159775429
9	14	14	0.0
10	0	0	0.0
10	0	1	0.006764818546362222
10	0	2	0.02326564870402217
10	0	3	0.005416513324715197
10	0	4	0.0072905466341180725
10	0	5	0.006268024056218564
10	0	6	0.010759080896168598
10	0	7	0.11759862231835723
10	0	8	0.1461890722224489
10	0	9	0.12798031058107154
10	0	10	0.09464090506918728
10	0	11	0.20503668966249097
10	0	12	0.07449899500887841
10	0	13	0.09400972493272275
10	0	14	0.1782649074314395
10	1	1	0.0
10	1	2	0.0332269586706534
10	1	3	0.004968072834424675
10	1	4	0.00929832480874029
10	1	5	0.0073223590161651374
10	1	6	0.012506133138536825
10	1	7	0.12119352941820398
10	1	8	0.15031734671490266
10	1	9	0.13142607274292095
10	1	10	0.09754306291230024
10	1	11	0.20957841908431146
10	1	12	0.07878005307679996
10	1	13	0.0965880506229587
10	1	14	0.17611688288266306
10	2	2	0.0
10	2	3	0.029619601354002954
10	2	4	0.026840540696022798
10	2	5	0.02810615942534059
10	2	6	0.03266355023127107
10	2	7	0.115636997198686
10	2	8	0.1436209738412872
10	2	9	0.12708580998386607
10	2	10	0.09508538497239351
10	2	11	0.20253555620671249
10	2	12	0.07336829444672913
10	2	13	0.09097538092546165
10	2	14	0.1904628932600608
10	3	3	0.0
10	3	4	0.005622212249960285
10	3	5	0.007145177675643936
10	3	6	0.010139566723504686
10	3	7	0.11782712496351451
10	3	8	0.14757110656937583
10	3	9	0.12681093447357125
10	3	10	0.09513529263203964
10	3	11	0.21026994296372867
10	3	12	0.07354119066894055
10	3	13	0.09492227105936035
10	3	14	0.17804074819560628
10	4	4	0.0
10	4	5	0.007645237280637957
10	4	6	0.007270126824281761
10	4	7	0.12207507793520926
10	4	8	0.15158790113878787
10	4	9	0.13259977809363044
10	4	10	0.10043213085652679
10	4	11	0.2110783838465286
10	4	12	0.0759611541191989
10	4	13	0.09922145765516324
10	4	14	0.17699266652643564
10	5	5	0.0
10	5	6	0.012848206286216737
10	5	7	0.12128778735222295
10	5	8	0.1498520043855533
10	5	9	0.1330703878653294
10	5	10	0.09947662874590606
10	5	11	0.2090766906152712
10	5	12	0.07806206248933449
10	5	13	0.09767025553993881
10	5	14	0.17456598087149905
10	6	6	0.0
10	6	7	0.11978063338984793
10	6	8	0.15014641549451335
10	6	9	0.1308840225921449
10	6	10	0.09854503167104849
10	6	11	0.21228917050118618
10	6	12	0.07788198889339401
10	6	13	0.09681488363481185
10	6	14	0.17662352469681356
10	7	7	0.0
10	7	8	0.02425999609287828
10	7	9	0.044567785237828506
10	7	10	0.04317060718499124
10	7	11	0.048302838856587184
10	7	12	0.03406719044130296
10	7	13	0.05371127784973942
10	7	14	0.17356691498687724
10	8	8	0.0
10	8	9	0.050133595249062635
10	8	10	0.04657494105771184
10	8	11	0.03406424478231929
10	8	12	0.046023651613388214
10	8	13	0.05025908072665334
10	8	14	0.2382969578281627
10	9	9	0.0
10	9	10	0.02058215236235992
10	9	11	0.03409380335998139
10	9	12	0.039465893526372385
10	9	13	0.01789337765178061
10	9	14	0.17513883210733183
10	10	10	0.0
10	10	11	0.03238789429725148
10	10	12	0.029810992206446826
10	10	13	0.02505880457209423
10	10	14	0.16702465000917435
10	11	11	0.0
10	11	12	0.06432908411626705
10	11	13	0.030415656586177647
10	11	14	0.23610258368059295
10	12	12	0.0
10	12	13	0.040801131040556354
10	12	14	0.14152389852056513
10	13	13	0.0
10	13	14	0.1691810278274934
10	14	14	0.0
11	0	0	0.0
11	0	1	0.004017544263508171
11	0	2	0.004796819401439279
11	0	3	0.004251741607673466
11	0	4	0.003549673854606226
11	0	5	0.003913655395619571
11	0	6	0.061147320134332404
11	0	7	0.24848687289387453
11	0	8	0.29759383835876363
11	0	9	0.16929135219403543
11	0	10	0.16828131314436906
11	0	11	0.20770630194456316
11	0	12	0.16332600580877624
11	0	13	0.15744911208213308
11	0	14	0.10547374551763641
11	1	1	0.0
11	1	2	0.003914247087668628
11	1	3	0.0031995886685326695
11	1	4	0.003720423685386777
11	1	5	0.004427630956750363
11	1	6	0.0631411519907415
11	1	7	0.24798623820848298
11	1	8	0.2972172717882786
11	1	9	0.1694506602641195
11	1	10	0.1703151420187205
11	1	11	0.20731095424853266
11	1	12	0.16329502362571657
11	1	13	0.1565401832200587
11	1	14	0.11548407643192331
11	2	2	0.0
11	2	3	0.0036720184180885555
11	2	4	0.004171886411029845
11	2	5	0.004806330832885578
11	2	6	0.06661997097596759
11	2	7	0.25125086859375007
11	2	8	0.2955088173028198
11	2	9	0.1699200817637029
11	2	10	0.17248369308747352
11	2	11	0.2062261648295098
11	2	12	0.1667130723936134
11	2	13	0.1572366978012142
11	2	14	0.11616402695441502
11	3	3	0.0
11	3	4	0.003741910706274211
11	3	5	0.004584057115018368
11	3	6	0.06212330947164446
11	3	7	0.24860430256079416
11	3	8	0.2974519094072748
11	3	9	0.16912764703761787
11	3	10	0.16927524768421426
11	3	11	0.2078880118364468
11	3	12	0.16266603366378696
11	3	13	0.15514923793636262
11	3	14	0.11126693038173835
11	4	4	0.0
11	4	5	0.0038941010884009303
11	4	6	0.0644166852440685
11	4	7	0.25017738218500746
11	4	8	0.29566895089135503
11	4	9	0.16887158958613874
11	4	10	0.16933952569542451
11	4	11	0.20629446703568102
11	4	12	0.1634330239929259
11	4	13	0.15576306343078614
11	4	14	0.11561731559407781
11	5	5	0.0
11	5	6	0.06414064905606211
11	5	7	0.24819140930182765
11	5	8	0.29660674079111776
11	5	9	0.16858365091588348
11	5	10	0.17201183016365393
11	5	11	0.20825579007528722
11	5	12	0.16436712289974093
11	5	13	0.15668103102594613
11	5	14	0.11478976183800842
11	6	6	0.0
11	6	7	0.209321584009449
11	6	8	0.2858622176332865
11	6	9	0.15134800630249082
11	6	10	0.1815946192597039
11	6	11	0.2028245396129787
11	6	12	0.14861064222455025
11	6	13	0.13358689942210913
11	6	14	0.16301473137151334
11	7	7	0.0
11	7	8	0.048306676777312534
11	7	9	0.0508440385524882
11	7	10	0.13221231502690353
11	7	11	0.03995100591494702
11	7	12	0.13125669884018135
11	7	13	0.05081931964389514
11	7	14	0.12909665590076475
11	8	8	0.0
11	8	9	0.07142581206024624
11	8	10	0.137377753368346
11	8	11	0.030058909222949296
11	8	12	0.21062671866849997
11	8	13	0.06421328092203475
11	8	14	0.12716425059660105
11	9	9	0.0
11	9	10	0.04113011562415057
11	9	11	0.058744865792015426
11	9	12	0.033254552107938776
11	9	13	0.06679352276547537
11	9	14	0.06762339873163728
11	10	10	0.0
11	10	11	0.1562100257455873
11	10	12	0.04252724237302847
11	10	13	0.10522927749837911
11	10	14	0.06766698505909881
11	11	11	0.0
11	11	12	0.16823942066621703
11	11	13	0.04576565342039051
11	11	14	0.1155775422603474
11	12	12	0.0
11	12	13	0.08790075858896561
11	12	14	0.05906847473670496
11	13	13	0.0
11	13	14	0.09940969490929275
11	14	14	0.0
12	0	0	0.0
12	0	1	0.025906224425532854
12	0	2	0.028908555670059285
12	0	3	0.025987309756688774
12	0	4	0.008980272667948156
12	0	5	0.019660549019346944
12	0	6	0.025180858484469354
12	0	7	0.05266705794865265
12	0	8	0.052372456999961285
12	0	9	0.06033260078076273
12	0	10	0.052088077042688384
12	0	11	0.05141688213235466
12	0	12	0.05379831278463826
12	0	13	0.055164603863377126
12	0	14	0.19111513273604214
12	1	1	0.0
12	1	2	0.005486634153989143
12	1	3	0.004424925404717214
12	1	4	0.03328950867091771
12	1	5	0.005836803737329319
12	1	6	0.006860568609670736
12	1	7	0.05550198574142996
12	1	8	0.05329673166538123
12	1	9	0.06173649157641921
12	1	10	0.056392022070111125
12	1	11	0.054057007728435566
12	1	12	0.058089034124859606
12	1	13	0.057456019758596086
12	1	14	0.1788573866143124
12	2	2	0.0
12	2	3	0.003824728470179252
12	2	4	0.03485717197146732
12	2	5	0.005608488147030585
12	2	6	0.0061159435509471225
12	2	7	0.0573883944246918
12	2	8	0.0550155181013979
12	2	9	0.06333082706935238
12	2	10	0.057872014186432355
12	2	11	0.05666054734966019
12	2	12	0.05929420443437994
12	2	13	0.05865203381492756
12	2	14	0.1805846681216499
12	3	3	0.0
12	3	4	0.032008798237890004
12	3	5	0.0047013153162552045
12	3	6	0.0053071746928617354
12	3	7	0.055331236678175626
12	3	8	0.05329696107422933
12	3	9	0.06188039445923641
12	3	10	0.05564663966369699
12	3	11	0.05439054176962236
12	3	12	0.05813840831583366
12	3	13	0.05741909773903899
12	3	14	0.1806120809330605
12	4	4	0.0
12	4	5	0.03123704732733313
12	4	6	0.033068210699595514
12	4	7	0.057548819795250894
12	4	8	0.056138883823528885
12	4	9	0.06784823294403032
12	4	10	0.05511866182650556
12	4	11	0.05539244689856423
12	4	12	0.05839473687671125
12	4	13	0.05955004635453224
12	4	14	0.19734065416222438
12	5	5	0.0
12	5	6	0.0043225824285764245
12	5	7	0.05539208195859101
12	5	8	0.054181261168210766
12	5	9	0.06130238032795023
12	5	10	0.05720243412288255
12	5	11	0.05533163602318382
12	5	12	0.05829020350275096
12	5	13	0.05755127073044423
12	5	14	0.182031237384188
12	6	6	0.0
12	6	7	0.05338901257701218
12	6	8	0.05263216059748083
12	6	9	0.06373190220352262
12	6	10	0.054742035812654646
12	6	11	0.05290755118773086
12	6	12	0.0574545763945207
12	6	13	0.05734446267061867
12	6	14	0.18171004501287824
12	7	7	0.0
12	7	8	0.009997549806721509
12	7	9	0.034698149936273695
12	7	10	0.00761188163983752
12	7	11	0.006344591260305606
12	7	12	0.012095378530211746
12	7	13	0.021772422826848926
12	7	14	0.07899585112382192
12	8	8	0.0
12	8	9	0.031576686292886735
12	8	10	0.010163835592538816
12	8	11	0.01078154464130057
12	8	12	0.012457018231973052
12	8	13	0.02289260754082352
12	8	14	0.0786198504093336
12	9	9	0.0
12	9	10	0.03361467306638952
12	9	11	0.03350859817682067
12	9	12	0.03160005127172917
12	9	13	0.03928761611925438
12	9	14	0.09309077214135322
12	10	10	0.0
12	10	11	0.007965572850458557
12	10	12	0.010090143432811602
12	10	13	0.022162095830513862
12	10	14	0.08144783251927583
12	11	11	0.0
12	11	12	0.012640830912336242
12	11	13	0.020531210536893923
12	11	14	0.07897876328887651
12	12	12	0.0
12	12	13	0.02405700798332691
12	12	14	0.08065930808719714
12	13	13	0.0
12	13	14	0.08283001809020062
12	14	14	0.0
13	0	0	0.0
13	0	1	0.015335548862814904
13	0	2	0.006498539482243359
13	0	3	0.01514225891418755
13	0	4	0.014484398822300137
13	0	5	0.010764413083263208
13	0	6	0.006874252509791404
13	0	7	0.26762058919575066
13	0	8	0.26134518534317613
13	0	9	0.22937887911649887
13	0	10	0.31673071592953056
13	0	11	0.2658678272692487
13	0	12	0.33591138687047895
13	0	13	0.2610273096546298
13	0	14	0.268895388728939
13	1	1	0.0
13	1	2	0.013527931498363614
13	1	3	0.006414683381095528
13	1	4	0.007206310381181538
13	1	5	0.014652486846141982
13	1	6	0.017392907695379108
13	1	7	0.2767734326152131
13	1	8	0.26815146073699
13	1	9	0.23810713531228248
13	1	10	0.3232592238681391
13	1	11	0.25650957961380483
13	1	12	0.32653662789815824
13	1	13	0.2546617329538567
13	1	14	0.2777480339035392
13	2	2	0.0
13	2	3	0.013323562931269408
13	2	4	0.01304549886006862
13	2	5	0.013050130304356571
13	2	6	0.00936135307420045
13	2	7	0.2689060583021492
13	2	8	0.26136669333279133
13	2	9	0.23142422168294433
13	2	10	0.3143533730041236
13	2	11	0.26010906506329773
13	2	12	0.3248432801355866
13	2	13	0.25639050180173945
13	2	14	0.2681982971392572
13	3	3	0.0
13	3	4	0.008038917281664908
13	3	5	0.015667582983442115
13	3	6	0.017461448652204125
13	3	7	0.27612771387118845
13	3	8	0.2676580617837608
13	3	9	0.23835388060624246
13	3	10	0.32189051552303133
13	3	11	0.2607052971832454
13	3	12	0.32892187161294534
13	3	13	0.25624509501399007
13	3	14	0.27610776348225774
13	4	4	0.0
13	4	5	0.013620643598318565
13	4	6	0.017229399058502168
13	4	7	0.27741885899193586
13	4	8	0.26802298514358697
13	4	9	0.23779768350033556
13	4	10	0.32346357722673563
13	4	11	0.25063422628957777
13	4	12	0.31921037102879746
13	4	13	0.2515069521236001
13	4	14	0.27862151877675206
13	5	5	0.0
13	5	6	0.00847195066040149
13	5	7	0.2748429032222484
13	5	8	0.26277541719033615
13	5	9	0.23218946421699366
13	5	10	0.3230594733919133
13	5	11	0.2641379503351054
13	5	12	0.3400382833718231
13	5	13	0.25327673616976243
13	5	14	0.2760225478395005
13	6	6	0.0
13	6	7	0.27040210359171035
13	6	8	0.25862479907786473
13	6	9	0.23124083957367111
13	6	10	0.3187493048249744
13	6	11	0.2596060058488511
13	6	12	0.32818396625917196
13	6	13	0.25785733288142365
13	6	14	0.273671221090015
13	7	7	0.0
13	7	8	0.027892483200877904
13	7	9	0.07769872509059496
13	7	10	0.025511887670494615
13	7	11	0.09189897654857486
13	7	12	0.12801070264204828
13	7	13	0.21589621983317192
13	7	14	0.11262679034052417
13	8	8	0.0
13	8	9	0.07254667347879148
13	8	10	0.034120792523026466
13	8	11	0.08616632852517069
13	8	12	0.12786353725344451
13	8	13	0.19082486939744558
13	8	14	0.11620641732960939
13	9	9	0.0
13	9	10	0.08226075068791397
13	9	11	0.07789174832555
13	9	12	0.12127141672677316
13	9	13	0.11912016109423712
13	9	14	0.14644104195723776
13	10	10	0.0
13	10	11	0.08832196119334548
13	10	12	0.12961519181039693
13	10	13	0.23584307363245172
13	10	14	0.11712800566572695
13	11	11	0.0
13	11	12	0.0583054585872269
13	11	13	0.06575851718278136
13	11	14	0.10579774882085621
13	12	12	0.0
13	12	13	0.04520007773094767
13	12	14	0.10761439588935537
13	13	13	0.0
13	13	14	0.1773947813011473
13	14	14	0.0
14	0	0	0.0
14	0	1	0.010900043793953955
14	0	2	0.03124172035092488
14	0	3	0.013859730094671249
14	0	4	0.04030980096803978
14	0	5	0.045477708330843594
14	0	6	0.05264076882484369
14	0	7	0.39722856812132523
14	0	8	0.31774021233984967
14	0	9	0.17622908707382157
14	0	10	0.11340838864492253
14	0	11	0.10377919120618026
14	0	12	0.10499521972243384
14	0	13	0.29278531662281604
14	0	14	0.6341991720688529
14	1	1	0.0
14	1	2	0.034389072459423915
14	1	3	0.010819355676881968
14	1	4	0.04177828661398962
14	1	5	0.055086196856573226
14	1	6	0.05956948832864873
14	1	7	0.3990327309323475
14	1	8	0.31568718198261925
14	1	9	0.17058391404896975
14	1	10	0.1162596665583551
14	1	11	0.10536868402684922
14	1	12	0.10269118807329505
14	1	13	0.29232499687606467
14	1	14	0.6355134280510246
14	2	2	0.0
14	2	3	0.03647609906410799
14	2	4	0.011085089706582948
14	2	5	0.031075752268079668
14	2	6	0.03248660093243234
14	2	7	0.34098136693495323
14	2	8	0.27636925546795826
14	2	9	0.15821002491749822
14	2	10	0.1035979510138277
14	2	11	0.09309841769814375
14	2	12	0.0984175298174814
14	2	13	0.27798869436630047
14	2	14	0.5352039882170502
14	3	3	0.0
14	3	4	0.051888926288113
14	3	5	0.04780638306122273
14	3	6	0.057101386441616345
14	3	7	0.3817208987409249
14	3	8	0.3353538819839596
14	3	9	0.17612560437526553
14	3	10	0.12146618194365874
14	3	11	0.10251065618914436
14	3	12	0.11010732375555381
14	3	13	0.2860415215967223
14	3	14	0.6270787718179636
14	4	4	0.0
14	4	5	0.02793936814321205
14	4	6	0.028108938366174698
14	4	7	0.3460001229362097
14	4	8	0.2804847708197194
14	4	9	0.16351128371129744
14	4	10	0.1096078070520889
14	4	11	0.09924922815730679
14	4	12	0.10414240049295767
14	4	13	0.28498504920047707
14	4	14	0.5400399235642981
14	5	5	0.0
14	5	6	0.0068051193817518655
14	5	7	0.3360154561912641
14	5	8	0.266807230198232
14	5	9	0.15040785563364625
14	5	10	0.10355372410081327
14	5	11	0.09182836857860092
14	5	12	0.09818198179132014
14	5	13	0.2807408921974711
14	5	14	0.5524328759703785
14	6	6	0.0
14	6	7	0.33884260496194474
14	6	8	0.269887221917219
14	6	9	0.150794221641263
14	6	10	0.10506727839191445
14	6	11	0.09296808879004675
14	6	12	0.0996419830511295
14	6	13	0.28412085376610047
14	6	14	0.557473384812707
14	7	7	0.0
14	7	8	0.045731356318923645
14	7	9	0.04599495347449556
14	7	10	0.06066047721775249
14	7	11	0.06222885883084382
14	7	12	0.06280639214585244
14	7	13	0.08196862920746208
14	7	14	0.08409176841424779
14	8	8	0.0
14	8	9	0.06094732693437254
14	8	10	0.08232038391422247
14	8	11	0.08354630505471142
14	8	12	0.08968656241054122
14	8	13	0.053213376047962814
14	8	14	0.09576635895710206
14	9	9	0.0
14	9	10	0.03524495722167194
14	9	11	0.034592788684618424
14	9	12	0.035851074852558666
14	9	13	0.07199080012831836
14	9	14	0.09457933537475764
14	10	10	0.0
14	10	11	0.012973501657578702
14	10	12	0.009969828151967529
14	10	13	0.067386446399322
14	10	14	0.0915067998431623
14	11	11	0.0
14	11	12	0.009188674007177763
14	11	13	0.06190547052869712
14	11	14	0.08527765767139499
14	12	12	0.0
14	12	13	0.06643712136574617
14	12	14	0.08580035821856291
14	13	13	0.0
14	13	14	0.10269521002587863
14	14	14	0.0
15	0	0	0.0
15	0	1	0.0439529558615759
15	0	2	0.01696777123818174
15	0	3	0.05221884201094508
15	0	4	0.052820085354149345
15	0	5	0.01956671973376069
15	0	6	0.020436422802529705
15	0	7	0.1788923606770113
15	0	8	0.0660593629796058
15	0	9	0.06875535202398896
15	0	10	0.06791620720105129
15	0	11	0.06440116589609533
15	0	12	0.06517719882354141
15	0	13	0.0692976505169645
15	0	14	0.21083573734387756
15	1	1	0.0
15	1	2	0.05030378883890808
15	1	3	0.008385722503298894
15	1	4	0.019071066208416598
15	1	5	0.0530997046577977
15	1	6	0.05177207724398613
15	1	7	0.17330700264242477
15	1	8	0.062399761127540844
15	1	9	0.06780502315633931
15	1	10	0.06651884404101292
15	1	11	0.06248624792369083
15	1	12	0.06273362793051637
15	1	13	0.0660636398838833
15	1	14	0.17854759632074274
15	2	2	0.0
15	2	3	0.0589712979211472
15	2	4	0.06720607998874038
15	2	5	0.0033631990518188104
15	2	6	0.004111105986310577
15	2	7	0.1818584062992595
15	2	8	0.06999986352445557
15	2	9	0.07162774266162887
15	2	10	0.07179331001447281
15	2	11	0.06636307158158161
15	2	12	0.06968566418113187
15	2	13	0.07228113225009293
15	2	14	0.22265590512985364
15	3	3	0.0
15	3	4	0.0070073757246136665
15	3	5	0.06177648019243497
15	3	6	0.059593342923362796
15	3	7	0.17411280693951994
15	3	8	0.06280524417944253
15	3	9	0.07230115764588117
15	3	10	0.06690516648368794
15	3	11	0.06711264955997467
15	3	12	0.06205372908711433
15	3	13	0.06924517171178013
15	3	14	0.16945556077361107
15	4	4	0.0
15	4	5	0.0660253238719306
15	4	6	0.04999192090883298
15	4	7	0.17045306348986924
15	4	8	0.06235648730583489
15	4	9	0.06511537504568696
15	4	10	0.06821032886134344
15	4	11	0.061068625062704086
15	4	12	0.059627613216638564
15	4	13	0.06423328873421996
15	4	14	0.16276314079016446
15	5	5	0.0
15	5	6	0.004525522404255753
15	5	7	0.18506996039760998
15	5	8	0.07267316599743208
15	5	9	0.07380499967368087
15	5	10	0.07398694551785592
15	5	11	0.06835898025141796
15	5	12	0.0733398379785358
15	5	13	0.07385284990625224
15	5	14	0.22402341399615397
15	6	6	0.0
15	6	7	0.18310186285668897
15	6	8	0.07312224892692029
15	6	9	0.0757585566712296
15	6	10	0.07460617819966137
15	6	11	0.06984937407241523
15	6	12	0.07323854029716313
15	6	13	0.07600723184763775
15	6	14	0.22217615594344534
15	7	7	0.0
15	7	8	0.05342693574421293
15	7	9	0.03493773702559104
15	7	10	0.04485183793210779
15	7	11	0.05975227857383424
15	7	12	0.04948488169512035
15	7	13	0.0655983316603878
15	7	14	0.1974207753399387
15	8	8	0.0
15	8	9	0.018553888635529626
15	8	10	0.005664659937402965
15	8	11	0.010631976063333212
15	8	12	0.013005157806030754
15	8	13	0.016814249568760462
15	8	14	0.13569740548916162
15	9	9	0.0
15	9	10	0.018828481537471516
15	9	11	0.02082504230135116
15	9	12	0.01431409259485553
15	9	13	0.02099220678832571
15	9	14	0.1477460301183164
15	10	10	0.0
15	10	11	0.0077479692283078435
15	10	12	0.011455733703283328
15	10	13	0.014484174154733184
15	10	14	0.1380729242481466
15	11	11	0.0
15	11	12	0.008195934524243706
15	11	13	0.011402086144493472
15	11	14	0.13719333039969206
15	12	12	0.0
15	12	13	0.01421489229764841
15	12	14	0.14008107164502143
15	13	13	0.0
15	13	14	0.13273108340892942
15	14	14	0.0
16	0	0	0.0
16	0	1	0.0408834865745157
16	0	2	0.05157611029190593
16	0	3	0.023807694155490024
16	0	4	0.04233039664337412
16	0	5	0.04384341632155701
16	0	6	0.048820963121950625
16	0	7	0.21942975153619773
16	0	8	0.2478230642651033
16	0	9	0.140442854127381
16	0	10	0.2161405370902794
16	0	11	0.25884187187510543
16	0	12	0.1239242491517216
16	0	13	0.11981863332772627
16	0	14	0.10972838760456943
16	1	1	0.0
16	1	2	0.07146273798361653
16	1	3	0.05318918443343137
16	1	4	0.06954056502692402
16	1	5	0.06888425512053073
16	1	6	0.0803447015825659
16	1	7	0.21342591430837637
16	1	8	0.23665752583989524
16	1	9	0.1414950120728463
16	1	10	0.23329357395501574
16	1	11	0.25279335489391813
16	1	12	0.11080169415846466
16	1	13	0.11021050587110222
16	1	14	0.13207806099878508
16	2	2	0.0
16	2	3	0.05938892198659596
16	2	4	0.027064564777800115
16	2	5	0.024398351318232016
16	2	6	0.028669653595803538
16	2	7	0.2217097229504434
16	2	8	0.22683976381729007
16	2	9	0.12646760245240876
16	2	10	0.19696960252805729
16	2	11	0.23996092930750457
16	2	12	0.1289233750498097
16	2	13	0.12514576492030755
16	2	14	0.07965071345106116
16	3	3	0.0
16	3	4	0.050733962854952554
16	3	5	0.05284233174903784
16	3	6	0.06249631406331901
16	3	7	0.21833931340367416
16	3	8	0.24961835911989327
16	3	9	0.13674200849107002
16	3	10	0.1906948609506362
16	3	11	0.25446959559654353
16	3	12	0.12297865112090949
16	3	13	0.11849239085114095
16	3	14	0.10910894436934905
16	4	4	0.0
16	4	5	0.011969855343922973
16	4	6	0.021316236784681676
16	4	7	0.21384128734687693
16	4	8	0.22423567439991166
16	4	9	0.11580457194894553
16	4	10	0.21434419933886967
16	4	11	0.23992720270040446
16	4	12	0.12186938266595826
16	4	13	0.11541902237012983
16	4	14	0.0776972868336452
16	5	5	0.0
16	5	6	0.01936842875741422
16	5	7	0.2214254194352252
16	5	8	0.2305825345000776
16	5	9	0.11917381218448281
16	5	10	0.22149766374265892
16	5	11	0.24270840282808057
16	5	12	0.12183585076266899
16	5	13	0.11841419544443488
16	5	14	0.0751923701675696
16	6	6	0.0
16	6	7	0.22294624882782227
16	6	8	0.23237884890908025
16	6	9	0.13128886865265668
16	6	10	0.19000821091493708
16	6	11	0.24131191456201487
16	6	12	0.12247778210556134
16	6	13	0.12131314239464701
16	6	14	0.08008961915281543
16	7	7	0.0
16	7	8	0.043313727135828234
16	7	9	0.15871858483771212
16	7	10	0.14744573930522892
16	7	11	0.04759185783093562
16	7	12	0.16179137801597243
16	7	13	0.15993149713272578
16	7	14	0.22662080945722118
16	8	8	0.0
16	8	9	0.17868181029094882
16	8	10	0.1751441899465396
16	8	11	0.03959541959349002
16	8	12	0.20428257691870175
16	8	13	0.20254326989654947
16	8	14	0.24100594257995545
16	9	9	0.0
16	9	10	0.1951168165956355
16	9	11	0.18625228502764085
16	9	12	0.08861700810448678
16	9	13	0.08881063317042975
16	9	14	0.15269856768903264
16	10	10	0.0
16	10	11	0.16925065135216788
16	10	12	0.1771299245535612
16	10	13	0.17947639160536957
16	10	14	0.21351060556112497
16	11	11	0.0
16	11	12	0.2041295742548508
16	11	13	0.2088902071144704
16	11	14	0.25419800274386944
16	12	12	0.0
16	12	13	0.03817690297848173
16	12	14	0.16440192059717082
16	13	13	0.0
16	13	14	0.15438450809624918
16	14	14	0.0
