_ws.col.Time,frame.len,ip.src,tcp.srcport,ip.dst,tcp.dstport,tcp.len,tcp.seq_raw,tcp.ack_raw,tcp.options.timestamp.tsval,tcp.options.timestamp.tsecr
"11:35:49.264532","60","47.74.8.123","80","100.64.0.2","51114","0","522818696","3488714503","2385813074","3328793140"
"11:35:49.447008","52","47.74.8.123","80","100.64.0.2","51114","0","522818697","3488714649","2385813256","3328793329"
"11:35:49.447027","1500","47.74.8.123","80","100.64.0.2","51114","1448","522818697","3488714649","2385813256","3328793329"
"11:35:49.447033","1500","47.74.8.123","80","100.64.0.2","51114","1448","522820145","3488714649","2385813256","3328793329"
"11:35:49.447037","1500","47.74.8.123","80","100.64.0.2","51114","1448","522821593","3488714649","2385813256","3328793329"
"11:35:49.447044","1500","47.74.8.123","80","100.64.0.2","51114","1448","522823041","3488714649","2385813256","3328793329"
"11:35:49.447053","1500","47.74.8.123","80","100.64.0.2","51114","1448","522824489","3488714649","2385813256","3328793329"
"11:35:49.447058","1500","47.74.8.123","80","100.64.0.2","51114","1448","522825937","3488714649","2385813256","3328793329"
"11:35:49.447062","1500","47.74.8.123","80","100.64.0.2","51114","1448","522827385","3488714649","2385813256","3328793329"
"11:35:49.447075","1500","47.74.8.123","80","100.64.0.2","51114","1448","522828833","3488714649","2385813256","3328793329"
"11:35:49.447084","1500","47.74.8.123","80","100.64.0.2","51114","1448","522830281","3488714649","2385813256","3328793329"
"11:35:49.447092","1500","47.74.8.123","80","100.64.0.2","51114","1448","522831729","3488714649","2385813256","3328793329"
"11:35:49.658804","1500","47.74.8.123","80","100.64.0.2","51114","1448","522833177","3488714649","2385813468","3328793541"
"11:35:49.658818","1500","47.74.8.123","80","100.64.0.2","51114","1448","522834625","3488714649","2385813468","3328793541"
"11:35:49.687830","1500","47.74.8.123","80","100.64.0.2","51114","1448","522836073","3488714649","2385813497","3328793571"
"11:35:49.687842","1500","47.74.8.123","80","100.64.0.2","51114","1448","522837521","3488714649","2385813497","3328793571"
"11:35:49.717990","1500","47.74.8.123","80","100.64.0.2","51114","1448","522838969","3488714649","2385813527","3328793602"
"11:35:49.718000","1500","47.74.8.123","80","100.64.0.2","51114","1448","522840417","3488714649","2385813527","3328793602"
"11:35:49.750090","1500","47.74.8.123","80","100.64.0.2","51114","1448","522841865","3488714649","2385813559","3328793633"
"11:35:49.750101","1500","47.74.8.123","80","100.64.0.2","51114","1448","522843313","3488714649","2385813559","3328793633"
"11:35:49.779267","1500","47.74.8.123","80","100.64.0.2","51114","1448","522844761","3488714649","2385813588","3328793663"
"11:35:49.779278","1500","47.74.8.123","80","100.64.0.2","51114","1448","522846209","3488714649","2385813588","3328793663"
"11:35:49.809349","1500","47.74.8.123","80","100.64.0.2","51114","1448","522847657","3488714649","2385813619","3328793693"
"11:35:49.809360","1500","47.74.8.123","80","100.64.0.2","51114","1448","522849105","3488714649","2385813619","3328793693"
"11:35:49.839511","1500","47.74.8.123","80","100.64.0.2","51114","1448","522850553","3488714649","2385813649","3328793722"
"11:35:49.870561","1500","47.74.8.123","80","100.64.0.2","51114","1448","522852001","3488714649","2385813680","3328793753"
"11:35:49.900727","1500","47.74.8.123","80","100.64.0.2","51114","1448","522827385","3488714649","2385813710","3328793783"
"11:35:49.960898","1500","47.74.8.123","80","100.64.0.2","51114","1448","522853449","3488714649","2385813770","3328793844"
"11:35:50.022106","1500","47.74.8.123","80","100.64.0.2","51114","1448","522854897","3488714649","2385813831","3328793905"
"11:35:50.082194","1500","47.74.8.123","80","100.64.0.2","51114","1448","522856345","3488714649","2385813891","3328793965"
"11:35:50.142399","1500","47.74.8.123","80","100.64.0.2","51114","1448","522857793","3488714649","2385813952","3328794025"
"11:35:50.203636","1500","47.74.8.123","80","100.64.0.2","51114","1448","522859241","3488714649","2385814013","3328794086"
"11:35:50.263903","1500","47.74.8.123","80","100.64.0.2","51114","1448","522828833","3488714649","2385814073","3328794147"
"11:35:50.293854","1500","47.74.8.123","80","100.64.0.2","51114","1448","522860689","3488714649","2385814103","3328794177"
"11:35:50.325102","1500","47.74.8.123","80","100.64.0.2","51114","1448","522862137","3488714649","2385814134","3328794208"
"11:35:50.356191","1500","47.74.8.123","80","100.64.0.2","51114","1448","522863585","3488714649","2385814165","3328794239"
"11:35:50.385289","1500","47.74.8.123","80","100.64.0.2","51114","1448","522865033","3488714649","2385814194","3328794268"
"11:35:50.446533","1500","47.74.8.123","80","100.64.0.2","51114","1448","522830281","3488714649","2385814256","3328794329"
"11:35:50.446547","1500","47.74.8.123","80","100.64.0.2","51114","1448","522866481","3488714649","2385814256","3328794329"
"11:35:50.476592","1500","47.74.8.123","80","100.64.0.2","51114","1448","522867929","3488714649","2385814286","3328794359"
"11:35:50.506745","1500","47.74.8.123","80","100.64.0.2","51114","1448","522869377","3488714649","2385814316","3328794389"
"11:35:50.536781","1500","47.74.8.123","80","100.64.0.2","51114","1448","522870825","3488714649","2385814346","3328794419"
"11:35:50.566985","1500","47.74.8.123","80","100.64.0.2","51114","1448","522872273","3488714649","2385814376","3328794450"
"11:35:50.627276","1500","47.74.8.123","80","100.64.0.2","51114","1448","522831729","3488714649","2385814436","3328794511"
"11:35:50.627291","1500","47.74.8.123","80","100.64.0.2","51114","1448","522873721","3488714649","2385814436","3328794511"
"11:35:50.658472","1500","47.74.8.123","80","100.64.0.2","51114","1448","522875169","3488714649","2385814468","3328794542"
"11:35:50.688514","1500","47.74.8.123","80","100.64.0.2","51114","1448","522876617","3488714649","2385814498","3328794571"
"11:35:50.718629","1500","47.74.8.123","80","100.64.0.2","51114","1448","522878065","3488714649","2385814528","3328794601"
"11:35:50.749770","1500","47.74.8.123","80","100.64.0.2","51114","1448","522879513","3488714649","2385814559","3328794632"
"11:35:50.779882","1500","47.74.8.123","80","100.64.0.2","51114","1448","522880961","3488714649","2385814589","3328794662"
"11:35:50.809027","1500","47.74.8.123","80","100.64.0.2","51114","1448","522849105","3488714649","2385814618","3328794692"
"11:35:50.809038","1500","47.74.8.123","80","100.64.0.2","51114","1448","522882409","3488714649","2385814618","3328794692"
"11:35:50.839191","1500","47.74.8.123","80","100.64.0.2","51114","1448","522883857","3488714649","2385814648","3328794723"
"11:35:50.870782","1500","47.74.8.123","80","100.64.0.2","51114","1448","522885305","3488714649","2385814680","3328794754"
"11:35:50.900450","1500","47.74.8.123","80","100.64.0.2","51114","1448","522886753","3488714649","2385814710","3328794783"
"11:35:50.930003","1500","47.74.8.123","80","100.64.0.2","51114","1448","522888201","3488714649","2385814739","3328794813"
"11:35:50.961662","1500","47.74.8.123","80","100.64.0.2","51114","1448","522889649","3488714649","2385814771","3328794844"
"11:35:50.991208","1500","47.74.8.123","80","100.64.0.2","51114","1448","522891097","3488714649","2385814800","3328794875"
"11:35:51.020826","1500","47.74.8.123","80","100.64.0.2","51114","1448","522892545","3488714649","2385814830","3328794904"
"11:35:51.052447","1500","47.74.8.123","80","100.64.0.2","51114","1448","522893993","3488714649","2385814862","3328794935"
"11:35:51.083058","1500","47.74.8.123","80","100.64.0.2","51114","1448","522895441","3488714649","2385814892","3328794966"
"11:35:51.112703","1500","47.74.8.123","80","100.64.0.2","51114","1448","522896889","3488714649","2385814922","3328794995"
"11:35:51.142729","1500","47.74.8.123","80","100.64.0.2","51114","1448","522898337","3488714649","2385814952","3328795026"
"11:35:51.173008","1500","47.74.8.123","80","100.64.0.2","51114","1448","522899785","3488714649","2385814982","3328795056"
"11:35:51.202895","1500","47.74.8.123","80","100.64.0.2","51114","1448","522901233","3488714649","2385815012","3328795086"
"11:35:51.233419","1500","47.74.8.123","80","100.64.0.2","51114","1448","522902681","3488714649","2385815043","3328795117"
"11:35:51.233431","1500","47.74.8.123","80","100.64.0.2","51114","1448","522904129","3488714649","2385815043","3328795117"
"11:35:51.273529","1500","47.74.8.123","80","100.64.0.2","51114","1448","522905577","3488714649","2385815074","3328795148"
"11:35:51.294647","1500","47.74.8.123","80","100.64.0.2","51114","1448","522907025","3488714649","2385815104","3328795177"
"11:35:51.324573","1500","47.74.8.123","80","100.64.0.2","51114","1448","522908473","3488714649","2385815134","3328795207"
"11:35:51.355855","1500","47.74.8.123","80","100.64.0.2","51114","1448","522909921","3488714649","2385815165","3328795238"
"11:35:51.384980","1500","47.74.8.123","80","100.64.0.2","51114","1448","522911369","3488714649","2385815194","3328795268"
"11:35:51.415041","1500","47.74.8.123","80","100.64.0.2","51114","1448","522912817","3488714649","2385815224","3328795299"
"11:35:51.446224","1500","47.74.8.123","80","100.64.0.2","51114","1448","522914265","3488714649","2385815255","3328795330"
"11:35:51.476240","1500","47.74.8.123","80","100.64.0.2","51114","1448","522915713","3488714649","2385815285","3328795360"
"11:35:51.506536","1500","47.74.8.123","80","100.64.0.2","51114","1448","522917161","3488714649","2385815316","3328795389"
"11:35:51.506549","1500","47.74.8.123","80","100.64.0.2","51114","1448","522918609","3488714649","2385815316","3328795389"
"11:35:51.536461","1500","47.74.8.123","80","100.64.0.2","51114","1448","522920057","3488714649","2385815346","3328795419"
"11:35:51.567808","1500","47.74.8.123","80","100.64.0.2","51114","1448","522921505","3488714649","2385815377","3328795450"
"11:35:51.597652","1500","47.74.8.123","80","100.64.0.2","51114","1448","522922953","3488714649","2385815407","3328795480"
"11:35:51.627033","1500","47.74.8.123","80","100.64.0.2","51114","1448","522924401","3488714649","2385815436","3328795511"
"11:35:51.658904","1500","47.74.8.123","80","100.64.0.2","51114","1448","522925849","3488714649","2385815468","3328795541"
"11:35:51.688282","1500","47.74.8.123","80","100.64.0.2","51114","1448","522927297","3488714649","2385815497","3328795572"
"11:35:51.718124","1500","47.74.8.123","80","100.64.0.2","51114","1448","522928745","3488714649","2385815527","3328795602"
"11:35:51.749552","1500","47.74.8.123","80","100.64.0.2","51114","1448","522930193","3488714649","2385815559","3328795632"
"11:35:51.779351","1500","47.74.8.123","80","100.64.0.2","51114","1448","522931641","3488714649","2385815589","3328795662"
"11:35:51.809809","1500","47.74.8.123","80","100.64.0.2","51114","1448","522933089","3488714649","2385815619","3328795692"
"11:35:51.809819","1500","47.74.8.123","80","100.64.0.2","51114","1448","522934537","3488714649","2385815619","3328795692"
"11:35:51.839587","1500","47.74.8.123","80","100.64.0.2","51114","1448","522935985","3488714649","2385815649","3328795722"
"11:35:51.870065","1500","47.74.8.123","80","100.64.0.2","51114","1448","522937433","3488714649","2385815679","3328795754"
"11:35:51.900842","1500","47.74.8.123","80","100.64.0.2","51114","1448","522938881","3488714649","2385815710","3328795783"
"11:35:51.930353","1500","47.74.8.123","80","100.64.0.2","51114","1448","522940329","3488714649","2385815740","3328795814"
"11:35:51.961064","1500","47.74.8.123","80","100.64.0.2","51114","1448","522941777","3488714649","2385815770","3328795845"
"11:35:51.991528","1500","47.74.8.123","80","100.64.0.2","51114","1448","522943225","3488714649","2385815801","3328795874"
"11:35:52.021265","1500","47.74.8.123","80","100.64.0.2","51114","1448","522944673","3488714649","2385815830","3328795905"
"11:35:52.052739","1500","47.74.8.123","80","100.64.0.2","51114","1448","522946121","3488714649","2385815862","3328795935"
"11:35:52.082494","1500","47.74.8.123","80","100.64.0.2","51114","1448","522947569","3488714649","2385815892","3328795965"
"11:35:52.111914","1500","47.74.8.123","80","100.64.0.2","51114","1448","522949017","3488714649","2385815921","3328795995"
"11:35:52.142719","1500","47.74.8.123","80","100.64.0.2","51114","1448","522950465","3488714649","2385815952","3328796025"
"11:35:52.142732","1500","47.74.8.123","80","100.64.0.2","51114","1448","522951913","3488714649","2385815952","3328796025"
"11:35:52.174160","1500","47.74.8.123","80","100.64.0.2","51114","1448","522953361","3488714649","2385815983","3328796057"
"11:35:52.202900","1500","47.74.8.123","80","100.64.0.2","51114","1448","522954809","3488714649","2385816012","3328796086"
"11:35:52.233017","1500","47.74.8.123","80","100.64.0.2","51114","1448","522956257","3488714649","2385816042","3328796116"
"11:35:52.265116","1500","47.74.8.123","80","100.64.0.2","51114","1448","522957705","3488714649","2385816074","3328796148"
"11:35:52.294265","1500","47.74.8.123","80","100.64.0.2","51114","1448","522959153","3488714649","2385816103","3328796178"
"11:35:52.324339","1500","47.74.8.123","80","100.64.0.2","51114","1448","522960601","3488714649","2385816134","3328796207"
"11:35:52.355566","1500","47.74.8.123","80","100.64.0.2","51114","1448","522962049","3488714649","2385816165","3328796238"
"11:35:52.385579","1500","47.74.8.123","80","100.64.0.2","51114","1448","522963497","3488714649","2385816195","3328796268"
"11:35:52.414865","1500","47.74.8.123","80","100.64.0.2","51114","1448","522964945","3488714649","2385816224","3328796298"
"11:35:52.446814","1500","47.74.8.123","80","100.64.0.2","51114","1448","522966393","3488714649","2385816256","3328796329"
"11:35:52.477097","1500","47.74.8.123","80","100.64.0.2","51114","1448","522967841","3488714649","2385816286","3328796360"
"11:35:52.506056","1500","47.74.8.123","80","100.64.0.2","51114","1448","522969289","3488714649","2385816315","3328796390"
"11:35:52.536156","1500","47.74.8.123","80","100.64.0.2","51114","1448","522970737","3488714649","2385816345","3328796420"
"11:35:52.567310","1500","47.74.8.123","80","100.64.0.2","51114","1448","522951913","3488714649","2385816376","3328796451"
"11:35:52.627578","1500","47.74.8.123","80","100.64.0.2","51114","1448","522972185","3488714649","2385816437","3328796510"
"11:35:52.718853","1500","47.74.8.123","80","100.64.0.2","51114","1448","522973633","3488714649","2385816528","3328796601"
"11:35:52.790184","1500","47.74.8.123","80","100.64.0.2","51114","1448","522975081","3488714649","2385816599","3328796663"
"11:35:52.870149","1500","47.74.8.123","80","100.64.0.2","51114","1448","522976529","3488714649","2385816679","3328796754"
"11:35:52.900266","1500","47.74.8.123","80","100.64.0.2","51114","1448","522977977","3488714649","2385816709","3328796784"
"11:35:52.930443","1500","47.74.8.123","80","100.64.0.2","51114","1448","522979425","3488714649","2385816740","3328796813"
"11:35:52.961580","1500","47.74.8.123","80","100.64.0.2","51114","1448","522980873","3488714649","2385816771","3328796844"
"11:35:52.991685","1500","47.74.8.123","80","100.64.0.2","51114","1448","522982321","3488714649","2385816801","3328796874"
"11:35:53.021807","1500","47.74.8.123","80","100.64.0.2","51114","1448","522983769","3488714649","2385816831","3328796904"
"11:35:53.051897","1500","47.74.8.123","80","100.64.0.2","51114","1448","522985217","3488714649","2385816861","3328796935"
"11:35:53.082031","1500","47.74.8.123","80","100.64.0.2","51114","1448","522986665","3488714649","2385816891","3328796966"
"11:35:53.113155","1500","47.74.8.123","80","100.64.0.2","51114","1448","522988113","3488714649","2385816922","3328796996"
"11:35:53.113168","1500","47.74.8.123","80","100.64.0.2","51114","1448","522989561","3488714649","2385816922","3328796996"
"11:35:53.142233","1500","47.74.8.123","80","100.64.0.2","51114","1448","522991009","3488714649","2385816951","3328797026"
"11:35:53.173331","1500","47.74.8.123","80","100.64.0.2","51114","1448","522992457","3488714649","2385816983","3328797056"
"11:35:53.203431","1500","47.74.8.123","80","100.64.0.2","51114","1448","522993905","3488714649","2385817013","3328797086"
"11:35:53.233513","1500","47.74.8.123","80","100.64.0.2","51114","1448","522995353","3488714649","2385817043","3328797116"
"11:35:53.264645","1500","47.74.8.123","80","100.64.0.2","51114","1448","522996801","3488714649","2385817074","3328797147"
"11:35:53.294702","1500","47.74.8.123","80","100.64.0.2","51114","1448","522998249","3488714649","2385817104","3328797177"
"11:35:53.324872","1500","47.74.8.123","80","100.64.0.2","51114","1448","522999697","3488714649","2385817134","3328797207"
"11:35:53.324882","1500","47.74.8.123","80","100.64.0.2","51114","1448","523001145","3488714649","2385817134","3328797207"
"11:35:53.354938","1500","47.74.8.123","80","100.64.0.2","51114","1448","523002593","3488714649","2385817164","3328797238"
"11:35:53.385098","1500","47.74.8.123","80","100.64.0.2","51114","1448","523004041","3488714649","2385817194","3328797269"
"11:35:53.416179","1500","47.74.8.123","80","100.64.0.2","51114","1448","523005489","3488714649","2385817225","3328797299"
"11:35:53.446337","1500","47.74.8.123","80","100.64.0.2","51114","1448","523006937","3488714649","2385817256","3328797329"
"11:35:53.476361","1500","47.74.8.123","80","100.64.0.2","51114","1448","523008385","3488714649","2385817286","3328797359"
"11:35:53.506581","1500","47.74.8.123","80","100.64.0.2","51114","1448","523009833","3488714649","2385817316","3328797389"
"11:35:53.536584","1500","47.74.8.123","80","100.64.0.2","51114","1448","523011281","3488714649","2385817346","3328797419"
"11:35:53.567800","1500","47.74.8.123","80","100.64.0.2","51114","1448","523012729","3488714649","2385817377","3328797450"
"11:35:53.567810","1500","47.74.8.123","80","100.64.0.2","51114","1448","523014177","3488714649","2385817377","3328797450"
"11:35:53.597805","1500","47.74.8.123","80","100.64.0.2","51114","1448","523015625","3488714649","2385817407","3328797480"
"11:35:53.627039","1500","47.74.8.123","80","100.64.0.2","51114","1448","523017073","3488714649","2385817436","3328797511"
"11:35:53.658021","1500","47.74.8.123","80","100.64.0.2","51114","1448","523018521","3488714649","2385817467","3328797542"
"11:35:53.688325","1500","47.74.8.123","80","100.64.0.2","51114","1448","523019969","3488714649","2385817498","3328797572"
"11:35:53.718271","1500","47.74.8.123","80","100.64.0.2","51114","1448","523021417","3488714649","2385817527","3328797602"
"11:35:53.749565","1500","47.74.8.123","80","100.64.0.2","51114","1448","523022865","3488714649","2385817559","3328797632"
"11:35:53.779493","1500","47.74.8.123","80","100.64.0.2","51114","1448","523024313","3488714649","2385817589","3328797662"
"11:35:53.809771","1500","47.74.8.123","80","100.64.0.2","51114","1448","523025761","3488714649","2385817619","3328797692"
"11:35:53.839708","1500","47.74.8.123","80","100.64.0.2","51114","1448","523027209","3488714649","2385817649","3328797722"
"11:35:53.839718","1500","47.74.8.123","80","100.64.0.2","51114","1448","523028657","3488714649","2385817649","3328797722"
"11:35:53.869987","1500","47.74.8.123","80","100.64.0.2","51114","1448","523030105","3488714649","2385817679","3328797754"
"11:35:53.899847","1500","47.74.8.123","80","100.64.0.2","51114","1448","523031553","3488714649","2385817709","3328797783"
"11:35:53.930195","1500","47.74.8.123","80","100.64.0.2","51114","1448","523033001","3488714649","2385817739","3328797814"
"11:35:53.962081","1500","47.74.8.123","80","100.64.0.2","51114","1448","523034449","3488714649","2385817771","3328797845"
"11:35:53.991406","1500","47.74.8.123","80","100.64.0.2","51114","1448","523035897","3488714649","2385817801","3328797874"
"11:35:54.021475","1500","47.74.8.123","80","100.64.0.2","51114","1448","523037345","3488714649","2385817831","3328797905"
"11:35:54.052588","1500","47.74.8.123","80","100.64.0.2","51114","1448","523038793","3488714649","2385817862","3328797935"
"11:35:54.082683","1500","47.74.8.123","80","100.64.0.2","51114","1448","523040241","3488714649","2385817892","3328797965"
"11:35:54.112785","1500","47.74.8.123","80","100.64.0.2","51114","1448","523041689","3488714649","2385817922","3328797995"
"11:35:54.141837","1500","47.74.8.123","80","100.64.0.2","51114","1448","523043137","3488714649","2385817951","3328798025"
"11:35:54.141848","1500","47.74.8.123","80","100.64.0.2","51114","1448","523044585","3488714649","2385817951","3328798025"
"11:35:54.173035","1500","47.74.8.123","80","100.64.0.2","51114","1448","523046033","3488714649","2385817982","3328798057"
"11:35:54.204066","1500","47.74.8.123","80","100.64.0.2","51114","1448","523047481","3488714649","2385818013","3328798087"
"11:35:54.233277","1500","47.74.8.123","80","100.64.0.2","51114","1448","523048929","3488714649","2385818042","3328798117"
"11:35:54.264311","1500","47.74.8.123","80","100.64.0.2","51114","1448","523050377","3488714649","2385818074","3328798148"
"11:35:54.294518","1500","47.74.8.123","80","100.64.0.2","51114","1448","523051825","3488714649","2385818104","3328798177"
"11:35:54.324583","1500","47.74.8.123","80","100.64.0.2","51114","1448","523053273","3488714649","2385818134","3328798207"
"11:35:54.355740","1500","47.74.8.123","80","100.64.0.2","51114","1448","523054721","3488714649","2385818165","3328798238"
"11:35:54.385804","1500","47.74.8.123","80","100.64.0.2","51114","1448","523056169","3488714649","2385818195","3328798268"
"11:35:54.414896","1500","47.74.8.123","80","100.64.0.2","51114","1448","523057617","3488714649","2385818224","3328798298"
"11:35:54.446024","1500","47.74.8.123","80","100.64.0.2","51114","1448","523059065","3488714649","2385818255","3328798330"
"11:35:54.477198","1500","47.74.8.123","80","100.64.0.2","51114","1448","523060513","3488714649","2385818286","3328798360"
"11:35:54.477211","1500","47.74.8.123","80","100.64.0.2","51114","1448","523061961","3488714649","2385818286","3328798360"
"11:35:54.506304","1500","47.74.8.123","80","100.64.0.2","51114","1448","523063409","3488714649","2385818315","3328798390"
"11:35:54.536360","1500","47.74.8.123","80","100.64.0.2","51114","1448","523064857","3488714649","2385818346","3328798419"
"11:35:54.567591","1500","47.74.8.123","80","100.64.0.2","51114","1448","523066305","3488714649","2385818377","3328798450"
"11:35:54.597577","1500","47.74.8.123","80","100.64.0.2","51114","1448","523067753","3488714649","2385818407","3328798480"
"11:35:54.627795","1500","47.74.8.123","80","100.64.0.2","51114","1448","523069201","3488714649","2385818437","3328798510"
"11:35:54.658816","1500","47.74.8.123","80","100.64.0.2","51114","1448","523070649","3488714649","2385818468","3328798541"
"11:35:54.687997","1500","47.74.8.123","80","100.64.0.2","51114","1448","523072097","3488714649","2385818497","3328798572"
"11:35:54.718024","1500","47.74.8.123","80","100.64.0.2","51114","1448","523073545","3488714649","2385818527","3328798602"
"11:35:54.749220","1500","47.74.8.123","80","100.64.0.2","51114","1448","523074993","3488714649","2385818558","3328798633"
"11:35:54.779246","1500","47.74.8.123","80","100.64.0.2","51114","1448","523076441","3488714649","2385818588","3328798663"
"11:35:54.809426","1500","47.74.8.123","80","100.64.0.2","51114","1448","523077889","3488714649","2385818619","3328798692"
"11:35:54.839453","1500","47.74.8.123","80","100.64.0.2","51114","1448","523079337","3488714649","2385818649","3328798722"
"11:35:54.870581","1500","47.74.8.123","80","100.64.0.2","51114","1448","523080785","3488714649","2385818680","3328798753"
"11:35:54.900726","1500","47.74.8.123","80","100.64.0.2","51114","1448","523061961","3488714649","2385818710","3328798783"
"11:35:54.960918","1500","47.74.8.123","80","100.64.0.2","51114","1448","523082233","3488714649","2385818770","3328798844"
"11:35:55.022118","1500","47.74.8.123","80","100.64.0.2","51114","1448","523083681","3488714649","2385818831","3328798905"
"11:35:55.082229","1500","47.74.8.123","80","100.64.0.2","51114","1448","523085129","3488714649","2385818891","3328798965"
"11:35:55.173648","1500","47.74.8.123","80","100.64.0.2","51114","1448","523086577","3488714649","2385818983","3328799056"
"11:35:55.203618","1500","47.74.8.123","80","100.64.0.2","51114","1448","523088025","3488714649","2385819013","3328799086"
"11:35:55.233703","1500","47.74.8.123","80","100.64.0.2","51114","1448","523089473","3488714649","2385819043","3328799116"
"11:35:55.264830","1500","47.74.8.123","80","100.64.0.2","51114","1448","523090921","3488714649","2385819074","3328799147"
"11:35:55.293871","1500","47.74.8.123","80","100.64.0.2","51114","1448","523092369","3488714649","2385819103","3328799177"
"11:35:55.324058","1500","47.74.8.123","80","100.64.0.2","51114","1448","523093817","3488714649","2385819133","3328799208"
"11:35:55.356138","1500","47.74.8.123","80","100.64.0.2","51114","1448","523095265","3488714649","2385819165","3328799239"
"11:35:55.385320","1500","47.74.8.123","80","100.64.0.2","51114","1448","523096713","3488714649","2385819195","3328799269"
"11:35:55.415413","1500","47.74.8.123","80","100.64.0.2","51114","1448","523098161","3488714649","2385819225","3328799298"
"11:35:55.415424","1500","47.74.8.123","80","100.64.0.2","51114","1448","523099609","3488714649","2385819225","3328799298"
"11:35:55.446569","1500","47.74.8.123","80","100.64.0.2","51114","1448","523101057","3488714649","2385819256","3328799329"
"11:35:55.476661","1500","47.74.8.123","80","100.64.0.2","51114","1448","523102505","3488714649","2385819286","3328799359"
"11:35:55.506868","1500","47.74.8.123","80","100.64.0.2","51114","1448","523103953","3488714649","2385819316","3328799389"
"11:35:55.535874","1500","47.74.8.123","80","100.64.0.2","51114","1448","523105401","3488714649","2385819345","3328799419"
"11:35:55.567111","1500","47.74.8.123","80","100.64.0.2","51114","1448","523106849","3488714649","2385819376","3328799451"
"11:35:55.598116","1500","47.74.8.123","80","100.64.0.2","51114","1448","523108297","3488714649","2385819407","3328799481"
"11:35:55.627421","1500","47.74.8.123","80","100.64.0.2","51114","1448","523109745","3488714649","2385819437","3328799510"
"11:35:55.627434","1500","47.74.8.123","80","100.64.0.2","51114","1448","523111193","3488714649","2385819437","3328799510"
"11:35:55.658492","1500","47.74.8.123","80","100.64.0.2","51114","1448","523112641","3488714649","2385819468","3328799541"
"11:35:55.688657","1500","47.74.8.123","80","100.64.0.2","51114","1448","523114089","3488714649","2385819498","3328799571"
"11:35:55.718725","1500","47.74.8.123","80","100.64.0.2","51114","1448","523115537","3488714649","2385819528","3328799601"
"11:35:55.748891","1500","47.74.8.123","80","100.64.0.2","51114","1448","523116985","3488714649","2385819558","3328799632"
"11:35:55.778961","1500","47.74.8.123","80","100.64.0.2","51114","1448","523118433","3488714649","2385819588","3328799662"
"11:35:55.810108","1500","47.74.8.123","80","100.64.0.2","51114","1448","523119881","3488714649","2385819619","3328799693"
"11:35:55.840230","1500","47.74.8.123","80","100.64.0.2","51114","1448","523121329","3488714649","2385819649","3328799723"
"11:35:55.870282","1500","47.74.8.123","80","100.64.0.2","51114","1448","523122777","3488714649","2385819679","3328799753"
"11:35:55.870295","1500","47.74.8.123","80","100.64.0.2","51114","1448","523124225","3488714649","2385819679","3328799753"
"11:35:55.900369","1500","47.74.8.123","80","100.64.0.2","51114","1448","523125673","3488714649","2385819710","3328799783"
"11:35:55.930532","1500","47.74.8.123","80","100.64.0.2","51114","1448","523127121","3488714649","2385819740","3328799813"
"11:35:55.961565","1500","47.74.8.123","80","100.64.0.2","51114","1448","523128569","3488714649","2385819771","3328799844"
"11:35:55.991720","1500","47.74.8.123","80","100.64.0.2","51114","1448","523130017","3488714649","2385819801","3328799874"
"11:35:56.021764","1500","47.74.8.123","80","100.64.0.2","51114","1448","523131465","3488714649","2385819831","3328799904"
"11:35:56.051919","1500","47.74.8.123","80","100.64.0.2","51114","1448","523132913","3488714649","2385819861","3328799935"
"11:35:56.082007","1500","47.74.8.123","80","100.64.0.2","51114","1448","523134361","3488714649","2385819891","3328799966"
"11:35:56.113166","1500","47.74.8.123","80","100.64.0.2","51114","1448","523135809","3488714649","2385819922","3328799996"
"11:35:56.142265","1500","47.74.8.123","80","100.64.0.2","51114","1448","523137257","3488714649","2385819951","3328800026"
"11:35:56.142276","1500","47.74.8.123","80","100.64.0.2","51114","1448","523138705","3488714649","2385819951","3328800026"
"11:35:56.173342","1500","47.74.8.123","80","100.64.0.2","51114","1448","523140153","3488714649","2385819983","3328800056"
"11:35:56.233611","1500","47.74.8.123","80","100.64.0.2","51114","1448","523141601","3488714649","2385820043","3328800116"
"11:35:56.233622","1500","47.74.8.123","80","100.64.0.2","51114","1448","523143049","3488714649","2385820043","3328800116"
"11:35:56.294899","1500","47.74.8.123","80","100.64.0.2","51114","1448","523144497","3488714649","2385820104","3328800177"
"11:35:56.294911","1500","47.74.8.123","80","100.64.0.2","51114","1448","523145945","3488714649","2385820104","3328800177"
"11:35:56.355196","1500","47.74.8.123","80","100.64.0.2","51114","1448","523147393","3488714649","2385820164","3328800239"
"11:35:56.355209","1500","47.74.8.123","80","100.64.0.2","51114","1448","523148841","3488714649","2385820164","3328800239"
"11:35:56.415309","1500","47.74.8.123","80","100.64.0.2","51114","1448","523150289","3488714649","2385820224","3328800298"
"11:35:56.415320","1500","47.74.8.123","80","100.64.0.2","51114","1448","523151737","3488714649","2385820224","3328800298"
"11:35:56.446566","1500","47.74.8.123","80","100.64.0.2","51114","1448","523153185","3488714649","2385820256","3328800329"
"11:35:56.506671","1500","47.74.8.123","80","100.64.0.2","51114","1448","523154633","3488714649","2385820316","3328800389"
"11:35:56.536867","1500","47.74.8.123","80","100.64.0.2","51114","1448","523156081","3488714649","2385820346","3328800419"
"11:35:56.536879","1500","47.74.8.123","80","100.64.0.2","51114","1448","523157529","3488714649","2385820346","3328800419"
"11:35:56.597065","1500","47.74.8.123","80","100.64.0.2","51114","1448","523158977","3488714649","2385820406","3328800481"
"11:35:56.597080","1500","47.74.8.123","80","100.64.0.2","51114","1448","523160425","3488714649","2385820406","3328800481"
"11:35:56.658588","1500","47.74.8.123","80","100.64.0.2","51114","1448","523161873","3488714649","2385820468","3328800542"
"11:35:56.658604","1500","47.74.8.123","80","100.64.0.2","51114","1448","523163321","3488714649","2385820468","3328800542"
"11:35:56.718897","1500","47.74.8.123","80","100.64.0.2","51114","1448","523164769","3488714649","2385820528","3328800601"
"11:35:56.718908","1500","47.74.8.123","80","100.64.0.2","51114","1448","523166217","3488714649","2385820528","3328800601"
"11:35:56.779147","1500","47.74.8.123","80","100.64.0.2","51114","1448","523167665","3488714649","2385820588","3328800663"
"11:35:56.779158","1500","47.74.8.123","80","100.64.0.2","51114","1448","523169113","3488714649","2385820588","3328800663"
"11:35:56.839455","1500","47.74.8.123","80","100.64.0.2","51114","1448","523170561","3488714649","2385820649","3328800722"
"11:35:56.839468","1500","47.74.8.123","80","100.64.0.2","51114","1448","523172009","3488714649","2385820649","3328800722"
"11:35:56.900782","1500","47.74.8.123","80","100.64.0.2","51114","1448","523173457","3488714649","2385820710","3328800783"
"11:35:56.900794","1500","47.74.8.123","80","100.64.0.2","51114","1448","523174905","3488714649","2385820710","3328800783"
"11:35:56.961076","1500","47.74.8.123","80","100.64.0.2","51114","1448","523176353","3488714649","2385820770","3328800844"
"11:35:56.961087","1500","47.74.8.123","80","100.64.0.2","51114","1448","523177801","3488714649","2385820770","3328800844"
"11:35:57.021358","1500","47.74.8.123","80","100.64.0.2","51114","1448","523179249","3488714649","2385820830","3328800905"
"11:35:57.021369","1500","47.74.8.123","80","100.64.0.2","51114","1448","523180697","3488714649","2385820830","3328800905"
"11:35:57.021374","1500","47.74.8.123","80","100.64.0.2","51114","1448","523182145","3488714649","2385820831","3328800905"
"11:35:57.082720","1500","47.74.8.123","80","100.64.0.2","51114","1448","523183593","3488714649","2385820892","3328800965"
"11:35:57.082734","1500","47.74.8.123","80","100.64.0.2","51114","1448","523185041","3488714649","2385820892","3328800965"
"11:35:57.142031","1500","47.74.8.123","80","100.64.0.2","51114","1448","523186489","3488714649","2385820951","3328801025"
"11:35:57.142044","1500","47.74.8.123","80","100.64.0.2","51114","1448","523187937","3488714649","2385820951","3328801025"
"11:35:57.203290","1500","47.74.8.123","80","100.64.0.2","51114","1448","523189385","3488714649","2385821012","3328801087"
"11:35:57.203302","1500","47.74.8.123","80","100.64.0.2","51114","1448","523190833","3488714649","2385821012","3328801087"
"11:35:57.264565","1500","47.74.8.123","80","100.64.0.2","51114","1448","523192281","3488714649","2385821074","3328801147"
"11:35:57.264578","1500","47.74.8.123","80","100.64.0.2","51114","1448","523193729","3488714649","2385821074","3328801147"
"11:35:57.324885","1500","47.74.8.123","80","100.64.0.2","51114","1448","523195177","3488714649","2385821134","3328801207"
"11:35:57.324900","1500","47.74.8.123","80","100.64.0.2","51114","1448","523196625","3488714649","2385821134","3328801207"
"11:35:57.385052","1500","47.74.8.123","80","100.64.0.2","51114","1448","523198073","3488714649","2385821194","3328801269"
"11:35:57.385063","1500","47.74.8.123","80","100.64.0.2","51114","1448","523199521","3488714649","2385821194","3328801269"
"11:35:57.416273","1500","47.74.8.123","80","100.64.0.2","51114","1448","523200969","3488714649","2385821225","3328801299"
"11:35:57.416284","1500","47.74.8.123","80","100.64.0.2","51114","1448","523202417","3488714649","2385821225","3328801299"
"11:35:57.476381","1500","47.74.8.123","80","100.64.0.2","51114","1448","523203865","3488714649","2385821286","3328801359"
"11:35:57.476393","1500","47.74.8.123","80","100.64.0.2","51114","1448","523205313","3488714649","2385821286","3328801359"
"11:35:57.536729","1500","47.74.8.123","80","100.64.0.2","51114","1448","523206761","3488714649","2385821346","3328801419"
"11:35:57.536745","1500","47.74.8.123","80","100.64.0.2","51114","1448","523208209","3488714649","2385821346","3328801419"
"11:35:57.597044","1500","47.74.8.123","80","100.64.0.2","51114","1448","523209657","3488714649","2385821406","3328801480"
"11:35:57.597057","1500","47.74.8.123","80","100.64.0.2","51114","1448","523211105","3488714649","2385821406","3328801480"
"11:35:57.658345","1500","47.74.8.123","80","100.64.0.2","51114","1448","523212553","3488714649","2385821467","3328801542"
"11:35:57.658359","1500","47.74.8.123","80","100.64.0.2","51114","1448","523214001","3488714649","2385821467","3328801542"
"11:35:57.718640","1500","47.74.8.123","80","100.64.0.2","51114","1448","523215449","3488714649","2385821528","3328801601"
"11:35:57.718652","1500","47.74.8.123","80","100.64.0.2","51114","1448","523216897","3488714649","2385821528","3328801601"
"11:35:57.778892","1500","47.74.8.123","80","100.64.0.2","51114","1448","523218345","3488714649","2385821588","3328801662"
"11:35:57.808871","1500","47.74.8.123","80","100.64.0.2","51114","1448","523219793","3488714649","2385821618","3328801692"
"11:35:57.840093","1500","47.74.8.123","80","100.64.0.2","51114","1448","523221241","3488714649","2385821649","3328801723"
"11:35:57.871258","1500","47.74.8.123","80","100.64.0.2","51114","1448","523202417","3488714649","2385821680","3328801754"
"11:35:57.930329","1500","47.74.8.123","80","100.64.0.2","51114","1448","523222689","3488714649","2385821740","3328801813"
"11:35:57.991489","1500","47.74.8.123","80","100.64.0.2","51114","1448","523224137","3488714649","2385821801","3328801874"
"11:35:58.052655","1500","47.74.8.123","80","100.64.0.2","51114","1448","523225585","3488714649","2385821862","3328801935"
"11:35:58.141895","1500","47.74.8.123","80","100.64.0.2","51114","1448","523227033","3488714649","2385821951","3328802026"
"11:35:58.173992","1500","47.74.8.123","80","100.64.0.2","51114","1448","523228481","3488714649","2385821983","3328802057"
"11:35:58.174002","1500","47.74.8.123","80","100.64.0.2","51114","1448","523229929","3488714649","2385821983","3328802057"
"11:35:58.234081","1500","47.74.8.123","80","100.64.0.2","51114","1448","523231377","3488714649","2385822043","3328802117"
"11:35:58.234093","1500","47.74.8.123","80","100.64.0.2","51114","1448","523232825","3488714649","2385822043","3328802117"
"11:35:58.324489","1500","47.74.8.123","80","100.64.0.2","51114","1448","523234273","3488714649","2385822134","3328802207"
"11:35:58.324503","1500","47.74.8.123","80","100.64.0.2","51114","1448","523235721","3488714649","2385822134","3328802207"
"11:35:58.385578","1500","47.74.8.123","80","100.64.0.2","51114","1448","523237169","3488714649","2385822195","3328802268"
"11:35:58.385588","1500","47.74.8.123","80","100.64.0.2","51114","1448","523238617","3488714649","2385822195","3328802268"
"11:35:58.446648","1500","47.74.8.123","80","100.64.0.2","51114","1448","523240065","3488714649","2385822256","3328802329"
"11:35:58.446660","1500","47.74.8.123","80","100.64.0.2","51114","1448","523241513","3488714649","2385822256","3328802329"
"11:35:58.537047","1500","47.74.8.123","80","100.64.0.2","51114","1448","523242961","3488714649","2385822346","3328802420"
"11:35:58.537061","1500","47.74.8.123","80","100.64.0.2","51114","1448","523244409","3488714649","2385822346","3328802420"
"11:35:58.597128","1500","47.74.8.123","80","100.64.0.2","51114","1448","523245857","3488714649","2385822406","3328802481"
"11:35:58.597140","1500","47.74.8.123","80","100.64.0.2","51114","1448","523247305","3488714649","2385822406","3328802481"
"11:35:58.658355","1500","47.74.8.123","80","100.64.0.2","51114","1448","523248753","3488714649","2385822467","3328802542"
"11:35:58.658370","1500","47.74.8.123","80","100.64.0.2","51114","1448","523250201","3488714649","2385822467","3328802542"
"11:35:58.658375","1500","47.74.8.123","80","100.64.0.2","51114","1448","523251649","3488714649","2385822467","3328802542"
"11:35:58.749846","1500","47.74.8.123","80","100.64.0.2","51114","1448","523253097","3488714649","2385822559","3328802632"
"11:35:58.749858","1500","47.74.8.123","80","100.64.0.2","51114","1448","523254545","3488714649","2385822559","3328802632"
"11:35:58.809908","1500","47.74.8.123","80","100.64.0.2","51114","1448","523255993","3488714649","2385822619","3328802692"
"11:35:58.809924","1500","47.74.8.123","80","100.64.0.2","51114","1448","523257441","3488714649","2385822619","3328802692"
"11:35:58.870223","1500","47.74.8.123","80","100.64.0.2","51114","1448","523258889","3488714649","2385822679","3328802754"
"11:35:58.870237","1500","47.74.8.123","80","100.64.0.2","51114","1448","523260337","3488714649","2385822679","3328802754"
"11:35:58.930337","1500","47.74.8.123","80","100.64.0.2","51114","1448","523261785","3488714649","2385822739","3328802813"
"11:35:58.930348","1500","47.74.8.123","80","100.64.0.2","51114","1448","523263233","3488714649","2385822739","3328802813"
"11:35:58.961529","1500","47.74.8.123","80","100.64.0.2","51114","1448","523264681","3488714649","2385822771","3328802844"
"11:35:59.021692","1500","47.74.8.123","80","100.64.0.2","51114","1448","523266129","3488714649","2385822831","3328802904"
"11:35:59.021704","1500","47.74.8.123","80","100.64.0.2","51114","1448","523267577","3488714649","2385822831","3328802904"
"11:35:59.081980","1500","47.74.8.123","80","100.64.0.2","51114","1448","523269025","3488714649","2385822891","3328802965"
"11:35:59.081994","1500","47.74.8.123","80","100.64.0.2","51114","1448","523270473","3488714649","2385822891","3328802965"
"11:35:59.143247","1500","47.74.8.123","80","100.64.0.2","51114","1448","523271921","3488714649","2385822952","3328803026"
"11:35:59.143258","1500","47.74.8.123","80","100.64.0.2","51114","1448","523273369","3488714649","2385822952","3328803026"
"11:35:59.203352","1500","47.74.8.123","80","100.64.0.2","51114","1448","523274817","3488714649","2385823013","3328803086"
"11:35:59.203362","1500","47.74.8.123","80","100.64.0.2","51114","1448","523276265","3488714649","2385823013","3328803086"
"11:35:59.233540","1500","47.74.8.123","80","100.64.0.2","51114","1448","523277713","3488714649","2385823043","3328803116"
"11:35:59.233551","1500","47.74.8.123","80","100.64.0.2","51114","1448","523279161","3488714649","2385823043","3328803116"
"11:35:59.294680","702","47.74.8.123","80","100.64.0.2","51114","650","523280609","3488714649","2385823104","3328803177"
"11:35:59.506801","52","47.74.8.123","80","100.64.0.2","51114","0","523281259","3488714795","2385823316","3328803391"
"11:35:59.506815","1500","47.74.8.123","80","100.64.0.2","51114","1448","523281259","3488714795","2385823316","3328803391"
"11:35:59.506820","1500","47.74.8.123","80","100.64.0.2","51114","1448","523282707","3488714795","2385823316","3328803391"
"11:35:59.506825","1500","47.74.8.123","80","100.64.0.2","51114","1448","523284155","3488714795","2385823316","3328803391"
"11:35:59.506831","1500","47.74.8.123","80","100.64.0.2","51114","1448","523285603","3488714795","2385823316","3328803391"
"11:35:59.506839","1500","47.74.8.123","80","100.64.0.2","51114","1448","523287051","3488714795","2385823316","3328803391"
"11:35:59.506845","1500","47.74.8.123","80","100.64.0.2","51114","1448","523288499","3488714795","2385823316","3328803391"
"11:35:59.506850","1500","47.74.8.123","80","100.64.0.2","51114","1448","523289947","3488714795","2385823316","3328803391"
"11:35:59.506857","1500","47.74.8.123","80","100.64.0.2","51114","1448","523291395","3488714795","2385823316","3328803391"
"11:35:59.506864","1500","47.74.8.123","80","100.64.0.2","51114","1448","523292843","3488714795","2385823316","3328803391"
"11:35:59.750638","1500","47.74.8.123","80","100.64.0.2","51114","1448","523294291","3488714795","2385823560","3328803632"
"11:35:59.750651","1500","47.74.8.123","80","100.64.0.2","51114","1448","523295739","3488714795","2385823560","3328803632"
"11:35:59.809919","1500","47.74.8.123","80","100.64.0.2","51114","1448","523297187","3488714795","2385823619","3328803692"
"11:35:59.809932","1500","47.74.8.123","80","100.64.0.2","51114","1448","523298635","3488714795","2385823619","3328803692"
"11:35:59.870304","1500","47.74.8.123","80","100.64.0.2","51114","1448","523300083","3488714795","2385823679","3328803753"
"11:35:59.870316","1500","47.74.8.123","80","100.64.0.2","51114","1448","523301531","3488714795","2385823679","3328803753"
"11:35:59.930605","1500","47.74.8.123","80","100.64.0.2","51114","1448","523302979","3488714795","2385823740","3328803813"
"11:35:59.961580","1500","47.74.8.123","80","100.64.0.2","51114","1448","523304427","3488714795","2385823771","3328803844"
"11:35:59.991831","1500","47.74.8.123","80","100.64.0.2","51114","1448","523289947","3488714795","2385823801","3328803874"
"11:36:00.020978","1500","47.74.8.123","80","100.64.0.2","51114","1448","523305875","3488714795","2385823830","3328803904"
"11:36:00.083292","1500","47.74.8.123","80","100.64.0.2","51114","1448","523307323","3488714795","2385823892","3328803966"
"11:36:00.173554","1500","47.74.8.123","80","100.64.0.2","51114","1448","523291395","3488714795","2385823983","3328804057"
"11:36:00.173566","1500","47.74.8.123","80","100.64.0.2","51114","1448","523308771","3488714795","2385823983","3328804057"
"11:36:00.203565","1500","47.74.8.123","80","100.64.0.2","51114","1448","523310219","3488714795","2385824013","3328804086"
"11:36:00.264736","1500","47.74.8.123","80","100.64.0.2","51114","1448","523311667","3488714795","2385824074","3328804147"
"11:36:00.354957","1500","47.74.8.123","80","100.64.0.2","51114","1448","523292843","3488714795","2385824164","3328804239"
"11:36:00.354968","1500","47.74.8.123","80","100.64.0.2","51114","1448","523313115","3488714795","2385824164","3328804239"
"11:36:00.385976","1500","47.74.8.123","80","100.64.0.2","51114","1448","523314563","3488714795","2385824195","3328804269"
"11:36:00.416128","1500","47.74.8.123","80","100.64.0.2","51114","1448","523316011","3488714795","2385824225","3328804299"
"11:36:00.476419","1500","47.74.8.123","80","100.64.0.2","51114","1448","523317459","3488714795","2385824286","3328804359"
"11:36:00.536671","1500","47.74.8.123","80","100.64.0.2","51114","1448","523318907","3488714795","2385824346","3328804419"
"11:36:00.597017","1500","47.74.8.123","80","100.64.0.2","51114","1448","523320355","3488714795","2385824406","3328804480"
"11:36:00.597033","1500","47.74.8.123","80","100.64.0.2","51114","1448","523321803","3488714795","2385824406","3328804480"
"11:36:00.658138","1500","47.74.8.123","80","100.64.0.2","51114","1448","523323251","3488714795","2385824467","3328804542"
"11:36:00.658153","1500","47.74.8.123","80","100.64.0.2","51114","1448","523324699","3488714795","2385824467","3328804542"
"11:36:00.779627","1500","47.74.8.123","80","100.64.0.2","51114","1448","523326147","3488714795","2385824589","3328804662"
"11:36:00.779638","1500","47.74.8.123","80","100.64.0.2","51114","1448","523327595","3488714795","2385824589","3328804662"
"11:36:00.809563","1500","47.74.8.123","80","100.64.0.2","51114","1448","523329043","3488714795","2385824619","3328804692"
"11:36:00.809579","1500","47.74.8.123","80","100.64.0.2","51114","1448","523330491","3488714795","2385824619","3328804692"
"11:36:00.870692","1500","47.74.8.123","80","100.64.0.2","51114","1448","523331939","3488714795","2385824680","3328804753"
"11:36:00.870705","1500","47.74.8.123","80","100.64.0.2","51114","1448","523333387","3488714795","2385824680","3328804753"
"11:36:00.992041","1500","47.74.8.123","80","100.64.0.2","51114","1448","523334835","3488714795","2385824801","3328804875"
"11:36:00.992052","1500","47.74.8.123","80","100.64.0.2","51114","1448","523336283","3488714795","2385824801","3328804875"
"11:36:01.052240","1500","47.74.8.123","80","100.64.0.2","51114","1448","523337731","3488714795","2385824861","3328804936"
"11:36:01.052253","1500","47.74.8.123","80","100.64.0.2","51114","1448","523339179","3488714795","2385824861","3328804936"
"11:36:01.112749","1500","47.74.8.123","80","100.64.0.2","51114","1448","523340627","3488714795","2385824922","3328804995"
"11:36:01.112762","1500","47.74.8.123","80","100.64.0.2","51114","1448","523342075","3488714795","2385824922","3328804995"
"11:36:01.203085","1500","47.74.8.123","80","100.64.0.2","51114","1448","523343523","3488714795","2385825012","3328805086"
"11:36:01.203096","1500","47.74.8.123","80","100.64.0.2","51114","1448","523344971","3488714795","2385825012","3328805086"
"11:36:01.264235","1500","47.74.8.123","80","100.64.0.2","51114","1448","523346419","3488714795","2385825073","3328805148"
"11:36:01.264250","1500","47.74.8.123","80","100.64.0.2","51114","1448","523347867","3488714795","2385825073","3328805148"
"11:36:01.324312","1500","47.74.8.123","80","100.64.0.2","51114","1448","523349315","3488714795","2385825133","3328805207"
"11:36:01.324325","1500","47.74.8.123","80","100.64.0.2","51114","1448","523350763","3488714795","2385825133","3328805207"
"11:36:01.415676","1500","47.74.8.123","80","100.64.0.2","51114","1448","523352211","3488714795","2385825225","3328805298"
"11:36:01.415688","1500","47.74.8.123","80","100.64.0.2","51114","1448","523353659","3488714795","2385825225","3328805298"
"11:36:01.476744","1500","47.74.8.123","80","100.64.0.2","51114","1448","523355107","3488714795","2385825286","3328805359"
"11:36:01.476759","1500","47.74.8.123","80","100.64.0.2","51114","1448","523356555","3488714795","2385825286","3328805359"
"11:36:01.536860","1500","47.74.8.123","80","100.64.0.2","51114","1448","523358003","3488714795","2385825346","3328805419"
"11:36:01.536872","1500","47.74.8.123","80","100.64.0.2","51114","1448","523359451","3488714795","2385825346","3328805419"
"11:36:01.627262","1500","47.74.8.123","80","100.64.0.2","51114","1448","523360899","3488714795","2385825436","3328805511"
"11:36:01.627278","1500","47.74.8.123","80","100.64.0.2","51114","1448","523362347","3488714795","2385825436","3328805511"
"11:36:01.688298","1500","47.74.8.123","80","100.64.0.2","51114","1448","523363795","3488714795","2385825497","3328805571"
"11:36:01.688312","1500","47.74.8.123","80","100.64.0.2","51114","1448","523365243","3488714795","2385825497","3328805571"
"11:36:01.749428","1500","47.74.8.123","80","100.64.0.2","51114","1448","523366691","3488714795","2385825559","3328805632"
"11:36:01.749440","1500","47.74.8.123","80","100.64.0.2","51114","1448","523368139","3488714795","2385825559","3328805632"
"11:36:01.749445","1500","47.74.8.123","80","100.64.0.2","51114","1448","523369587","3488714795","2385825559","3328805632"
"11:36:01.749450","1500","47.74.8.123","80","100.64.0.2","51114","1448","523371035","3488714795","2385825559","3328805632"
"11:36:01.839777","1500","47.74.8.123","80","100.64.0.2","51114","1448","523372483","3488714795","2385825649","3328805722"
"11:36:01.839789","1500","47.74.8.123","80","100.64.0.2","51114","1448","523373931","3488714795","2385825649","3328805722"
"11:36:01.900928","1500","47.74.8.123","80","100.64.0.2","51114","1448","523375379","3488714795","2385825710","3328805783"
"11:36:01.900940","1500","47.74.8.123","80","100.64.0.2","51114","1448","523376827","3488714795","2385825710","3328805783"
"11:36:01.961190","1500","47.74.8.123","80","100.64.0.2","51114","1448","523378275","3488714795","2385825770","3328805845"
"11:36:01.961200","1500","47.74.8.123","80","100.64.0.2","51114","1448","523379723","3488714795","2385825770","3328805845"
"11:36:02.021436","1500","47.74.8.123","80","100.64.0.2","51114","1448","523381171","3488714795","2385825831","3328805904"
"11:36:02.021449","1500","47.74.8.123","80","100.64.0.2","51114","1448","523382619","3488714795","2385825831","3328805904"
"11:36:02.082704","1500","47.74.8.123","80","100.64.0.2","51114","1448","523384067","3488714795","2385825892","3328805965"
"11:36:02.082715","1500","47.74.8.123","80","100.64.0.2","51114","1448","523385515","3488714795","2385825892","3328805965"
"11:36:02.141902","1500","47.74.8.123","80","100.64.0.2","51114","1448","523386963","3488714795","2385825951","3328806025"
"11:36:02.141913","1500","47.74.8.123","80","100.64.0.2","51114","1448","523388411","3488714795","2385825951","3328806025"
"11:36:02.204116","1500","47.74.8.123","80","100.64.0.2","51114","1448","523389859","3488714795","2385826013","3328806087"
"11:36:02.204126","1500","47.74.8.123","80","100.64.0.2","51114","1448","523391307","3488714795","2385826013","3328806087"
"11:36:02.264226","1500","47.74.8.123","80","100.64.0.2","51114","1448","523392755","3488714795","2385826073","3328806147"
"11:36:02.264238","1500","47.74.8.123","80","100.64.0.2","51114","1448","523394203","3488714795","2385826073","3328806147"
"11:36:02.324519","1500","47.74.8.123","80","100.64.0.2","51114","1448","523395651","3488714795","2385826134","3328806207"
"11:36:02.324534","1500","47.74.8.123","80","100.64.0.2","51114","1448","523397099","3488714795","2385826134","3328806207"
"11:36:02.385813","1500","47.74.8.123","80","100.64.0.2","51114","1448","523398547","3488714795","2385826195","3328806268"
"11:36:02.385825","1500","47.74.8.123","80","100.64.0.2","51114","1448","523399995","3488714795","2385826195","3328806268"
"11:36:02.446061","1500","47.74.8.123","80","100.64.0.2","51114","1448","523401443","3488714795","2385826255","3328806329"
"11:36:02.446073","1500","47.74.8.123","80","100.64.0.2","51114","1448","523402891","3488714795","2385826255","3328806329"
"11:36:02.506263","1500","47.74.8.123","80","100.64.0.2","51114","1448","523404339","3488714795","2385826315","3328806390"
"11:36:02.506275","1500","47.74.8.123","80","100.64.0.2","51114","1448","523405787","3488714795","2385826315","3328806390"
"11:36:02.567750","1500","47.74.8.123","80","100.64.0.2","51114","1448","523407235","3488714795","2385826377","3328806450"
"11:36:02.567764","1500","47.74.8.123","80","100.64.0.2","51114","1448","523408683","3488714795","2385826377","3328806450"
"11:36:02.627029","1500","47.74.8.123","80","100.64.0.2","51114","1448","523410131","3488714795","2385826436","3328806510"
"11:36:02.627045","1500","47.74.8.123","80","100.64.0.2","51114","1448","523411579","3488714795","2385826436","3328806510"
"11:36:02.688350","1500","47.74.8.123","80","100.64.0.2","51114","1448","523413027","3488714795","2385826498","3328806572"
"11:36:02.688365","1500","47.74.8.123","80","100.64.0.2","51114","1448","523414475","3488714795","2385826498","3328806572"
"11:36:02.749664","1500","47.74.8.123","80","100.64.0.2","51114","1448","523415923","3488714795","2385826559","3328806632"
"11:36:02.749677","1500","47.74.8.123","80","100.64.0.2","51114","1448","523417371","3488714795","2385826559","3328806632"
"11:36:02.808920","1500","47.74.8.123","80","100.64.0.2","51114","1448","523418819","3488714795","2385826618","3328806692"
"11:36:02.808932","1500","47.74.8.123","80","100.64.0.2","51114","1448","523420267","3488714795","2385826618","3328806692"
"11:36:02.808936","1500","47.74.8.123","80","100.64.0.2","51114","1448","523421715","3488714795","2385826618","3328806692"
"11:36:02.808941","1500","47.74.8.123","80","100.64.0.2","51114","1448","523423163","3488714795","2385826618","3328806692"
"11:36:02.871253","1500","47.74.8.123","80","100.64.0.2","51114","1448","523424611","3488714795","2385826680","3328806754"
"11:36:02.871267","1500","47.74.8.123","80","100.64.0.2","51114","1448","523426059","3488714795","2385826680","3328806754"
"11:36:02.930314","1500","47.74.8.123","80","100.64.0.2","51114","1448","523427507","3488714795","2385826739","3328806813"
"11:36:02.930326","1500","47.74.8.123","80","100.64.0.2","51114","1448","523428955","3488714795","2385826739","3328806813"
"11:36:02.991554","1500","47.74.8.123","80","100.64.0.2","51114","1448","523430403","3488714795","2385826801","3328806874"
"11:36:02.991565","1500","47.74.8.123","80","100.64.0.2","51114","1448","523431851","3488714795","2385826801","3328806874"
"11:36:03.052846","1500","47.74.8.123","80","100.64.0.2","51114","1448","523433299","3488714795","2385826862","3328806935"
"11:36:03.052861","1500","47.74.8.123","80","100.64.0.2","51114","1448","523434747","3488714795","2385826862","3328806935"
"11:36:03.112113","1500","47.74.8.123","80","100.64.0.2","51114","1448","523436195","3488714795","2385826921","3328806996"
"11:36:03.112125","1500","47.74.8.123","80","100.64.0.2","51114","1448","523437643","3488714795","2385826921","3328806996"
"11:36:03.173326","1500","47.74.8.123","80","100.64.0.2","51114","1448","523439091","3488714795","2385826983","3328807056"
"11:36:03.233546","1500","47.74.8.123","80","100.64.0.2","51114","1448","523440539","3488714795","2385827043","3328807116"
"11:36:03.233557","1500","47.74.8.123","80","100.64.0.2","51114","1448","523441987","3488714795","2385827043","3328807116"
"11:36:03.294785","1500","47.74.8.123","80","100.64.0.2","51114","1448","523443435","3488714795","2385827104","3328807177"
"11:36:03.294800","1500","47.74.8.123","80","100.64.0.2","51114","1448","523444883","3488714795","2385827104","3328807177"
"11:36:03.355054","1500","47.74.8.123","80","100.64.0.2","51114","1448","523446331","3488714795","2385827164","3328807238"
"11:36:03.355068","1500","47.74.8.123","80","100.64.0.2","51114","1448","523447779","3488714795","2385827164","3328807238"
"11:36:03.415371","1500","47.74.8.123","80","100.64.0.2","51114","1448","523449227","3488714795","2385827225","3328807299"
"11:36:03.415383","1500","47.74.8.123","80","100.64.0.2","51114","1448","523450675","3488714795","2385827225","3328807299"
"11:36:03.415388","1500","47.74.8.123","80","100.64.0.2","51114","1448","523452123","3488714795","2385827225","3328807299"
"11:36:03.415392","1500","47.74.8.123","80","100.64.0.2","51114","1448","523453571","3488714795","2385827225","3328807299"
"11:36:03.476435","1500","47.74.8.123","80","100.64.0.2","51114","1448","523455019","3488714795","2385827286","3328807359"
"11:36:03.476445","1500","47.74.8.123","80","100.64.0.2","51114","1448","523456467","3488714795","2385827286","3328807359"
"11:36:03.506752","1500","47.74.8.123","80","100.64.0.2","51114","1448","523457915","3488714795","2385827316","3328807389"
"11:36:03.566935","1500","47.74.8.123","80","100.64.0.2","51114","1448","523459363","3488714795","2385827376","3328807450"
"11:36:03.566947","1500","47.74.8.123","80","100.64.0.2","51114","1448","523460811","3488714795","2385827376","3328807450"
"11:36:03.628220","1500","47.74.8.123","80","100.64.0.2","51114","1448","523462259","3488714795","2385827437","3328807511"
"11:36:03.628255","1500","47.74.8.123","80","100.64.0.2","51114","1448","523463707","3488714795","2385827437","3328807511"
"11:36:03.688330","1500","47.74.8.123","80","100.64.0.2","51114","1448","523465155","3488714795","2385827497","3328807571"
"11:36:03.688345","1500","47.74.8.123","80","100.64.0.2","51114","1448","523466603","3488714795","2385827497","3328807571"
"11:36:03.749630","1500","47.74.8.123","80","100.64.0.2","51114","1448","523468051","3488714795","2385827559","3328807632"
"11:36:03.749642","1500","47.74.8.123","80","100.64.0.2","51114","1448","523469499","3488714795","2385827559","3328807632"
"11:36:03.808868","1500","47.74.8.123","80","100.64.0.2","51114","1448","523470947","3488714795","2385827618","3328807692"
"11:36:03.808880","1500","47.74.8.123","80","100.64.0.2","51114","1448","523472395","3488714795","2385827618","3328807692"
"11:36:03.871056","1500","47.74.8.123","80","100.64.0.2","51114","1448","523473843","3488714795","2385827680","3328807754"
"11:36:03.871068","1500","47.74.8.123","80","100.64.0.2","51114","1448","523475291","3488714795","2385827680","3328807754"
"11:36:03.900200","1500","47.74.8.123","80","100.64.0.2","51114","1448","523476739","3488714795","2385827709","3328807784"
"11:36:03.961335","1500","47.74.8.123","80","100.64.0.2","51114","1448","523478187","3488714795","2385827770","3328807844"
"11:36:03.961347","1500","47.74.8.123","80","100.64.0.2","51114","1448","523479635","3488714795","2385827770","3328807844"
"11:36:04.021636","1500","47.74.8.123","80","100.64.0.2","51114","1448","523481083","3488714795","2385827831","3328807904"
"11:36:04.021649","1500","47.74.8.123","80","100.64.0.2","51114","1448","523482531","3488714795","2385827831","3328807904"
"11:36:04.082905","1500","47.74.8.123","80","100.64.0.2","51114","1448","523483979","3488714795","2385827892","3328807965"
"11:36:04.082922","1500","47.74.8.123","80","100.64.0.2","51114","1448","523485427","3488714795","2385827892","3328807965"
"11:36:04.142193","1500","47.74.8.123","80","100.64.0.2","51114","1448","523486875","3488714795","2385827951","3328808026"
"11:36:04.142207","1500","47.74.8.123","80","100.64.0.2","51114","1448","523488323","3488714795","2385827951","3328808026"
"11:36:04.174747","1500","47.74.8.123","80","100.64.0.2","51114","1448","523489771","3488714796","2385827984","3328808036"
