_ws.col.Time,frame.len,ip.src,tcp.srcport,ip.dst,tcp.dstport,tcp.len,tcp.seq_raw,tcp.ack_raw,tcp.options.timestamp.tsval,tcp.options.timestamp.tsecr
"06:15:17.647538","52","47.74.8.123","80","100.64.0.5","49034","0","2745975594","1229420231","2366581386","3309561432"
"06:15:17.678645","1500","47.74.8.123","80","100.64.0.5","49034","1448","2745975594","1229420231","2366581386","3309561432"
"06:15:17.708914","1500","47.74.8.123","80","100.64.0.5","49034","1448","2745977042","1229420231","2366581386","3309561432"
"06:15:17.738113","1500","47.74.8.123","80","100.64.0.5","49034","1448","2745978490","1229420231","2366581386","3309561432"
"06:15:17.768281","1500","47.74.8.123","80","100.64.0.5","49034","1448","2745979938","1229420231","2366581386","3309561432"
"06:15:17.799426","1500","47.74.8.123","80","100.64.0.5","49034","1448","2745981386","1229420231","2366581386","3309561432"
"06:15:17.829583","1500","47.74.8.123","80","100.64.0.5","49034","1448","2745982834","1229420231","2366581386","3309561432"
"06:15:17.859959","1500","47.74.8.123","80","100.64.0.5","49034","1448","2745990074","1229420231","2366581599","3309561674"
"06:15:17.890127","1500","47.74.8.123","80","100.64.0.5","49034","1448","2745991522","1229420231","2366581599","3309561674"
"06:15:17.920217","1500","47.74.8.123","80","100.64.0.5","49034","1448","2745992970","1229420231","2366581660","3309561705"
"06:15:17.950659","1500","47.74.8.123","80","100.64.0.5","49034","1448","2745994418","1229420231","2366581660","3309561705"
"06:15:17.981766","1500","47.74.8.123","80","100.64.0.5","49034","1448","2745995866","1229420231","2366581660","3309561734"
"06:15:18.011638","1500","47.74.8.123","80","100.64.0.5","49034","1448","2745997314","1229420231","2366581660","3309561734"
"06:15:18.041858","1500","47.74.8.123","80","100.64.0.5","49034","1448","2745998762","1229420231","2366581689","3309561764"
"06:15:18.071786","1500","47.74.8.123","80","100.64.0.5","49034","1448","2746000210","1229420231","2366581689","3309561764"
"06:15:18.102661","1500","47.74.8.123","80","100.64.0.5","49034","1448","2746001658","1229420231","2366581721","3309561795"
"06:15:18.132819","1500","47.74.8.123","80","100.64.0.5","49034","1448","2746003106","1229420231","2366581721","3309561795"
"06:15:18.162731","1500","47.74.8.123","80","100.64.0.5","49034","1448","2746004554","1229420231","2366581750","3309561825"
"06:15:18.193913","1500","47.74.8.123","80","100.64.0.5","49034","1448","2746007450","1229420231","2366581812","3309561856"
"06:15:18.223542","1500","47.74.8.123","80","100.64.0.5","49034","1448","2745984282","1229420231","2366581841","3309561916"
"06:15:18.253720","1500","47.74.8.123","80","100.64.0.5","49034","1448","2746008898","1229420231","2366581903","3309561978"
"06:15:18.284323","1500","47.74.8.123","80","100.64.0.5","49034","1448","2746010346","1229420231","2366581963","3309562038"
"06:15:18.314475","1500","47.74.8.123","80","100.64.0.5","49034","1448","2746011794","1229420231","2366582025","3309562098"
"06:15:18.345034","1500","47.74.8.123","80","100.64.0.5","49034","1448","2746013242","1229420231","2366582083","3309562158"
"06:15:18.405366","1500","47.74.8.123","80","100.64.0.5","49034","1448","2745985730","1229420231","2366582144","3309562219"
"06:15:18.435690","1500","47.74.8.123","80","100.64.0.5","49034","1448","2746014690","1229420231","2366582174","3309562249"
"06:15:18.465822","1500","47.74.8.123","80","100.64.0.5","49034","1448","2746016138","1229420231","2366582206","3309562280"
"06:15:18.496402","1500","47.74.8.123","80","100.64.0.5","49034","1448","2746017586","1229420231","2366582235","3309562310"
"06:15:18.557048","1500","47.74.8.123","80","100.64.0.5","49034","1448","2746019034","1229420231","2366582296","3309562341"
"06:15:18.587204","1500","47.74.8.123","80","100.64.0.5","49034","1448","2745987178","1229420231","2366582326","3309562401"
"06:15:18.617278","1500","47.74.8.123","80","100.64.0.5","49034","1448","2746020482","1229420231","2366582326","3309562401"
"06:15:18.647488","1500","47.74.8.123","80","100.64.0.5","49034","1448","2746021930","1229420231","2366582356","3309562431"
"06:15:18.678791","1500","47.74.8.123","80","100.64.0.5","49034","1448","2746023378","1229420231","2366582387","3309562462"
"06:15:18.708952","1500","47.74.8.123","80","100.64.0.5","49034","1448","2746024826","1229420231","2366582417","3309562492"
"06:15:18.768922","1500","47.74.8.123","80","100.64.0.5","49034","1448","2746026274","1229420231","2366582509","3309562553"
"06:15:18.799721","1500","47.74.8.123","80","100.64.0.5","49034","1448","2745988626","1229420231","2366582509","3309562583"
"06:15:18.829889","1500","47.74.8.123","80","100.64.0.5","49034","1448","2746027722","1229420231","2366582509","3309562583"
"06:15:18.859485","1500","47.74.8.123","80","100.64.0.5","49034","1448","2746029170","1229420231","2366582538","3309562613"
"06:15:18.890600","1500","47.74.8.123","80","100.64.0.5","49034","1448","2746030618","1229420231","2366582568","3309562643"
"06:15:18.920596","1500","47.74.8.123","80","100.64.0.5","49034","1448","2746032066","1229420231","2366582600","3309562675"
"06:15:18.950256","1500","47.74.8.123","80","100.64.0.5","49034","1448","2746033514","1229420231","2366582660","3309562705"
"06:15:18.981396","1500","47.74.8.123","80","100.64.0.5","49034","1448","2746034962","1229420231","2366582690","3309562765"
"06:15:19.012012","1500","47.74.8.123","80","100.64.0.5","49034","1448","2746006002","1229420231","2366582720","3309562795"
"06:15:19.041218","1500","47.74.8.123","80","100.64.0.5","49034","1448","2746036410","1229420231","2366582720","3309562795"
"06:15:19.071683","1500","47.74.8.123","80","100.64.0.5","49034","1448","2746037858","1229420231","2366582751","3309562826"
"06:15:19.102992","1500","47.74.8.123","80","100.64.0.5","49034","1448","2746039306","1229420231","2366582780","3309562855"
"06:15:19.132107","1500","47.74.8.123","80","100.64.0.5","49034","1448","2746040754","1229420231","2366582811","3309562886"
"06:15:19.162470","1500","47.74.8.123","80","100.64.0.5","49034","1448","2746042202","1229420231","2366582841","3309562916"
"06:15:19.193650","1500","47.74.8.123","80","100.64.0.5","49034","1448","2746043650","1229420231","2366582872","3309562946"
"06:15:19.223926","1500","47.74.8.123","80","100.64.0.5","49034","1448","2746045098","1229420231","2366582902","3309562977"
"06:15:19.253254","1500","47.74.8.123","80","100.64.0.5","49034","1448","2746046546","1229420231","2366582963","3309563008"
"06:15:19.284488","1500","47.74.8.123","80","100.64.0.5","49034","1448","2746047994","1229420231","2366582963","3309563037"
"06:15:19.315057","1500","47.74.8.123","80","100.64.0.5","49034","1448","2746049442","1229420231","2366582992","3309563067"
"06:15:19.344204","1500","47.74.8.123","80","100.64.0.5","49034","1448","2746050890","1229420231","2366583053","3309563099"
"06:15:19.375305","1500","47.74.8.123","80","100.64.0.5","49034","1448","2746052338","1229420231","2366583084","3309563158"
"06:15:19.405504","1500","47.74.8.123","80","100.64.0.5","49034","1448","2746053786","1229420231","2366583084","3309563158"
"06:15:19.436121","1500","47.74.8.123","80","100.64.0.5","49034","1448","2746055234","1229420231","2366583114","3309563189"
"06:15:19.465314","1500","47.74.8.123","80","100.64.0.5","49034","1448","2746056682","1229420231","2366583174","3309563220"
"06:15:19.496527","1500","47.74.8.123","80","100.64.0.5","49034","1448","2746058130","1229420231","2366583174","3309563220"
"06:15:19.527030","1500","47.74.8.123","80","100.64.0.5","49034","1448","2746059578","1229420231","2366583205","3309563280"
"06:15:19.556368","1500","47.74.8.123","80","100.64.0.5","49034","1448","2746061026","1229420231","2366583205","3309563280"
"06:15:19.587405","1500","47.74.8.123","80","100.64.0.5","49034","1448","2746062474","1229420231","2366583265","3309563311"
"06:15:19.617613","1500","47.74.8.123","80","100.64.0.5","49034","1448","2746063922","1229420231","2366583297","3309563371"
"06:15:19.647562","1500","47.74.8.123","80","100.64.0.5","49034","1448","2746065370","1229420231","2366583297","3309563371"
"06:15:19.678444","1500","47.74.8.123","80","100.64.0.5","49034","1448","2746066818","1229420231","2366583326","3309563401"
"06:15:19.708650","1500","47.74.8.123","80","100.64.0.5","49034","1448","2746068266","1229420231","2366583386","3309563432"
"06:15:19.741735","1500","47.74.8.123","80","100.64.0.5","49034","1448","2746069714","1229420231","2366583417","3309563492"
"06:15:19.768614","1500","47.74.8.123","80","100.64.0.5","49034","1448","2746071162","1229420231","2366583417","3309563492"
"06:15:19.799366","1500","47.74.8.123","80","100.64.0.5","49034","1448","2746072610","1229420231","2366583477","3309563523"
"06:15:19.829534","1500","47.74.8.123","80","100.64.0.5","49034","1448","2746074058","1229420231","2366583477","3309563523"
"06:15:19.859608","1500","47.74.8.123","80","100.64.0.5","49034","1448","2746075506","1229420231","2366583508","3309563583"
"06:15:19.890552","1500","47.74.8.123","80","100.64.0.5","49034","1448","2746076954","1229420231","2366583508","3309563583"
"06:15:19.920784","1500","47.74.8.123","80","100.64.0.5","49034","1448","2746078402","1229420231","2366583538","3309563613"
"06:15:19.950274","1500","47.74.8.123","80","100.64.0.5","49034","1448","2746079850","1229420231","2366583569","3309563643"
"06:15:19.981145","1500","47.74.8.123","80","100.64.0.5","49034","1448","2746081298","1229420231","2366583599","3309563674"
"06:15:20.011302","1500","47.74.8.123","80","100.64.0.5","49034","1448","2746082746","1229420231","2366583629","3309563704"
"06:15:20.041422","1500","47.74.8.123","80","100.64.0.5","49034","1448","2746084194","1229420231","2366583690","3309563738"
"06:15:20.071121","1500","47.74.8.123","80","100.64.0.5","49034","1448","2746085642","1229420231","2366583722","3309563795"
"06:15:20.102300","1500","47.74.8.123","80","100.64.0.5","49034","1448","2746087090","1229420231","2366583722","3309563795"
"06:15:20.132835","1500","47.74.8.123","80","100.64.0.5","49034","1448","2746088538","1229420231","2366583750","3309563825"
"06:15:20.162549","1500","47.74.8.123","80","100.64.0.5","49034","1448","2746089986","1229420231","2366583750","3309563825"
"06:15:20.193611","1500","47.74.8.123","80","100.64.0.5","49034","1448","2746091434","1229420231","2366583780","3309563855"
"06:15:20.223681","1500","47.74.8.123","80","100.64.0.5","49034","1448","2746092882","1229420231","2366583811","3309563886"
"06:15:20.253294","1500","47.74.8.123","80","100.64.0.5","49034","1448","2746094330","1229420231","2366583842","3309563917"
"06:15:20.314968","1500","47.74.8.123","80","100.64.0.5","49034","1448","2746095778","1229420231","2366583871","3309563946"
"06:15:20.344094","1500","47.74.8.123","80","100.64.0.5","49034","1448","2746097226","1229420231","2366583902","3309563977"
"06:15:20.375342","1500","47.74.8.123","80","100.64.0.5","49034","1448","2746098674","1229420231","2366583932","3309564007"
"06:15:20.405535","1500","47.74.8.123","80","100.64.0.5","49034","1448","2746100122","1229420231","2366583962","3309564037"
"06:15:20.435711","1500","47.74.8.123","80","100.64.0.5","49034","1448","2746101570","1229420231","2366583992","3309564067"
"06:15:20.465904","1500","47.74.8.123","80","100.64.0.5","49034","1448","2746103018","1229420231","2366584024","3309564098"
"06:15:20.496108","1500","47.74.8.123","80","100.64.0.5","49034","1448","2746104466","1229420231","2366584054","3309564129"
"06:15:20.526929","1500","47.74.8.123","80","100.64.0.5","49034","1448","2746107362","1229420231","2366584083","3309564158"
"06:15:20.556809","1500","47.74.8.123","80","100.64.0.5","49034","1448","2746108810","1229420231","2366584114","3309564189"
"06:15:20.587994","1500","47.74.8.123","80","100.64.0.5","49034","1448","2746110258","1229420231","2366584145","3309564219"
"06:15:20.617480","1500","47.74.8.123","80","100.64.0.5","49034","1448","2746111706","1229420231","2366584174","3309564249"
"06:15:20.647659","1500","47.74.8.123","80","100.64.0.5","49034","1448","2746113154","1229420231","2366584265","3309564311"
"06:15:20.678197","1500","47.74.8.123","80","100.64.0.5","49034","1448","2746114602","1229420231","2366584266","3309564340"
"06:15:20.708338","1500","47.74.8.123","80","100.64.0.5","49034","1448","2746116050","1229420231","2366584298","3309564371"
"06:15:20.738154","1500","47.74.8.123","80","100.64.0.5","49034","1448","2746117498","1229420231","2366584326","3309564401"
"06:15:20.768290","1500","47.74.8.123","80","100.64.0.5","49034","1448","2746118946","1229420231","2366584356","3309564431"
"06:15:20.799181","1500","47.74.8.123","80","100.64.0.5","49034","1448","2746120394","1229420231","2366584387","3309564462"
"06:15:20.830169","1500","47.74.8.123","80","100.64.0.5","49034","1448","2746121842","1229420231","2366584418","3309564492"
"06:15:20.859304","1500","47.74.8.123","80","100.64.0.5","49034","1448","2746123290","1229420231","2366584477","3309564523"
"06:15:20.890124","1500","47.74.8.123","80","100.64.0.5","49034","1448","2746105914","1229420231","2366584538","3309564584"
"06:15:20.920271","1500","47.74.8.123","80","100.64.0.5","49034","1448","2746124738","1229420231","2366584568","3309564643"
"06:15:20.950399","1500","47.74.8.123","80","100.64.0.5","49034","1448","2746126186","1229420231","2366584629","3309564704"
"06:15:20.982093","1500","47.74.8.123","80","100.64.0.5","49034","1448","2746127634","1229420231","2366584720","3309564795"
"06:15:21.041189","1500","47.74.8.123","80","100.64.0.5","49034","1448","2746129082","1229420231","2366584780","3309564826"
"06:15:21.071857","1500","47.74.8.123","80","100.64.0.5","49034","1448","2746130530","1229420231","2366584780","3309564855"
"06:15:21.102920","1500","47.74.8.123","80","100.64.0.5","49034","1448","2746131978","1229420231","2366584811","3309564886"
"06:15:21.132634","1500","47.74.8.123","80","100.64.0.5","49034","1448","2746133426","1229420231","2366584841","3309564916"
"06:15:21.162786","1500","47.74.8.123","80","100.64.0.5","49034","1448","2746134874","1229420231","2366584871","3309564946"
"06:15:21.193422","1500","47.74.8.123","80","100.64.0.5","49034","1448","2746136322","1229420231","2366584932","3309564978"
"06:15:21.223564","1500","47.74.8.123","80","100.64.0.5","49034","1448","2746137770","1229420231","2366584962","3309565037"
"06:15:21.253434","1500","47.74.8.123","80","100.64.0.5","49034","1448","2746139218","1229420231","2366584994","3309565068"
"06:15:21.284198","1500","47.74.8.123","80","100.64.0.5","49034","1448","2746140666","1229420231","2366585023","3309565099"
"06:15:21.314251","1500","47.74.8.123","80","100.64.0.5","49034","1448","2746142114","1229420231","2366585023","3309565099"
"06:15:21.344889","1500","47.74.8.123","80","100.64.0.5","49034","1448","2746143562","1229420231","2366585053","3309565128"
"06:15:21.376030","1500","47.74.8.123","80","100.64.0.5","49034","1448","2746145010","1229420231","2366585084","3309565159"
"06:15:21.405601","1500","47.74.8.123","80","100.64.0.5","49034","1448","2746146458","1229420231","2366585114","3309565189"
"06:15:21.435716","1500","47.74.8.123","80","100.64.0.5","49034","1448","2746147906","1229420231","2366585144","3309565219"
"06:15:21.465326","1500","47.74.8.123","80","100.64.0.5","49034","1448","2746149354","1229420231","2366585174","3309565249"
"06:15:21.496454","1500","47.74.8.123","80","100.64.0.5","49034","1448","2746150802","1229420231","2366585205","3309565280"
"06:15:21.526242","1500","47.74.8.123","80","100.64.0.5","49034","1448","2746152250","1229420231","2366585235","3309565310"
"06:15:21.556390","1500","47.74.8.123","80","100.64.0.5","49034","1448","2746153698","1229420231","2366585235","3309565310"
"06:15:21.587938","1500","47.74.8.123","80","100.64.0.5","49034","1448","2746155146","1229420231","2366585266","3309565341"
"06:15:21.617160","1500","47.74.8.123","80","100.64.0.5","49034","1448","2746156594","1229420231","2366585326","3309565372"
"06:15:21.647137","1500","47.74.8.123","80","100.64.0.5","49034","1448","2746158042","1229420231","2366585357","3309565431"
"06:15:21.678936","1500","47.74.8.123","80","100.64.0.5","49034","1448","2746159490","1229420231","2366585357","3309565431"
"06:15:21.708097","1500","47.74.8.123","80","100.64.0.5","49034","1448","2746160938","1229420231","2366585386","3309565461"
"06:15:21.738431","1500","47.74.8.123","80","100.64.0.5","49034","1448","2746162386","1229420231","2366585417","3309565492"
"06:15:21.768543","1500","47.74.8.123","80","100.64.0.5","49034","1448","2746163834","1229420231","2366585447","3309565522"
"06:15:21.799993","1500","47.74.8.123","80","100.64.0.5","49034","1448","2746165282","1229420231","2366585477","3309565552"
"06:15:21.829319","1500","47.74.8.123","80","100.64.0.5","49034","1448","2746166730","1229420231","2366585477","3309565552"
"06:15:21.859442","1500","47.74.8.123","80","100.64.0.5","49034","1448","2746168178","1229420231","2366585538","3309565584"
"06:15:21.891057","1500","47.74.8.123","80","100.64.0.5","49034","1448","2746169626","1229420231","2366585568","3309565643"
"06:15:21.920205","1500","47.74.8.123","80","100.64.0.5","49034","1448","2746171074","1229420231","2366585568","3309565643"
"06:15:21.950209","1500","47.74.8.123","80","100.64.0.5","49034","1448","2746172522","1229420231","2366585629","3309565675"
"06:15:21.981327","1500","47.74.8.123","80","100.64.0.5","49034","1448","2746173970","1229420231","2366585660","3309565734"
"06:15:22.011100","1500","47.74.8.123","80","100.64.0.5","49034","1448","2746175418","1229420231","2366585660","3309565734"
"06:15:22.041551","1500","47.74.8.123","80","100.64.0.5","49034","1448","2746176866","1229420231","2366585689","3309565764"
"06:15:22.071691","1500","47.74.8.123","80","100.64.0.5","49034","1448","2746178314","1229420231","2366585750","3309565796"
"06:15:22.102325","1500","47.74.8.123","80","100.64.0.5","49034","1448","2746179762","1229420231","2366585750","3309565825"
"06:15:22.132808","1500","47.74.8.123","80","100.64.0.5","49034","1448","2746181210","1229420231","2366585780","3309565855"
"06:15:22.163022","1500","47.74.8.123","80","100.64.0.5","49034","1448","2746182658","1229420231","2366585780","3309565855"
"06:15:22.193242","1500","47.74.8.123","80","100.64.0.5","49034","1448","2746184106","1229420231","2366585842","3309565887"
"06:15:22.223402","1500","47.74.8.123","80","100.64.0.5","49034","1448","2746185554","1229420231","2366585871","3309565946"
"06:15:22.253632","1500","47.74.8.123","80","100.64.0.5","49034","1448","2746187002","1229420231","2366585871","3309565946"
"06:15:22.284101","1500","47.74.8.123","80","100.64.0.5","49034","1448","2746188450","1229420231","2366585902","3309565977"
"06:15:22.314459","1500","47.74.8.123","80","100.64.0.5","49034","1448","2746189898","1229420231","2366585932","3309566007"
"06:15:22.344609","1500","47.74.8.123","80","100.64.0.5","49034","1448","2746191346","1229420231","2366585962","3309566037"
"06:15:22.375286","1500","47.74.8.123","80","100.64.0.5","49034","1448","2746192794","1229420231","2366585992","3309566067"
"06:15:22.405327","1500","47.74.8.123","80","100.64.0.5","49034","1448","2746194242","1229420231","2366586024","3309566098"
"06:15:22.435289","1500","47.74.8.123","80","100.64.0.5","49034","1448","2746195690","1229420231","2366586054","3309566129"
"06:15:22.465367","1500","47.74.8.123","80","100.64.0.5","49034","1448","2746197138","1229420231","2366586054","3309566129"
"06:15:22.497023","1500","47.74.8.123","80","100.64.0.5","49034","1448","2746198586","1229420231","2366586114","3309566159"
"06:15:22.526096","1500","47.74.8.123","80","100.64.0.5","49034","1448","2746200034","1229420231","2366586144","3309566219"
"06:15:22.556189","1500","47.74.8.123","80","100.64.0.5","49034","1448","2746201482","1229420231","2366586144","3309566219"
"06:15:22.587854","1500","47.74.8.123","80","100.64.0.5","49034","1448","2746202930","1229420231","2366586174","3309566249"
"06:15:22.618017","1500","47.74.8.123","80","100.64.0.5","49034","1448","2746204378","1229420231","2366586205","3309566280"
"06:15:22.647569","1500","47.74.8.123","80","100.64.0.5","49034","1448","2746205826","1229420231","2366586235","3309566310"
"06:15:22.678692","1500","47.74.8.123","80","100.64.0.5","49034","1448","2746207274","1229420231","2366586265","3309566340"
"06:15:22.708739","1500","47.74.8.123","80","100.64.0.5","49034","1448","2746208722","1229420231","2366586296","3309566371"
"06:15:22.738542","1500","47.74.8.123","80","100.64.0.5","49034","1448","2746210170","1229420231","2366586326","3309566401"
"06:15:22.768859","1500","47.74.8.123","80","100.64.0.5","49034","1448","2746211618","1229420231","2366586356","3309566431"
"06:15:22.800003","1500","47.74.8.123","80","100.64.0.5","49034","1448","2746213066","1229420231","2366586386","3309566461"
"06:15:22.829736","1500","47.74.8.123","80","100.64.0.5","49034","1448","2746215962","1229420231","2366586447","3309566493"
"06:15:22.859809","1500","47.74.8.123","80","100.64.0.5","49034","1448","2746217410","1229420231","2366586477","3309566552"
"06:15:22.890443","1500","47.74.8.123","80","100.64.0.5","49034","1448","2746218858","1229420231","2366586477","3309566552"
"06:15:22.920676","1500","47.74.8.123","80","100.64.0.5","49034","1448","2746220306","1229420231","2366586509","3309566584"
"06:15:22.950289","1500","47.74.8.123","80","100.64.0.5","49034","1448","2746221754","1229420231","2366586569","3309566614"
"06:15:22.981595","1500","47.74.8.123","80","100.64.0.5","49034","1448","2746223202","1229420231","2366586600","3309566674"
"06:15:23.011396","1500","47.74.8.123","80","100.64.0.5","49034","1448","2746224650","1229420231","2366586600","3309566674"
"06:15:23.041555","1500","47.74.8.123","80","100.64.0.5","49034","1448","2746226098","1229420231","2366586629","3309566704"
"06:15:23.072429","1500","47.74.8.123","80","100.64.0.5","49034","1448","2746227546","1229420231","2366586659","3309566734"
"06:15:23.102640","1500","47.74.8.123","80","100.64.0.5","49034","1448","2746228994","1229420231","2366586691","3309566765"
"06:15:23.132313","1500","47.74.8.123","80","100.64.0.5","49034","1448","2746230442","1229420231","2366586750","3309566796"
"06:15:23.162468","1500","47.74.8.123","80","100.64.0.5","49034","1448","2746231890","1229420231","2366586811","3309566856"
"06:15:23.193251","1500","47.74.8.123","80","100.64.0.5","49034","1448","2746233338","1229420231","2366586811","3309566856"
"06:15:23.223413","1500","47.74.8.123","80","100.64.0.5","49034","1448","2746214514","1229420231","2366586811","3309566886"
"06:15:23.253598","1500","47.74.8.123","80","100.64.0.5","49034","1448","2746234786","1229420231","2366586872","3309566946"
"06:15:23.284485","1500","47.74.8.123","80","100.64.0.5","49034","1448","2746236234","1229420231","2366586932","3309567007"
"06:15:23.314639","1500","47.74.8.123","80","100.64.0.5","49034","1448","2746237682","1229420231","2366587023","3309567068"
"06:15:23.344384","1500","47.74.8.123","80","100.64.0.5","49034","1448","2746239130","1229420231","2366587083","3309567158"
"06:15:23.375917","1500","47.74.8.123","80","100.64.0.5","49034","1448","2746240578","1229420231","2366587114","3309567189"
"06:15:23.405162","1500","47.74.8.123","80","100.64.0.5","49034","1448","2746242026","1229420231","2366587145","3309567219"
"06:15:23.435319","1500","47.74.8.123","80","100.64.0.5","49034","1448","2746243474","1229420231","2366587175","3309567249"
"06:15:23.465834","1500","47.74.8.123","80","100.64.0.5","49034","1448","2746244922","1229420231","2366587205","3309567280"
"06:15:23.497012","1500","47.74.8.123","80","100.64.0.5","49034","1448","2746246370","1229420231","2366587235","3309567310"
"06:15:23.526723","1500","47.74.8.123","80","100.64.0.5","49034","1448","2746247818","1229420231","2366587265","3309567340"
"06:15:23.587623","1500","47.74.8.123","80","100.64.0.5","49034","1448","2746249266","1229420231","2366587326","3309567372"
"06:15:23.617821","1500","47.74.8.123","80","100.64.0.5","49034","1448","2746250714","1229420231","2366587326","3309567401"
"06:15:23.647432","1500","47.74.8.123","80","100.64.0.5","49034","1448","2746252162","1229420231","2366587326","3309567401"
"06:15:23.678573","1500","47.74.8.123","80","100.64.0.5","49034","1448","2746253610","1229420231","2366587356","3309567431"
"06:15:23.708330","1500","47.74.8.123","80","100.64.0.5","49034","1448","2746255058","1229420231","2366587388","3309567462"
"06:15:23.738471","1500","47.74.8.123","80","100.64.0.5","49034","1448","2746256506","1229420231","2366587447","3309567493"
"06:15:23.769067","1500","47.74.8.123","80","100.64.0.5","49034","1448","2746257954","1229420231","2366587508","3309567583"
"06:15:23.799800","1500","47.74.8.123","80","100.64.0.5","49034","1448","2746259402","1229420231","2366587508","3309567583"
"06:15:23.829442","1500","47.74.8.123","80","100.64.0.5","49034","1448","2746260850","1229420231","2366587540","3309567614"
"06:15:23.859550","1500","47.74.8.123","80","100.64.0.5","49034","1448","2746262298","1229420231","2366587568","3309567643"
"06:15:23.890675","1500","47.74.8.123","80","100.64.0.5","49034","1448","2746263746","1229420231","2366587568","3309567643"
"06:15:23.920888","1500","47.74.8.123","80","100.64.0.5","49034","1448","2746265194","1229420231","2366587599","3309567674"
"06:15:23.951013","1500","47.74.8.123","80","100.64.0.5","49034","1448","2746266642","1229420231","2366587629","3309567704"
"06:15:23.981569","1500","47.74.8.123","80","100.64.0.5","49034","1448","2746268090","1229420231","2366587659","3309567734"
"06:15:24.011729","1500","47.74.8.123","80","100.64.0.5","49034","1448","2746269538","1229420231","2366587721","3309567765"
"06:15:24.041756","1500","47.74.8.123","80","100.64.0.5","49034","1448","2746270986","1229420231","2366587750","3309567825"
"06:15:24.071898","1500","47.74.8.123","80","100.64.0.5","49034","1448","2746272434","1229420231","2366587750","3309567825"
"06:15:24.102568","1500","47.74.8.123","80","100.64.0.5","49034","1448","2746273882","1229420231","2366587780","3309567855"
"06:15:24.132711","1500","47.74.8.123","80","100.64.0.5","49034","1448","2746275330","1229420231","2366587811","3309567886"
"06:15:24.162298","1500","47.74.8.123","80","100.64.0.5","49034","1448","2746276778","1229420231","2366587811","3309567886"
"06:15:24.193396","1500","47.74.8.123","80","100.64.0.5","49034","1448","2746278226","1229420231","2366587842","3309567917"
"06:15:24.223994","1500","47.74.8.123","80","100.64.0.5","49034","1448","2746279674","1229420231","2366587904","3309567947"
"06:15:24.253177","1500","47.74.8.123","80","100.64.0.5","49034","1448","2746281122","1229420231","2366587932","3309568007"
"06:15:24.284303","1500","47.74.8.123","80","100.64.0.5","49034","1448","2746282570","1229420231","2366587932","3309568007"
"06:15:24.314196","1500","47.74.8.123","80","100.64.0.5","49034","1448","2746284018","1229420231","2366587962","3309568038"
"06:15:24.344372","1500","47.74.8.123","80","100.64.0.5","49034","1448","2746285466","1229420231","2366587994","3309568068"
"06:15:24.376012","1500","47.74.8.123","80","100.64.0.5","49034","1448","2746286914","1229420231","2366588023","3309568098"
"06:15:24.405217","1500","47.74.8.123","80","100.64.0.5","49034","1448","2746288362","1229420231","2366588053","3309568128"
"06:15:24.435164","1500","47.74.8.123","80","100.64.0.5","49034","1448","2746289810","1229420231","2366588083","3309568158"
"06:15:24.465619","1500","47.74.8.123","80","100.64.0.5","49034","1448","2746291258","1229420231","2366588083","3309568158"
"06:15:24.496791","1500","47.74.8.123","80","100.64.0.5","49034","1448","2746292706","1229420231","2366588114","3309568189"
"06:15:24.526362","1500","47.74.8.123","80","100.64.0.5","49034","1448","2746294154","1229420231","2366588174","3309568220"
"06:15:24.556553","1500","47.74.8.123","80","100.64.0.5","49034","1448","2746295602","1229420231","2366588205","3309568280"
"06:15:24.587382","1500","47.74.8.123","80","100.64.0.5","49034","1448","2746297050","1229420231","2366588205","3309568280"
"06:15:24.617243","1500","47.74.8.123","80","100.64.0.5","49034","1448","2746298498","1229420231","2366588235","3309568310"
"06:15:24.647169","1500","47.74.8.123","80","100.64.0.5","49034","1448","2746299946","1229420231","2366588265","3309568340"
"06:15:24.679006","1500","47.74.8.123","80","100.64.0.5","49034","1448","2746301394","1229420231","2366588326","3309568372"
"06:15:24.708933","1500","47.74.8.123","80","100.64.0.5","49034","1448","2746302842","1229420231","2366588356","3309568431"
"06:15:24.739044","1500","47.74.8.123","80","100.64.0.5","49034","1448","2746304290","1229420231","2366588356","3309568431"
"06:15:24.768592","1500","47.74.8.123","80","100.64.0.5","49034","1448","2746305738","1229420231","2366588386","3309568461"
"06:15:24.799752","1500","47.74.8.123","80","100.64.0.5","49034","1448","2746307186","1229420231","2366588386","3309568461"
"06:15:24.829318","1500","47.74.8.123","80","100.64.0.5","49034","1448","2746308634","1229420231","2366588418","3309568493"
"06:15:24.859517","1500","47.74.8.123","80","100.64.0.5","49034","1448","2746310082","1229420231","2366588447","3309568522"
"06:15:24.890250","1500","47.74.8.123","80","100.64.0.5","49034","1448","2746311530","1229420231","2366588477","3309568552"
"06:15:24.920410","1500","47.74.8.123","80","100.64.0.5","49034","1448","2746312978","1229420231","2366588508","3309568583"
"06:15:24.951110","1500","47.74.8.123","80","100.64.0.5","49034","1448","2746314426","1229420231","2366588538","3309568613"
"06:15:24.981355","1500","47.74.8.123","80","100.64.0.5","49034","1448","2746315874","1229420231","2366588568","3309568643"
"06:15:25.011498","1500","47.74.8.123","80","100.64.0.5","49034","1448","2746317322","1229420231","2366588629","3309568675"
"06:15:25.041164","1500","47.74.8.123","80","100.64.0.5","49034","1448","2746318770","1229420231","2366588660","3309568705"
"06:15:25.071249","1500","47.74.8.123","80","100.64.0.5","49034","1448","2746320218","1229420231","2366588689","3309568735"
"06:15:25.102989","1500","47.74.8.123","80","100.64.0.5","49034","1448","2746321666","1229420231","2366588720","3309568796"
"06:15:25.132250","1500","47.74.8.123","80","100.64.0.5","49034","1448","2746323114","1229420231","2366588720","3309568796"
"06:15:25.162089","1500","47.74.8.123","80","100.64.0.5","49034","1448","2746324562","1229420231","2366588750","3309568825"
"06:15:25.194122","1500","47.74.8.123","80","100.64.0.5","49034","1448","2746327458","1229420231","2366588780","3309568855"
"06:15:25.223258","1500","47.74.8.123","80","100.64.0.5","49034","1448","2746328906","1229420231","2366588812","3309568886"
"06:15:25.253322","1500","47.74.8.123","80","100.64.0.5","49034","1448","2746330354","1229420231","2366588841","3309568916"
"06:15:25.284437","1500","47.74.8.123","80","100.64.0.5","49034","1448","2746331802","1229420231","2366588902","3309568947"
"06:15:25.315021","1500","47.74.8.123","80","100.64.0.5","49034","1448","2746333250","1229420231","2366588932","3309569007"
"06:15:25.344133","1500","47.74.8.123","80","100.64.0.5","49034","1448","2746334698","1229420231","2366588932","3309569007"
"06:15:25.375297","1500","47.74.8.123","80","100.64.0.5","49034","1448","2746336146","1229420231","2366588962","3309569037"
"06:15:25.405866","1500","47.74.8.123","80","100.64.0.5","49034","1448","2746337594","1229420231","2366588992","3309569067"
"06:15:25.435209","1500","47.74.8.123","80","100.64.0.5","49034","1448","2746339042","1229420231","2366589053","3309569099"
"06:15:25.465336","1500","47.74.8.123","80","100.64.0.5","49034","1448","2746340490","1229420231","2366589083","3309569158"
"06:15:25.496466","1500","47.74.8.123","80","100.64.0.5","49034","1448","2746341938","1229420231","2366589083","3309569158"
"06:15:25.526981","1500","47.74.8.123","80","100.64.0.5","49034","1448","2746343386","1229420231","2366589144","3309569190"
"06:15:25.556858","1500","47.74.8.123","80","100.64.0.5","49034","1448","2746344834","1229420231","2366589144","3309569190"
"06:15:25.588011","1500","47.74.8.123","80","100.64.0.5","49034","1448","2746326010","1229420231","2366589175","3309569249"
"06:15:25.617995","1500","47.74.8.123","80","100.64.0.5","49034","1448","2746346282","1229420231","2366589265","3309569311"
"06:15:25.647131","1500","47.74.8.123","80","100.64.0.5","49034","1448","2746347730","1229420231","2366589296","3309569371"
"06:15:25.678281","1500","47.74.8.123","80","100.64.0.5","49034","1448","2746349178","1229420231","2366589356","3309569431"
"06:15:25.738253","1500","47.74.8.123","80","100.64.0.5","49034","1448","2746350626","1229420231","2366589478","3309569523"
"06:15:25.768394","1500","47.74.8.123","80","100.64.0.5","49034","1448","2746352074","1229420231","2366589478","3309569553"
"06:15:25.799135","1500","47.74.8.123","80","100.64.0.5","49034","1448","2746353522","1229420231","2366589538","3309569584"
"06:15:25.829483","1500","47.74.8.123","80","100.64.0.5","49034","1448","2746354970","1229420231","2366589568","3309569614"
"06:15:25.859863","1500","47.74.8.123","80","100.64.0.5","49034","1448","2746356418","1229420231","2366589568","3309569643"
"06:15:25.890994","1500","47.74.8.123","80","100.64.0.5","49034","1448","2746357866","1229420231","2366589599","3309569674"
"06:15:25.920589","1500","47.74.8.123","80","100.64.0.5","49034","1448","2746359314","1229420231","2366589659","3309569734"
"06:15:25.950685","1500","47.74.8.123","80","100.64.0.5","49034","1448","2746360762","1229420231","2366589689","3309569764"
"06:15:25.981399","1500","47.74.8.123","80","100.64.0.5","49034","1448","2746362210","1229420231","2366589720","3309569795"
"06:15:26.011592","1500","47.74.8.123","80","100.64.0.5","49034","1448","2746363658","1229420231","2366589720","3309569795"
"06:15:26.041733","1500","47.74.8.123","80","100.64.0.5","49034","1448","2746365106","1229420231","2366589750","3309569825"
"06:15:26.071846","1500","47.74.8.123","80","100.64.0.5","49034","1448","2746366554","1229420231","2366589782","3309569856"
"06:15:26.102735","1500","47.74.8.123","80","100.64.0.5","49034","1448","2746368002","1229420231","2366589842","3309569887"
"06:15:26.132674","1500","47.74.8.123","80","100.64.0.5","49034","1448","2746369450","1229420231","2366589871","3309569946"
"06:15:26.162464","1500","47.74.8.123","80","100.64.0.5","49034","1448","2746370898","1229420231","2366589871","3309569946"
"06:15:26.193321","1500","47.74.8.123","80","100.64.0.5","49034","1448","2746372346","1229420231","2366589903","3309569977"
"06:15:26.223156","1500","47.74.8.123","80","100.64.0.5","49034","1448","2746373794","1229420231","2366589932","3309570007"
"06:15:26.254036","1500","47.74.8.123","80","100.64.0.5","49034","1448","2746375242","1229420231","2366589932","3309570007"
"06:15:26.284849","1500","47.74.8.123","80","100.64.0.5","49034","1448","2746376690","1229420231","2366589963","3309570037"
"06:15:26.314967","1500","47.74.8.123","80","100.64.0.5","49034","1448","2746378138","1229420231","2366589993","3309570068"
"06:15:26.344568","1500","47.74.8.123","80","100.64.0.5","49034","1448","2746379586","1229420231","2366590023","3309570098"
"06:15:26.375704","1500","47.74.8.123","80","100.64.0.5","49034","1448","2746381034","1229420231","2366590053","3309570128"
"06:15:26.405787","1500","47.74.8.123","80","100.64.0.5","49034","1448","2746382482","1229420231","2366590083","3309570158"
"06:15:26.435921","1500","47.74.8.123","80","100.64.0.5","49034","1448","2746383930","1229420231","2366590114","3309570189"
"06:15:26.465585","1500","47.74.8.123","80","100.64.0.5","49034","1448","2746385378","1229420231","2366590144","3309570219"
"06:15:26.496690","1500","47.74.8.123","80","100.64.0.5","49034","1448","2746386826","1229420231","2366590206","3309570250"
"06:15:26.526801","1500","47.74.8.123","80","100.64.0.5","49034","1448","2746388274","1229420231","2366590206","3309570250"
"06:15:26.556980","1500","47.74.8.123","80","100.64.0.5","49034","1448","2746389722","1229420231","2366590266","3309570311"
"06:15:26.587397","1500","47.74.8.123","80","100.64.0.5","49034","1448","2746391170","1229420231","2366590266","3309570311"
"06:15:26.617509","1500","47.74.8.123","80","100.64.0.5","49034","1448","2746392618","1229420231","2366590296","3309570371"
"06:15:26.647732","1500","47.74.8.123","80","100.64.0.5","49034","1448","2746394066","1229420231","2366590296","3309570371"
"06:15:26.678196","1500","47.74.8.123","80","100.64.0.5","49034","1448","2746395514","1229420231","2366590326","3309570402"
"06:15:26.708558","1500","47.74.8.123","80","100.64.0.5","49034","1448","2746396962","1229420231","2366590386","3309570432"
"06:15:26.738683","1500","47.74.8.123","80","100.64.0.5","49034","1448","2746398410","1229420231","2366590417","3309570492"
"06:15:26.768380","1500","47.74.8.123","80","100.64.0.5","49034","1448","2746399858","1229420231","2366590417","3309570492"
"06:15:26.799497","1500","47.74.8.123","80","100.64.0.5","49034","1448","2746401306","1229420231","2366590448","3309570523"
"06:15:26.829172","1500","47.74.8.123","80","100.64.0.5","49034","1448","2746402754","1229420231","2366590448","3309570523"
"06:15:26.859296","1500","47.74.8.123","80","100.64.0.5","49034","1448","2746404202","1229420231","2366590509","3309570583"
"06:15:26.891060","1500","47.74.8.123","80","100.64.0.5","49034","1448","2746405650","1229420231","2366590509","3309570583"
"06:15:26.920194","1500","47.74.8.123","80","100.64.0.5","49034","1448","2746407098","1229420231","2366590568","3309570643"
"06:15:26.951024","1500","47.74.8.123","80","100.64.0.5","49034","1448","2746408546","1229420231","2366590568","3309570643"
"06:15:26.981145","1500","47.74.8.123","80","100.64.0.5","49034","1448","2746409994","1229420231","2366590629","3309570704"
"06:15:27.011238","1500","47.74.8.123","80","100.64.0.5","49034","1448","2746411442","1229420231","2366590629","3309570704"
"06:15:27.041371","1500","47.74.8.123","80","100.64.0.5","49034","1448","2746412890","1229420231","2366590689","3309570764"
"06:15:27.071506","1500","47.74.8.123","80","100.64.0.5","49034","1448","2746414338","1229420231","2366590689","3309570764"
"06:15:27.102181","1500","47.74.8.123","80","100.64.0.5","49034","1448","2746415786","1229420231","2366590750","3309570825"
"06:15:27.132316","1500","47.74.8.123","80","100.64.0.5","49034","1448","2746417234","1229420231","2366590750","3309570825"
"06:15:27.162410","1500","47.74.8.123","80","100.64.0.5","49034","1448","2746418682","1229420231","2366590841","3309570887"
"06:15:27.193160","1500","47.74.8.123","80","100.64.0.5","49034","1448","2746420130","1229420231","2366590841","3309570887"
"06:15:27.223299","1500","47.74.8.123","80","100.64.0.5","49034","1448","2746421578","1229420231","2366590902","3309570947"
"06:15:27.253964","1500","47.74.8.123","80","100.64.0.5","49034","1448","2746423026","1229420231","2366590902","3309570947"
"06:15:27.285116","1500","47.74.8.123","80","100.64.0.5","49034","1448","2746424474","1229420231","2366590932","3309571007"
"06:15:27.315084","1500","47.74.8.123","80","100.64.0.5","49034","1448","2746425922","1229420231","2366590932","3309571007"
"06:15:27.344237","1500","47.74.8.123","80","100.64.0.5","49034","1448","2746427370","1229420231","2366590992","3309571067"
"06:15:27.375314","1500","47.74.8.123","80","100.64.0.5","49034","1448","2746428818","1229420231","2366590992","3309571067"
"06:15:27.405445","1500","47.74.8.123","80","100.64.0.5","49034","1448","2746430266","1229420231","2366591053","3309571128"
"06:15:27.435576","1500","47.74.8.123","80","100.64.0.5","49034","1448","2746431714","1229420231","2366591053","3309571128"
"06:15:27.465714","1500","47.74.8.123","80","100.64.0.5","49034","1448","2746433162","1229420231","2366591114","3309571189"
"06:15:27.496847","1500","47.74.8.123","80","100.64.0.5","49034","1448","2746434610","1229420231","2366591114","3309571189"
"06:15:27.526965","1500","47.74.8.123","80","100.64.0.5","49034","1448","2746436058","1229420231","2366591114","3309571189"
"06:15:27.557081","702","47.74.8.123","80","100.64.0.5","49034","650","2746437506","1229420231","2366591114","3309571189"
"06:15:27.768436","52","47.74.8.123","80","100.64.0.5","49034","0","2746438156","1229420377","2366591508","3309571554"
"06:15:27.799970","1500","47.74.8.123","80","100.64.0.5","49034","1448","2746438156","1229420377","2366591509","3309571554"
"06:15:27.830124","1500","47.74.8.123","80","100.64.0.5","49034","1448","2746439604","1229420377","2366591509","3309571554"
"06:15:27.859336","1500","47.74.8.123","80","100.64.0.5","49034","1448","2746441052","1229420377","2366591509","3309571554"
"06:15:27.890476","1500","47.74.8.123","80","100.64.0.5","49034","1448","2746442500","1229420377","2366591509","3309571554"
"06:15:27.920724","1500","47.74.8.123","80","100.64.0.5","49034","1448","2746443948","1229420377","2366591509","3309571554"
"06:15:27.950864","1500","47.74.8.123","80","100.64.0.5","49034","1448","2746445396","1229420377","2366591509","3309571554"
"06:15:28.041808","1500","47.74.8.123","80","100.64.0.5","49034","1448","2746456980","1229420377","2366591780","3309571826"
"06:15:28.071197","1500","47.74.8.123","80","100.64.0.5","49034","1448","2746458428","1229420377","2366591780","3309571826"
"06:15:28.102427","1500","47.74.8.123","80","100.64.0.5","49034","1448","2746459876","1229420377","2366591811","3309571886"
"06:15:28.132413","1500","47.74.8.123","80","100.64.0.5","49034","1448","2746461324","1229420377","2366591811","3309571886"
"06:15:28.162588","1500","47.74.8.123","80","100.64.0.5","49034","1448","2746462772","1229420377","2366591872","3309571947"
"06:15:28.193736","1500","47.74.8.123","80","100.64.0.5","49034","1448","2746464220","1229420377","2366591872","3309571947"
"06:15:28.223727","1500","47.74.8.123","80","100.64.0.5","49034","1448","2746465668","1229420377","2366591962","3309572038"
"06:15:28.254044","1500","47.74.8.123","80","100.64.0.5","49034","1448","2746467116","1229420377","2366591993","3309572067"
"06:15:28.284848","1500","47.74.8.123","80","100.64.0.5","49034","1448","2746446844","1229420377","2366592024","3309572098"
"06:15:28.344971","1500","47.74.8.123","80","100.64.0.5","49034","1448","2746468564","1229420377","2366592084","3309572158"
"06:15:28.405762","1500","47.74.8.123","80","100.64.0.5","49034","1448","2746470012","1229420377","2366592144","3309572219"
"06:15:28.465942","1500","47.74.8.123","80","100.64.0.5","49034","1448","2746448292","1229420377","2366592206","3309572281"
"06:15:28.678185","1500","47.74.8.123","80","100.64.0.5","49034","1448","2746449740","1229420377","2366592417","3309572462"
"06:15:28.708343","1500","47.74.8.123","80","100.64.0.5","49034","1448","2746471460","1229420377","2366592417","3309572462"
"06:15:28.859392","1500","47.74.8.123","80","100.64.0.5","49034","1448","2746451188","1229420377","2366592599","3309572674"
"06:15:28.890590","1500","47.74.8.123","80","100.64.0.5","49034","1448","2746472908","1229420377","2366592599","3309572674"
"06:15:28.920726","1500","47.74.8.123","80","100.64.0.5","49034","1448","2746474356","1229420377","2366592629","3309572704"
"06:15:29.042014","1500","47.74.8.123","80","100.64.0.5","49034","1448","2746452636","1229420377","2366592781","3309572855"
"06:15:29.071458","1500","47.74.8.123","80","100.64.0.5","49034","1448","2746475804","1229420377","2366592781","3309572855"
"06:15:29.102458","1500","47.74.8.123","80","100.64.0.5","49034","1448","2746477252","1229420377","2366592811","3309572886"
"06:15:29.132603","1500","47.74.8.123","80","100.64.0.5","49034","1448","2746478700","1229420377","2366592841","3309572916"
"06:15:29.253882","1500","47.74.8.123","80","100.64.0.5","49034","1448","2746454084","1229420377","2366592992","3309573038"
"06:15:29.284108","1500","47.74.8.123","80","100.64.0.5","49034","1448","2746480148","1229420377","2366592992","3309573038"
"06:15:29.314601","1500","47.74.8.123","80","100.64.0.5","49034","1448","2746481596","1229420377","2366592992","3309573067"
"06:15:29.344748","1500","47.74.8.123","80","100.64.0.5","49034","1448","2746483044","1229420377","2366593024","3309573098"
"06:15:29.375864","1500","47.74.8.123","80","100.64.0.5","49034","1448","2746484492","1229420377","2366593053","3309573128"
"06:15:29.435585","1500","47.74.8.123","80","100.64.0.5","49034","1448","2746455532","1229420377","2366593175","3309573250"
"06:15:29.465705","1500","47.74.8.123","80","100.64.0.5","49034","1448","2746485940","1229420377","2366593175","3309573250"
"06:15:29.496862","1500","47.74.8.123","80","100.64.0.5","49034","1448","2746487388","1229420377","2366593206","3309573280"
"06:15:29.526485","1500","47.74.8.123","80","100.64.0.5","49034","1448","2746488836","1229420377","2366593235","3309573310"
"06:15:29.556734","1500","47.74.8.123","80","100.64.0.5","49034","1448","2746490284","1229420377","2366593265","3309573341"
"06:15:29.587850","1500","47.74.8.123","80","100.64.0.5","49034","1448","2746491732","1229420377","2366593297","3309573372"
"06:15:29.617826","1500","47.74.8.123","80","100.64.0.5","49034","1448","2746493180","1229420377","2366593356","3309573431"
"06:15:29.678550","1500","47.74.8.123","80","100.64.0.5","49034","1448","2746494628","1229420377","2366593419","3309573493"
"06:15:29.708734","1500","47.74.8.123","80","100.64.0.5","49034","1448","2746496076","1229420377","2366593419","3309573493"
"06:15:29.738640","1500","47.74.8.123","80","100.64.0.5","49034","1448","2746497524","1229420377","2366593477","3309573552"
"06:15:29.768797","1500","47.74.8.123","80","100.64.0.5","49034","1448","2746498972","1229420377","2366593477","3309573552"
"06:15:29.799799","1500","47.74.8.123","80","100.64.0.5","49034","1448","2746500420","1229420377","2366593539","3309573614"
"06:15:29.829933","1500","47.74.8.123","80","100.64.0.5","49034","1448","2746501868","1229420377","2366593539","3309573614"
"06:15:29.890799","1500","47.74.8.123","80","100.64.0.5","49034","1448","2746503316","1229420377","2366593630","3309573704"
"06:15:29.920935","1500","47.74.8.123","80","100.64.0.5","49034","1448","2746504764","1229420377","2366593630","3309573704"
"06:15:29.981869","1500","47.74.8.123","80","100.64.0.5","49034","1448","2746506212","1229420377","2366593720","3309573765"
"06:15:30.012152","1500","47.74.8.123","80","100.64.0.5","49034","1448","2746507660","1229420377","2366593720","3309573765"
"06:15:30.041116","1500","47.74.8.123","80","100.64.0.5","49034","1448","2746509108","1229420377","2366593780","3309573826"
"06:15:30.071240","1500","47.74.8.123","80","100.64.0.5","49034","1448","2746510556","1229420377","2366593780","3309573826"
"06:15:30.102468","1500","47.74.8.123","80","100.64.0.5","49034","1448","2746512004","1229420377","2366593780","3309573826"
"06:15:30.132465","1500","47.74.8.123","80","100.64.0.5","49034","1448","2746513452","1229420377","2366593780","3309573826"
"06:15:30.162676","1500","47.74.8.123","80","100.64.0.5","49034","1448","2746514900","1229420377","2366593871","3309573917"
"06:15:30.193796","1500","47.74.8.123","80","100.64.0.5","49034","1448","2746516348","1229420377","2366593871","3309573917"
"06:15:30.223449","1500","47.74.8.123","80","100.64.0.5","49034","1448","2746517796","1229420377","2366593963","3309574008"
"06:15:30.253632","1500","47.74.8.123","80","100.64.0.5","49034","1448","2746519244","1229420377","2366593963","3309574008"
"06:15:30.284856","1500","47.74.8.123","80","100.64.0.5","49034","1448","2746520692","1229420377","2366593992","3309574067"
"06:15:30.314736","1500","47.74.8.123","80","100.64.0.5","49034","1448","2746522140","1229420377","2366593992","3309574067"
"06:15:30.344973","1500","47.74.8.123","80","100.64.0.5","49034","1448","2746523588","1229420377","2366594053","3309574128"
"06:15:30.375580","1500","47.74.8.123","80","100.64.0.5","49034","1448","2746525036","1229420377","2366594053","3309574128"
"06:15:30.405799","1500","47.74.8.123","80","100.64.0.5","49034","1448","2746526484","1229420377","2366594115","3309574190"
"06:15:30.435362","1500","47.74.8.123","80","100.64.0.5","49034","1448","2746527932","1229420377","2366594115","3309574190"
"06:15:30.465561","1500","47.74.8.123","80","100.64.0.5","49034","1448","2746529380","1229420377","2366594175","3309574249"
"06:15:30.496172","1500","47.74.8.123","80","100.64.0.5","49034","1448","2746530828","1229420377","2366594175","3309574249"
"06:15:30.526654","1500","47.74.8.123","80","100.64.0.5","49034","1448","2746532276","1229420377","2366594235","3309574310"
"06:15:30.556282","1500","47.74.8.123","80","100.64.0.5","49034","1448","2746533724","1229420377","2366594235","3309574310"
"06:15:30.587497","1500","47.74.8.123","80","100.64.0.5","49034","1448","2746535172","1229420377","2366594296","3309574371"
"06:15:30.617321","1500","47.74.8.123","80","100.64.0.5","49034","1448","2746536620","1229420377","2366594296","3309574371"
"06:15:30.647564","1500","47.74.8.123","80","100.64.0.5","49034","1448","2746538068","1229420377","2366594356","3309574431"
"06:15:30.678123","1500","47.74.8.123","80","100.64.0.5","49034","1448","2746539516","1229420377","2366594356","3309574431"
"06:15:30.708408","1500","47.74.8.123","80","100.64.0.5","49034","1448","2746540964","1229420377","2366594356","3309574431"
"06:15:30.738963","1500","47.74.8.123","80","100.64.0.5","49034","1448","2746542412","1229420377","2366594356","3309574431"
"06:15:30.768728","1500","47.74.8.123","80","100.64.0.5","49034","1448","2746543860","1229420377","2366594417","3309574492"
"06:15:30.800047","1500","47.74.8.123","80","100.64.0.5","49034","1448","2746545308","1229420377","2366594417","3309574492"
"06:15:30.829247","1500","47.74.8.123","80","100.64.0.5","49034","1448","2746546756","1229420377","2366594477","3309574552"
"06:15:30.859298","1500","47.74.8.123","80","100.64.0.5","49034","1448","2746548204","1229420377","2366594477","3309574552"
"06:15:30.890417","1500","47.74.8.123","80","100.64.0.5","49034","1448","2746549652","1229420377","2366594538","3309574613"
"06:15:30.920525","1500","47.74.8.123","80","100.64.0.5","49034","1448","2746551100","1229420377","2366594538","3309574613"
"06:15:30.950105","1500","47.74.8.123","80","100.64.0.5","49034","1448","2746552548","1229420377","2366594599","3309574674"
"06:15:30.981205","1500","47.74.8.123","80","100.64.0.5","49034","1448","2746553996","1229420377","2366594599","3309574674"
"06:15:31.011455","1500","47.74.8.123","80","100.64.0.5","49034","1448","2746555444","1229420377","2366594689","3309574735"
"06:15:31.041133","1500","47.74.8.123","80","100.64.0.5","49034","1448","2746556892","1229420377","2366594689","3309574735"
"06:15:31.071272","1500","47.74.8.123","80","100.64.0.5","49034","1448","2746558340","1229420377","2366594750","3309574796"
"06:15:31.102957","1500","47.74.8.123","80","100.64.0.5","49034","1448","2746559788","1229420377","2366594750","3309574796"
"06:15:31.132110","1500","47.74.8.123","80","100.64.0.5","49034","1448","2746561236","1229420377","2366594780","3309574855"
"06:15:31.163082","1500","47.74.8.123","80","100.64.0.5","49034","1448","2746562684","1229420377","2366594780","3309574855"
"06:15:31.193212","1500","47.74.8.123","80","100.64.0.5","49034","1448","2746564132","1229420377","2366594841","3309574916"
"06:15:31.223255","1500","47.74.8.123","80","100.64.0.5","49034","1448","2746565580","1229420377","2366594841","3309574916"
"06:15:31.253391","1500","47.74.8.123","80","100.64.0.5","49034","1448","2746567028","1229420377","2366594902","3309574977"
"06:15:31.284549","1500","47.74.8.123","80","100.64.0.5","49034","1448","2746568476","1229420377","2366594902","3309574977"
"06:15:31.315080","1500","47.74.8.123","80","100.64.0.5","49034","1448","2746569924","1229420377","2366594962","3309575037"
"06:15:31.344181","1500","47.74.8.123","80","100.64.0.5","49034","1448","2746571372","1229420377","2366594962","3309575037"
"06:15:31.375428","1500","47.74.8.123","80","100.64.0.5","49034","1448","2746572820","1229420377","2366594962","3309575037"
"06:15:31.405935","1500","47.74.8.123","80","100.64.0.5","49034","1448","2746575716","1229420377","2366595053","3309575099"
"06:15:31.436075","1500","47.74.8.123","80","100.64.0.5","49034","1448","2746577164","1229420377","2366595053","3309575099"
"06:15:31.465556","1500","47.74.8.123","80","100.64.0.5","49034","1448","2746578612","1229420377","2366595114","3309575159"
"06:15:31.496678","1500","47.74.8.123","80","100.64.0.5","49034","1448","2746580060","1229420377","2366595114","3309575159"
"06:15:31.526709","1500","47.74.8.123","80","100.64.0.5","49034","1448","2746581508","1229420377","2366595144","3309575219"
"06:15:31.556860","1500","47.74.8.123","80","100.64.0.5","49034","1448","2746582956","1229420377","2366595144","3309575219"
"06:15:31.587453","1500","47.74.8.123","80","100.64.0.5","49034","1448","2746584404","1229420377","2366595205","3309575280"
"06:15:31.617566","1500","47.74.8.123","80","100.64.0.5","49034","1448","2746585852","1229420377","2366595265","3309575340"
"06:15:31.647788","1500","47.74.8.123","80","100.64.0.5","49034","1448","2746587300","1229420377","2366595265","3309575340"
"06:15:31.678633","1500","47.74.8.123","80","100.64.0.5","49034","1448","2746588748","1229420377","2366595327","3309575402"
"06:15:31.708798","1500","47.74.8.123","80","100.64.0.5","49034","1448","2746590196","1229420377","2366595327","3309575402"
"06:15:31.738402","1500","47.74.8.123","80","100.64.0.5","49034","1448","2746591644","1229420377","2366595387","3309575432"
"06:15:31.768549","1500","47.74.8.123","80","100.64.0.5","49034","1448","2746574268","1229420377","2366595417","3309575492"
"06:15:31.799597","1500","47.74.8.123","80","100.64.0.5","49034","1448","2746593092","1229420377","2366595478","3309575553"
"06:15:31.829701","1500","47.74.8.123","80","100.64.0.5","49034","1448","2746594540","1229420377","2366595538","3309575613"
"06:15:31.890444","1500","47.74.8.123","80","100.64.0.5","49034","1448","2746595988","1229420377","2366595631","3309575705"
"06:15:31.920620","1500","47.74.8.123","80","100.64.0.5","49034","1448","2746597436","1229420377","2366595659","3309575734"
"06:15:31.950559","1500","47.74.8.123","80","100.64.0.5","49034","1448","2746598884","1229420377","2366595689","3309575764"
"06:15:31.981689","1500","47.74.8.123","80","100.64.0.5","49034","1448","2746600332","1229420377","2366595689","3309575764"
"06:15:32.011729","1500","47.74.8.123","80","100.64.0.5","49034","1448","2746601780","1229420377","2366595751","3309575825"
"06:15:32.041839","1500","47.74.8.123","80","100.64.0.5","49034","1448","2746603228","1229420377","2366595751","3309575825"
"06:15:32.102656","1500","47.74.8.123","80","100.64.0.5","49034","1448","2746604676","1229420377","2366595842","3309575916"
"06:15:32.132779","1500","47.74.8.123","80","100.64.0.5","49034","1448","2746606124","1229420377","2366595842","3309575916"
"06:15:32.162838","1500","47.74.8.123","80","100.64.0.5","49034","1448","2746607572","1229420377","2366595902","3309575977"
"06:15:32.194051","1500","47.74.8.123","80","100.64.0.5","49034","1448","2746609020","1229420377","2366595902","3309575977"
"06:15:32.223187","1500","47.74.8.123","80","100.64.0.5","49034","1448","2746610468","1229420377","2366595963","3309576038"
"06:15:32.253293","1500","47.74.8.123","80","100.64.0.5","49034","1448","2746611916","1229420377","2366595963","3309576038"
"06:15:32.285018","1500","47.74.8.123","80","100.64.0.5","49034","1448","2746613364","1229420377","2366595963","3309576038"
"06:15:32.344544","1500","47.74.8.123","80","100.64.0.5","49034","1448","2746614812","1229420378","2366596055","3309576112"
