10, 9, [9],[[0.     0.     0.     0.     0.0326 0.     0.     0.0001 0.0007 0.0001
  0.9665 0.    ]], [10],1
7, 22, [22],[[0.0007 0.     0.     0.     0.     0.0005 0.0059 0.9929 0.     0.
  0.     0.    ]], [7],1
10, 6, [6],[[0.0001 0.     0.0002 0.     0.1037 0.0004 0.     0.0001 0.8661 0.0026
  0.0269 0.    ]], [8],1
1, 28, [28],[[0. 1. 0. 0. 0. 0. 0. 0. 0. 0. 0. 0.]], [1],1
3, 16, [16],[[0.     0.0001 0.     0.9998 0.     0.     0.     0.     0.     0.
  0.     0.    ]], [3],1
9, 5, [5],[[0. 0. 0. 0. 0. 0. 0. 0. 0. 0. 0. 1.]], [11],1
1, 8, [8],[[0.     0.9903 0.     0.0001 0.0047 0.     0.     0.0001 0.0046 0.
  0.     0.0002]], [1],1
8, 14, [14 29],[[0.     0.     0.     0.     0.5646 0.     0.     0.     0.4354 0.
  0.     0.    ]
 [0.     0.     0.     0.     0.     0.     0.     0.     1.     0.
  0.     0.    ]], [4 8],2
9, 12, [12],[[0.     0.     0.     0.     0.0002 0.     0.     0.0001 0.     0.936
  0.0637 0.    ]], [9],1
9, 2, [2],[[0. 0. 0. 0. 0. 0. 0. 0. 0. 1. 0. 0.]], [9],1
2, 20, [20],[[0.0587 0.     0.0002 0.     0.     0.0009 0.2154 0.7248 0.     0.
  0.     0.    ]], [7],1
0, 5, [ 5  3 13  3 13  3 13],[[0.4012 0.     0.3625 0.1621 0.     0.     0.0389 0.0352 0.     0.
  0.     0.    ]
 [0.6002 0.     0.0693 0.     0.     0.     0.1847 0.1458 0.     0.
  0.     0.    ]
 [0.2892 0.     0.     0.     0.     0.     0.3902 0.3206 0.     0.
  0.     0.    ]
 [0.6449 0.     0.     0.     0.     0.     0.1984 0.1567 0.     0.
  0.     0.    ]
 [0.2892 0.     0.     0.     0.     0.     0.3902 0.3206 0.     0.
  0.     0.    ]
 [0.6449 0.     0.     0.     0.     0.     0.1984 0.1567 0.     0.
  0.     0.    ]
 [1.     1.     1.     1.     1.     1.     1.     1.     1.     1.
  1.     1.    ]], [0 0 6 0 6 0 6],7
